# Body fitted drag for model part FluidModelPart.Drag_structure
# Time Fx Fy Fz
0.1 1165.56075783 0.13321820 -0.00000000
0.15000000000000002 2714.92187602 0.37567528 -0.00000000
0.2 4494.74227149 0.66321890 -0.00000000
0.25 6332.70068868 0.91187280 -0.00000000
0.3 8050.72323173 1.02532157 -0.00000000
0.35 9476.31026634 0.90384941 -0.00000000
0.39999999999999997 10457.65972114 0.45807657 -0.00000000
0.44999999999999996 10881.93020669 -0.37710879 -0.00000000
0.49999999999999994 10510.07290770 -3.09480650 -0.00000000
0.5499999999999999 9057.88884820 -6.15512966 -0.00000000
0.6 5989.59126935 -10.25079427 -0.00000000
0.65 3169.10655842 -11.79990436 -0.00000000
0.7000000000000001 1346.13195570 -9.99179738 -0.00000000
0.7500000000000001 854.00952153 -5.34511244 -0.00000000
0.8000000000000002 1567.78564141 0.48312818 -0.00000000
0.8500000000000002 2611.66164546 3.88808679 -0.00000000
0.9000000000000002 3975.79468218 6.08818451 -0.00000000
0.9500000000000003 5394.79435418 6.51311940 -0.00000000
1.0000000000000002 6615.59103158 4.93420635 -0.00000000
1.0500000000000003 7479.45569025 1.49252420 -0.00000000
1.1000000000000003 7925.61838060 -3.31649679 -0.00000000
1.1500000000000004 8000.10859339 -8.69037165 -0.00000000
1.2000000000000004 7831.62015381 -13.62503824 -0.00000000
1.2500000000000004 7713.78417628 -15.28204802 -0.00000000
1.3000000000000005 7626.11517687 -16.22689696 -0.00000000
1.3500000000000005 7632.11792577 -16.34749419 -0.00000000
1.4000000000000006 7772.98154207 -15.60627645 -0.00000000
1.4500000000000006 8068.84318317 -14.07073462 -0.00000000
1.5000000000000007 8511.78150520 -11.93227239 -0.00000000
1.5500000000000007 9068.17283459 -9.50294409 -0.00000000
1.6000000000000008 9682.57995808 -7.19032657 -0.00000000
1.6500000000000008 10284.70717137 -5.45477943 -0.00000000
1.7000000000000008 10798.24333594 -4.75501735 -0.00000000
1.7500000000000009 11150.59034249 -5.48743535 -0.00000000
1.800000000000001 11282.27024180 -7.92394615 -0.00000000
1.850000000000001 11154.70929920 -12.15360672 -0.00000000
1.900000000000001 10755.19367272 -18.03598470 -0.00000000
1.950000000000001 10098.16079811 -25.17777643 -0.00000000
2.000000000000001 9222.61908756 -32.94585005 -0.00000000
2.0500000000000007 8186.23615742 -40.52638135 -0.00000000
2.1000000000000005 7057.28764933 -47.03020882 -0.00000000
2.1500000000000004 5906.01101264 -51.63108794 -0.00000000
2.2 4796.86995413 -53.71108793 -0.00000000
2.25 3782.85459323 -52.98131583 -0.00000000
2.3 2902.37483877 -49.54948658 -0.00000000
2.3499999999999996 2178.73236995 -43.91781655 -0.00000000
2.3999999999999995 1621.71737695 -36.91119887 -0.00000000
2.4499999999999993 897.23875156 -22.05235671 -0.00000000
2.499999999999999 524.42075312 -5.97566160 -0.00000000
2.549999999999999 757.15265372 -1.93482685 -0.00000000
2.5999999999999988 1341.41057719 -9.96453381 -0.00000000
2.6499999999999986 2000.73309779 -26.27685979 -0.00000000
2.6999999999999984 2562.56264797 -45.03875215 -0.00000000
2.7499999999999982 2975.09860310 -60.44831452 -0.00000000
2.799999999999998 3298.79294763 -68.48496865 -0.00000000
2.849999999999998 3655.00239030 -67.91624159 -0.00000000
2.8999999999999977 4166.88265199 -60.37111030 -0.00000000
2.9499999999999975 4913.23475724 -49.54668254 -0.00000000
2.9999999999999973 5907.38257468 -39.85806976 -0.00000000
3.049999999999997 7101.62892793 -34.91630884 -0.00000000
3.099999999999997 8409.32239679 -36.48653393 -0.00000000
3.149999999999997 9733.43218914 -44.19932970 -0.00000000
3.1999999999999966 10991.49975747 -55.85891700 -0.00000000
3.2499999999999964 12130.15096714 -68.39233837 -0.00000000
3.2999999999999963 12527.94141900 -71.97270309 -0.00000000
3.349999999999996 13049.29363323 -75.51490383 -0.00000000
3.399999999999996 13706.74862270 -79.09212038 -0.00000000
3.4499999999999957 14497.17343647 -82.77387453 -0.00000000
3.4999999999999956 15358.33850648 -86.64864334 -0.00000000
3.5499999999999954 16203.02951368 -90.85584422 -0.00000000
3.599999999999995 17505.43464002 -99.87761078 -0.00000000
3.649999999999995 18243.38374279 -110.80536634 -0.00000000
3.699999999999995 17735.58101282 -118.05555804 -0.00000000
3.7499999999999947 16435.30793890 -124.42696672 -0.00000000
3.7999999999999945 14906.53290336 -131.09217734 -0.00000000
3.8499999999999943 13533.16045558 -136.92628660 -0.00000000
3.899999999999994 12439.87277871 -140.28560626 -0.00000000
3.949999999999994 11536.84945332 -141.00290237 -0.00000000
3.999999999999994 10647.69064232 -140.81820358 -0.00000000
4.049999999999994 9626.55687240 -142.16440678 -0.00000000
4.099999999999993 8418.12705766 -146.54552684 -0.00000000
4.149999999999993 7057.20091582 -153.68628095 -0.00000000
4.199999999999993 5632.12778127 -161.23712522 -0.00000000
4.249999999999993 4242.70882256 -166.09883880 -0.00000000
4.299999999999993 2972.98978063 -167.00951546 -0.00000000
4.3499999999999925 1880.15965965 -163.92454657 -0.00000000
4.399999999999992 997.42044025 -158.31324831 -0.00000000
4.449999999999992 340.67972418 -152.84089859 -0.00000000
4.499999999999992 -84.53528250 -149.64121069 -0.00000000
4.549999999999992 -177.53482713 -149.45970835 -0.00000000
4.599999999999992 -226.71031646 -150.15877360 -0.00000000
4.6499999999999915 -177.33246833 -151.39786975 -0.00000000
4.699999999999991 18.12355975 -152.82814740 -0.00000000
4.749999999999991 430.24730014 -154.20801325 -0.00000000
4.799999999999991 1720.00041442 -157.00972021 -0.00000000
4.849999999999991 3899.45707034 -161.64040789 -0.00000000
4.899999999999991 5781.87624351 -167.74852185 -0.00000000
4.94999999999999 7307.31005560 -174.49906793 -0.00000000
4.99999999999999 8618.37208437 -180.41577447 -0.00000000
5.04999999999999 9947.03312338 -184.44249727 -0.00000000
5.09999999999999 11459.31065439 -186.61500410 -0.00000000
5.14999999999999 13194.92124775 -188.18416284 -0.00000000
5.1999999999999895 15074.73816440 -191.14840256 -0.00000000
5.249999999999989 16955.12753211 -197.39930197 -0.00000000
5.299999999999989 18690.29521029 -207.87309308 -0.00000000
5.349999999999989 20175.43488130 -222.09605667 -0.00000000
5.399999999999989 21360.57653325 -238.33117627 -0.00000000
5.449999999999989 21738.65374887 -243.61337988 -0.00000000
5.4999999999999885 22195.17051263 -251.26889654 -0.00000000
5.549999999999988 22700.22791344 -261.59842530 -0.00000000
5.599999999999988 23192.98262826 -274.27141123 -0.00000000
5.649999999999988 23551.86339861 -288.58558686 -0.00000000
5.699999999999988 23645.80953042 -303.76932273 -0.00000000
5.749999999999988 23354.91760190 -319.16828073 -0.00000000
5.799999999999987 21913.72296143 -347.10316324 -0.00000000
5.849999999999987 19180.04690206 -368.40357522 -0.00000000
5.899999999999987 16869.70809216 -366.49151819 -0.00000000
5.949999999999987 15148.08161802 -354.53069562 -0.00000000
5.999999999999987 13775.68003740 -345.54818442 -0.00000000
6.0499999999999865 12373.58060065 -345.71042970 -0.00000000
6.099999999999986 10701.01914924 -355.56585205 -0.00000000
6.149999999999986 8735.73199359 -370.68546622 -0.00000000
6.199999999999986 6622.05680243 -384.22804632 -0.00000000
6.249999999999986 4561.09297126 -390.47138139 -0.00000000
6.299999999999986 3219.44295494 -388.68949162 -0.00000000
6.349999999999985 2418.76926553 -385.50349010 -0.00000000
6.399999999999985 1412.66850876 -381.03991723 -0.00000000
6.449999999999985 239.33985157 -376.20247577 -0.00000000
6.499999999999985 -970.84187541 -371.55785030 -0.00000000
6.549999999999985 -2042.52950093 -367.31743160 -0.00000000
6.5999999999999845 -2791.77351218 -363.42197249 -0.00000000
6.649999999999984 -3246.22772526 -356.80420386 -0.00000000
6.699999999999984 -2185.05062420 -349.76007709 -0.00000000
6.749999999999984 -71.08266466 -346.56444575 -0.00000000
6.799999999999984 2386.78612925 -348.31347635 -0.00000000
6.849999999999984 4717.43583964 -355.97954939 -0.00000000
6.8999999999999835 6796.11344356 -368.16939197 -0.00000000
6.949999999999983 8724.87504115 -380.89133077 -0.00000000
6.999999999999983 10688.50909043 -389.57273878 -0.00000000
7.049999999999983 12828.88223706 -391.72299419 -0.00000000
7.099999999999983 15185.55089934 -388.40626630 -0.00000000
7.149999999999983 17697.16265017 -383.66586865 -0.00000000
7.199999999999982 20238.73177753 -382.37935261 -0.00000000
7.249999999999982 22668.04902967 -387.83146094 -0.00000000
7.299999999999982 24274.28705045 -396.07285928 -0.00000000
7.349999999999982 25264.85241958 -402.11813940 -0.00000000
7.399999999999982 26560.33227075 -410.78027743 -0.00000000
7.4499999999999815 28123.10708754 -420.96359043 -0.00000000
7.499999999999981 29788.64530153 -431.36614252 -0.00000000
7.549999999999981 33438.06759954 -461.49473786 -0.00000000
7.599999999999981 34018.77129871 -479.71858136 -0.00000000
7.649999999999981 32371.72302555 -493.63150021 -0.00000000
7.699999999999981 29934.00686503 -502.67953993 -0.00000000
7.7499999999999805 27755.47133916 -500.82176341 -0.00000000
7.79999999999998 26135.10991925 -486.57032828 -0.00000000
7.84999999999998 24803.32018231 -467.08364628 -0.00000000
7.89999999999998 23334.95832846 -453.52215582 -0.00000000
7.94999999999998 21454.27116651 -452.96535584 -0.00000000
7.99999999999998 19121.17864772 -463.68896371 -0.00000000
8.04999999999998 16462.96227693 -476.71863666 -0.00000000
8.09999999999998 13663.60767285 -481.21837852 -0.00000000
8.14999999999998 10889.62361701 -471.67765853 -0.00000000
8.199999999999982 8266.11421232 -450.34975280 -0.00000000
8.249999999999982 5873.58903338 -423.71075971 -0.00000000
8.299999999999983 3758.14955463 -399.40804526 -0.00000000
8.349999999999984 1945.62661093 -382.66046086 -0.00000000
8.399999999999984 455.83297700 -373.96721772 -0.00000000
8.449999999999985 -402.30663661 -370.44167253 -0.00000000
8.499999999999986 -872.10364191 -367.40642582 -0.00000000
8.549999999999986 -1367.13940098 -361.52544293 -0.00000000
8.599999999999987 -1780.31709822 -353.67490671 -0.00000000
8.649999999999988 -2011.01629914 -332.04702105 -0.00000000
8.699999999999989 -950.32806141 -322.32315010 -0.00000000
8.74999999999999 998.68985484 -317.38982390 -0.00000000
8.79999999999999 3375.88813882 -311.50038665 -0.00000000
8.84999999999999 5910.71905401 -305.66801702 -0.00000000
8.899999999999991 8522.56129688 -300.47642436 -0.00000000
8.949999999999992 11243.21785414 -296.42685947 -0.00000000
8.999999999999993 14121.47796033 -292.82264949 -0.00000000
9.049999999999994 17163.88785235 -287.50325438 -0.00000000
9.099999999999994 20320.56360931 -278.23733090 -0.00000000
9.149999999999995 23500.56648845 -264.00292813 -0.00000000
9.199999999999996 26598.07159927 -246.21960792 -0.00000000
9.249999999999996 29514.35068298 -226.55648506 -0.00000000
9.299999999999997 32168.77515955 -203.77310913 -0.00000000
9.349999999999998 34491.60721070 -178.57359386 -0.00000000
9.399999999999999 36430.05166418 -150.98220606 -0.00000000
9.45 37949.35935970 -121.25109199 -0.00000000
9.5 38460.40548446 -103.56277814 -0.00000000
9.55 39094.60247732 -76.82520944 -0.00000000
9.600000000000001 39737.21756877 -40.23437066 -0.00000000
9.650000000000002 40554.17748076 49.53209608 -0.00000000
9.700000000000003 39586.11263809 82.87378285 -0.00000000
9.750000000000004 37571.45224523 102.12417626 -0.00000000
9.800000000000004 35264.16113265 136.14787583 -0.00000000
9.850000000000005 32971.08247785 187.14460568 -0.00000000
9.900000000000006 30618.50427433 244.00404921 -0.00000000
9.950000000000006 28025.55442659 298.29363861 -0.00000000
10.000000000000007 25119.22628071 349.05113166 -0.00000000
10.050000000000008 17882.26134824 427.71015129 -0.00000000
10.100000000000009 10734.01160999 470.06772335 -0.00000000
10.15000000000001 5942.17126544 485.66649613 -0.00000000
10.20000000000001 3434.82800344 519.92054816 -0.00000000
10.25000000000001 2031.91571795 581.39365869 -0.00000000
10.300000000000011 672.64515986 654.14807125 -0.00000000
10.350000000000012 -1055.95386916 700.07800238 -0.00000000
10.400000000000013 -3011.71251303 689.78721512 -0.00000000
10.450000000000014 -3806.14505687 657.92362117 -0.00000000
10.500000000000014 -4825.68430514 607.03111578 -0.00000000
10.550000000000015 -5873.00883016 548.63289975 -0.00000000
10.600000000000016 -7666.18570533 458.67676509 -0.00000000
10.650000000000016 -7088.95858644 469.22710459 -0.00000000
10.700000000000017 -4901.86727333 517.63190306 -0.00000000
10.750000000000018 -2015.99306232 536.42090447 -0.00000000
10.800000000000018 939.16089921 516.95344930 -0.00000000
10.85000000000002 3724.33858205 480.52945023 -0.00000000
10.90000000000002 6409.64306797 458.57685227 -0.00000000
10.95000000000002 9181.44839337 470.63732864 -0.00000000
11.000000000000021 12180.69798245 516.52664128 -0.00000000
11.050000000000022 15429.98498544 583.25913754 -0.00000000
11.100000000000023 18839.87155038 656.71619515 -0.00000000
11.150000000000023 22257.17045897 729.50863311 -0.00000000
11.200000000000024 25518.73531558 801.81850446 -0.00000000
11.250000000000025 28488.90882169 878.60586999 -0.00000000
11.300000000000026 31076.45586509 966.08387954 -0.00000000
11.350000000000026 33232.72179726 1067.67043220 -0.00000000
11.400000000000027 34938.39384189 1183.43354094 -0.00000000
11.450000000000028 36186.34645152 1310.65887114 -0.00000000
11.500000000000028 36558.53002253 1375.38655467 -0.00000000
11.55000000000003 36971.70188873 1478.61415802 -0.00000000
11.60000000000003 37297.60635126 1615.96419574 -0.00000000
11.65000000000003 37196.29617108 1975.54150278 -0.00000000
11.700000000000031 35746.78059731 2135.00312716 -0.00000000
11.750000000000032 33568.01425296 2192.46336240 -0.00000000
11.800000000000033 31188.24076371 2242.85011734 -0.00000000
11.850000000000033 28766.23976203 2323.79281009 -0.00000000
11.900000000000034 26209.79964773 2427.18422972 -0.00000000
11.950000000000035 23392.81362153 2531.77245570 -0.00000000
12.000000000000036 20298.94402313 2623.18528076 -0.00000000
12.050000000000036 17025.19387122 2699.02536167 -0.00000000
12.100000000000037 13714.52190940 2763.60328433 -0.00000000
12.150000000000038 10496.78996876 2816.69606906 -0.00000000
12.200000000000038 7467.22483779 2851.67780757 -0.00000000
12.250000000000039 4684.38579908 2866.25375165 -0.00000000
12.30000000000004 2168.97509905 2871.39174714 -0.00000000
12.35000000000004 -22.32603947 2864.47819515 -0.00000000
12.400000000000041 -1798.40377244 2838.74450197 -0.00000000
12.450000000000042 -3093.76216741 2813.97010961 -0.00000000
12.500000000000043 -3864.12097162 2779.57737769 -0.00000000
12.550000000000043 -4039.53886802 2753.26742028 -0.00000000
12.600000000000044 -4111.35929139 2720.34911666 -0.00000000
12.650000000000045 -3923.46268446 2684.78813528 -0.00000000
12.700000000000045 -2171.94943003 2634.40079596 -0.00000000
12.750000000000046 122.68654668 2640.51163232 -0.00000000
12.800000000000047 2527.01629491 2658.46588584 -0.00000000
12.850000000000048 4958.91774842 2681.39617029 -0.00000000
12.900000000000048 7557.48171619 2726.48368093 -0.00000000
12.950000000000049 10456.32256559 2806.92767648 -0.00000000
13.00000000000005 13673.56035324 2915.99076135 -0.00000000
13.05000000000005 17106.68455369 3036.35388952 -0.00000000
13.100000000000051 20593.55424130 3157.59980876 -0.00000000
13.150000000000052 23976.11459307 3280.98592382 -0.00000000
13.200000000000053 27136.97063929 3413.86831111 -0.00000000
13.250000000000053 30004.07547163 3562.42763289 -0.00000000
13.300000000000054 32533.59634591 3729.86893259 -0.00000000
13.350000000000055 34692.63127059 3914.72803162 -0.00000000
13.400000000000055 36446.91559689 4110.10215511 -0.00000000
13.450000000000056 37443.02359653 4264.88090732 -0.00000000
13.500000000000057 37984.74478832 4379.73900795 -0.00000000
13.550000000000058 38554.73996247 4542.95378839 -0.00000000
13.600000000000058 39014.74096160 4749.78748211 -0.00000000
13.650000000000059 39080.33427833 5274.32143609 -0.00000000
13.70000000000006 37595.57650867 5488.26280905 -0.00000000
13.75000000000006 35266.10673941 5556.62385054 -0.00000000
13.800000000000061 32703.76078175 5621.27350680 -0.00000000
13.850000000000062 30130.45054473 5729.58583896 -0.00000000
13.900000000000063 27479.37328080 5860.19733307 -0.00000000
13.950000000000063 24613.50834404 5978.08640619 -0.00000000
14.000000000000064 21485.86366753 6064.55000418 -0.00000000
14.050000000000065 18166.97642151 6119.34550203 -0.00000000
14.100000000000065 14789.22533483 6149.92761550 -0.00000000
14.150000000000066 11482.72803456 6163.37984334 -0.00000000
14.200000000000067 8350.68660021 6166.76782350 -0.00000000
14.250000000000068 5468.42215388 6164.65520163 -0.00000000
14.300000000000068 2892.49126484 6157.35676194 -0.00000000
14.350000000000069 669.38161628 6136.17774378 -0.00000000
14.40000000000007 -1145.88290816 6099.44344924 -0.00000000
14.45000000000007 -1766.65920344 6078.68182415 -0.00000000
14.500000000000071 -2542.91494919 6041.71214711 -0.00000000
14.550000000000072 -3350.62249308 5996.19068631 -0.00000000
14.600000000000072 -4694.94952008 5940.70190085 -0.00000000
14.650000000000073 -4155.75877828 5984.56006974 -0.00000000
14.700000000000074 -2334.10769772 6015.97777461 -0.00000000
14.750000000000075 60.79925028 6017.41168762 -0.00000000
14.800000000000075 2586.80333420 5996.72657949 -0.00000000
14.850000000000076 5121.05439533 5977.27727832 -0.00000000
14.900000000000077 7745.42754668 5973.26804012 -0.00000000
14.950000000000077 10577.31174941 5981.41077322 -0.00000000
15.000000000000078 13660.93686395 5991.90267962 -0.00000000
15.050000000000079 16943.81379010 5998.93813895 -0.00000000
15.10000000000008 20310.17740081 6002.24641414 -0.00000000
15.15000000000008 23627.57340481 6003.76229817 -0.00000000
15.200000000000081 26778.23627532 6005.28973018 -0.00000000
15.250000000000082 29670.16302951 6007.79379769 -0.00000000
15.300000000000082 32234.00973279 6012.68834287 -0.00000000
15.350000000000083 34415.16866530 6023.54397159 -0.00000000
15.400000000000084 36178.16941715 6052.51559643 -0.00000000
15.450000000000085 37171.69653087 6085.04264700 -0.00000000
15.500000000000085 37708.35245853 6110.60963087 -0.00000000
15.550000000000086 38261.94658853 6138.33955864 -0.00000000
15.600000000000087 38932.94292696 6172.22682930 -0.00000000
15.650000000000087 38510.99345826 6164.52055932 -0.00000000
15.700000000000088 36911.41451912 6130.50104449 -0.00000000
15.750000000000089 34690.79523753 6107.80235022 -0.00000000
15.80000000000009 32260.39612004 6093.91684239 -0.00000000
15.85000000000009 29729.56186431 6069.88115875 -0.00000000
15.900000000000091 27035.20478457 6024.83147611 -0.00000000
15.950000000000092 24096.17257302 5962.92826252 -0.00000000
16.000000000000092 20911.22608351 5894.57985909 -0.00000000
16.050000000000093 17564.97067752 5827.22472795 -0.00000000
16.100000000000094 14179.55902384 5761.56228051 -0.00000000
16.150000000000095 10872.24945767 5696.14303048 -0.00000000
16.200000000000095 7735.68335517 5631.28557830 -0.00000000
16.250000000000096 4840.91180476 5570.09061970 -0.00000000
16.300000000000097 2251.49452393 5517.11348392 -0.00000000
16.350000000000097 14.21981913 5478.25043407 -0.00000000
16.400000000000098 -1821.36872146 5445.91006203 -0.00000000
16.4500000000001 -3201.27999546 5406.76118967 -0.00000000
16.5000000000001 -3633.60911389 5383.03386386 -0.00000000
16.5500000000001 -4095.77213709 5348.33081400 -0.00000000
16.6000000000001 -4444.90795602 5308.92772581 -0.00000000
16.6500000000001 -4343.00747504 5250.71944669 -0.00000000
16.700000000000102 -2972.18051071 5284.65635245 -0.00000000
16.750000000000103 -849.94099536 5301.34224194 -0.00000000
16.800000000000104 1600.01647636 5251.59190183 -0.00000000
16.850000000000104 4196.18947206 5159.55397928 -0.00000000
16.900000000000105 6935.15636403 5068.91686842 -0.00000000
16.950000000000106 9876.50123029 4999.92084790 -0.00000000
17.000000000000107 13041.18483353 4943.58434964 -0.00000000
17.050000000000107 16374.67785847 4879.71563883 -0.00000000
17.100000000000108 19766.14419860 4794.93255254 -0.00000000
17.15000000000011 23089.42322259 4688.44898789 -0.00000000
17.20000000000011 26235.07692877 4567.42182774 -0.00000000
17.25000000000011 29121.47915982 4439.34002514 -0.00000000
17.30000000000011 31688.85570830 4308.44297858 -0.00000000
17.35000000000011 33887.06517707 4177.67837943 -0.00000000
17.400000000000112 35672.05089302 4046.21063639 -0.00000000
17.450000000000113 37004.21367126 3912.46678559 -0.00000000
17.500000000000114 37667.61539000 3821.52134815 -0.00000000
17.550000000000114 37967.00543415 3759.50071261 -0.00000000
17.600000000000115 38160.23629844 3669.33662529 -0.00000000
17.650000000000116 37931.21104575 3449.17178621 -0.00000000
17.700000000000117 36386.78987921 3165.39398844 -0.00000000
17.750000000000117 34210.28843043 3006.05210706 -0.00000000
17.800000000000118 31806.30242418 2952.61022819 -0.00000000
17.85000000000012 29319.18587515 2938.54244631 -0.00000000
17.90000000000012 26669.63808826 2895.35064468 -0.00000000
17.95000000000012 23747.81762418 2797.99980964 -0.00000000
18.00000000000012 20532.83503160 2662.78985363 -0.00000000
18.05000000000012 17119.24582691 2521.64487783 -0.00000000
18.100000000000122 13658.66519477 2401.11331079 -0.00000000
18.150000000000123 10292.99293496 2311.02597451 -0.00000000
18.200000000000124 7122.48524548 2246.92043397 -0.00000000
18.250000000000124 4214.85604842 2198.77771693 -0.00000000
18.300000000000125 1615.48609040 2159.66918069 -0.00000000
18.350000000000126 -639.21213041 2126.77770326 -0.00000000
18.400000000000126 -2490.83358823 2097.25192020 -0.00000000
18.450000000000127 -3547.30658987 2077.75234525 -0.00000000
18.500000000000128 -4126.63406123 2066.40182514 -0.00000000
18.55000000000013 -4742.42709894 2054.99123642 -0.00000000
18.60000000000013 -5252.20938673 2046.01446545 -0.00000000
18.65000000000013 -5455.82989171 2050.25683697 -0.00000000
18.70000000000013 -4108.52126545 2074.58921729 -0.00000000
18.75000000000013 -1836.07700041 2070.13963581 -0.00000000
18.800000000000132 787.12867037 2028.50699678 -0.00000000
18.850000000000133 3480.16081415 1968.09011344 -0.00000000
18.900000000000134 6213.66601202 1906.49463018 -0.00000000
18.950000000000134 9079.10943909 1846.83304020 -0.00000000
19.000000000000135 12149.68837578 1780.10665290 -0.00000000
19.050000000000136 15411.16476555 1695.28036273 -0.00000000
19.100000000000136 18767.36538738 1587.23228519 -0.00000000
19.150000000000137 22084.88332635 1456.84228064 -0.00000000
19.200000000000138 25237.06349272 1307.52950157 -0.00000000
19.25000000000014 28126.49408162 1142.45443725 -0.00000000
19.30000000000014 30686.05754543 963.79741474 -0.00000000
19.35000000000014 32869.56687511 777.01281507 -0.00000000
19.40000000000014 34644.50937320 587.75807684 -0.00000000
19.45000000000014 35655.19390007 443.19091967 -0.00000000
19.500000000000142 36205.09556151 339.35476220 -0.00000000
19.550000000000143 36776.49494182 188.50122845 -0.00000000
19.600000000000144 37229.71171397 -5.62806371 -0.00000000
19.650000000000144 37227.02455593 -537.40229448 -0.00000000
19.700000000000145 35703.01956767 -770.35189520 -0.00000000
19.750000000000146 33341.64171529 -811.60976570 -0.00000000
19.800000000000146 30730.32027810 -810.83527344 -0.00000000
19.850000000000147 28097.47207451 -868.32325786 -0.00000000
19.900000000000148 25394.78182796 -1000.50207231 -0.00000000
19.95000000000015 22489.99953147 -1169.21632424 -0.00000000
20.00000000000015 19327.28795360 -1328.88938001 -0.00000000
20.05000000000015 15966.85979027 -1454.55375668 -0.00000000
20.10000000000015 12539.46441852 -1544.41395152 -0.00000000
20.15000000000015 9182.60540360 -1609.72638801 -0.00000000
20.200000000000152 6003.77240046 -1661.17845513 -0.00000000
20.250000000000153 3079.78458086 -1704.10596151 -0.00000000
20.300000000000153 466.34142126 -1739.15425906 -0.00000000
20.350000000000154 -1790.85800292 -1766.01558028 -0.00000000
20.400000000000155 -3632.41602124 -1786.33914165 -0.00000000
20.450000000000156 -4675.94187229 -1793.25733878 -0.00000000
20.500000000000156 -5244.71420992 -1794.94916652 -0.00000000
20.550000000000157 -5842.36421195 -1793.65127261 -0.00000000
20.600000000000158 -6329.56066420 -1793.03500544 -0.00000000
20.65000000000016 -6479.28854611 -1795.87494490 -0.00000000
20.70000000000016 -5116.85985724 -1803.24743627 -0.00000000
20.75000000000016 -2853.71359815 -1810.26350280 -0.00000000
20.80000000000016 -247.31202110 -1819.75185751 -0.00000000
20.85000000000016 2438.73387388 -1840.22284361 -0.00000000
20.900000000000162 5180.72837494 -1879.79204260 -0.00000000
20.950000000000163 8065.95141151 -1942.22294826 -0.00000000
21.000000000000163 11159.70662002 -2026.14008478 -0.00000000
21.050000000000164 14442.20742895 -2127.28415496 -0.00000000
21.100000000000165 17817.04275187 -2243.03761672 -0.00000000
21.150000000000166 21153.71347446 -2373.19764559 -0.00000000
21.200000000000166 24328.87711335 -2519.00955328 -0.00000000
21.250000000000167 27247.19726031 -2681.25941323 -0.00000000
21.300000000000168 29841.61568771 -2858.12496799 -0.00000000
21.35000000000017 32064.27040639 -3041.62312281 -0.00000000
21.40000000000017 33885.22470183 -3215.96609547 -0.00000000
21.45000000000017 35260.76063212 -3390.01765717 -0.00000000
21.50000000000017 35690.74936114 -3470.29696263 -0.00000000
21.55000000000017 36149.65827265 -3603.61179677 -0.00000000
21.600000000000172 36505.63507919 -3787.40819670 -0.00000000
21.650000000000173 36407.55556540 -4295.21066703 -0.00000000
21.700000000000173 34990.61031214 -4512.93287105 -0.00000000
21.750000000000174 32823.33792466 -4548.71262092 -0.00000000
21.800000000000175 30383.42486552 -4542.22412321 -0.00000000
21.850000000000176 27843.23047780 -4575.68793249 -0.00000000
21.900000000000176 25158.50309721 -4658.02522088 -0.00000000
21.950000000000177 22237.72372429 -4760.16539494 -0.00000000
22.000000000000178 19065.00405575 -4850.54858381 -0.00000000
22.05000000000018 15720.13691236 -4910.25889141 -0.00000000
22.10000000000018 12330.66376012 -4937.09111206 -0.00000000
22.15000000000018 9019.92526061 -4938.94710148 -0.00000000
22.20000000000018 5886.47181652 -4925.92197023 -0.00000000
22.25000000000018 2999.03343266 -4903.47064022 -0.00000000
22.300000000000182 415.26269230 -4876.82630404 -0.00000000
22.350000000000183 -1822.12932316 -4848.65691853 -0.00000000
22.400000000000183 -3655.49995373 -4825.09313343 -0.00000000
22.450000000000184 -5037.22152531 -4811.95300333 -0.00000000
22.500000000000185 -5458.43309413 -4807.11636509 -0.00000000
22.550000000000185 -5898.55831234 -4783.28421802 -0.00000000
22.600000000000186 -6220.34294231 -4745.31354725 -0.00000000
22.650000000000187 -6172.91632829 -4666.23021429 -0.00000000
22.700000000000188 -4727.24039213 -4605.95629806 -0.00000000
22.75000000000019 -2508.33987115 -4593.81703812 -0.00000000
22.80000000000019 5.11976910 -4585.76112070 -0.00000000
22.85000000000019 2592.84067864 -4568.03138282 -0.00000000
22.90000000000019 5285.15611995 -4551.01821548 -0.00000000
22.95000000000019 8184.11944670 -4549.53382506 -0.00000000
23.000000000000192 11340.35303152 -4568.70862402 -0.00000000
23.050000000000193 14703.98499084 -4603.65400734 -0.00000000
23.100000000000193 18149.91036849 -4646.42520337 -0.00000000
23.150000000000194 21532.04883730 -4692.06331158 -0.00000000
23.200000000000195 24726.69303425 -4739.55480488 -0.00000000
23.250000000000195 27648.61009794 -4789.34050935 -0.00000000
23.300000000000196 30244.75462075 -4839.72906484 -0.00000000
23.350000000000197 32476.35531583 -4883.61089227 -0.00000000
23.400000000000198 34304.33841589 -4918.28498053 -0.00000000
23.4500000000002 35687.37144807 -4956.75073185 -0.00000000
23.5000000000002 36122.29342193 -4980.20217589 -0.00000000
23.5500000000002 36586.62387451 -5021.61641210 -0.00000000
23.6000000000002 36952.66884370 -5074.79411816 -0.00000000
23.6500000000002 36888.26546529 -5195.20652052 -0.00000000
23.700000000000202 35499.91149915 -5206.52221652 -0.00000000
23.750000000000203 33339.98966382 -5171.41849904 -0.00000000
23.800000000000203 30885.20990044 -5127.78682581 -0.00000000
23.850000000000204 28321.43280152 -5080.99055820 -0.00000000
23.900000000000205 25622.62541369 -5023.96706712 -0.00000000
23.950000000000205 22703.54631651 -4954.85167887 -0.00000000
24.000000000000206 19542.75196660 -4877.09402501 -0.00000000
24.050000000000207 16209.30132266 -4793.14402741 -0.00000000
24.100000000000207 12823.07769046 -4702.55601957 -0.00000000
24.150000000000208 9504.90450289 -4605.59786097 -0.00000000
24.20000000000021 6351.79952395 -4503.94887561 -0.00000000
24.25000000000021 3441.01583526 -4402.99464043 -0.00000000
24.30000000000021 834.46813232 -4309.27215873 -0.00000000
24.35000000000021 -1408.28764094 -4228.61751612 -0.00000000
24.40000000000021 -3250.61552056 -4163.82076304 -0.00000000
24.450000000000212 -4306.21326392 -4120.22515436 -0.00000000
24.500000000000213 -4873.00360332 -4087.39806826 -0.00000000
24.550000000000214 -5456.03812081 -4036.63725946 -0.00000000
24.600000000000215 -5914.95246759 -3971.65233316 -0.00000000
24.650000000000215 -5986.29235450 -3813.53507234 -0.00000000
24.700000000000216 -4588.74997550 -3775.54784387 -0.00000000
24.750000000000217 -2317.75416169 -3770.90571817 -0.00000000
24.800000000000217 290.34125135 -3744.57479546 -0.00000000
24.850000000000218 2985.23008270 -3694.13437767 -0.00000000
24.90000000000022 5745.07409360 -3638.36393164 -0.00000000
24.95000000000022 8651.45911800 -3588.51003181 -0.00000000
25.00000000000022 11763.69494504 -3542.09083654 -0.00000000
25.05000000000022 15060.09572683 -3489.90653765 -0.00000000
25.10000000000022 18445.26444222 -3425.34580486 -0.00000000
25.150000000000222 21790.28982459 -3347.36894866 -0.00000000
25.200000000000223 24971.81205679 -3257.80113209 -0.00000000
25.250000000000224 27892.65402390 -3157.62975792 -0.00000000
25.300000000000225 30484.06905587 -3045.18647985 -0.00000000
25.350000000000225 32698.41491574 -2917.42857909 -0.00000000
25.400000000000226 34492.81243373 -2765.63730939 -0.00000000
25.450000000000227 35829.10235630 -2593.34434733 -0.00000000
25.500000000000227 36236.09335002 -2512.19847016 -0.00000000
25.550000000000228 36665.07531458 -2390.28146906 -0.00000000
25.60000000000023 36995.06384912 -2230.80536338 -0.00000000
25.65000000000023 36872.29059413 -1774.43976399 -0.00000000
25.70000000000023 35467.42065723 -1502.64027601 -0.00000000
25.75000000000023 33301.03760731 -1382.75843778 -0.00000000
25.80000000000023 30837.24289191 -1306.33101050 -0.00000000
25.850000000000232 28258.99744282 -1182.22432601 -0.00000000
25.900000000000233 25540.37234229 -987.00505575 -0.00000000
25.950000000000234 22595.66746794 -750.91721837 -0.00000000
26.000000000000234 19402.80153513 -516.20054179 -0.00000000
26.050000000000235 16033.20364099 -307.30622007 -0.00000000
26.100000000000236 12612.86394964 -126.77113034 -0.00000000
26.150000000000237 9266.17688984 33.91715430 -0.00000000
26.200000000000237 6092.91154593 178.87390475 -0.00000000
26.250000000000238 3167.33886348 306.53447457 -0.00000000
26.30000000000024 557.91491731 416.98736029 -0.00000000
26.35000000000024 -1680.12889832 511.61239835 -0.00000000
26.40000000000024 -3519.70369104 598.65768586 -0.00000000
26.45000000000024 -4932.37401646 687.65003474 -0.00000000
26.50000000000024 -5369.05356614 725.27343179 -0.00000000
26.550000000000242 -5834.11513373 774.05375428 -0.00000000
26.600000000000243 -6191.68397724 835.34868153 -0.00000000
26.650000000000244 -6145.19194258 995.86013733 -0.00000000
26.700000000000244 -4832.79826508 1065.54923057 -0.00000000
26.750000000000245 -2732.03627994 1097.40434570 -0.00000000
26.800000000000246 -263.41659590 1135.44222556 -0.00000000
26.850000000000247 2371.01586822 1198.97883291 -0.00000000
26.900000000000247 5138.28900760 1291.36320884 -0.00000000
26.950000000000248 8081.10154191 1406.68647818 -0.00000000
27.00000000000025 11222.90616998 1538.46720807 -0.00000000
27.05000000000025 14524.72844141 1683.67858329 -0.00000000
27.10000000000025 17892.12970485 1843.14785558 -0.00000000
27.15000000000025 21207.24778218 2019.94179904 -0.00000000
27.20000000000025 24359.33522187 2217.25410822 -0.00000000
27.250000000000252 27259.66100422 2438.06761001 -0.00000000
27.300000000000253 29841.37736679 2684.49462466 -0.00000000
27.350000000000254 32053.82032783 2958.28881961 -0.00000000
27.400000000000254 33853.32657473 3260.26972204 -0.00000000
27.450000000000255 35195.45743929 3582.56330083 -0.00000000
27.500000000000256 35603.59118424 3730.17870025 -0.00000000
27.550000000000257 36039.10641121 3953.79908810 -0.00000000
27.600000000000257 36375.78085576 4251.24744090 -0.00000000
27.650000000000258 36383.19219227 4857.07561811 -0.00000000
27.70000000000026 34957.10941684 5451.86393565 -0.00000000
27.75000000000026 32690.31660858 5677.46634706 -0.00000000
27.80000000000026 30143.08311267 5753.99986700 -0.00000000
27.85000000000026 27583.95011879 5860.71708263 -0.00000000
27.90000000000026 24961.80375804 6055.32567022 -0.00000000
27.950000000000262 22130.76079858 6305.27005907 -0.00000000
28.000000000000263 19018.98002315 6553.68491909 -0.00000000
28.050000000000264 15686.15721156 6763.86522449 -0.00000000
28.100000000000264 12274.82907592 6928.91798449 -0.00000000
28.150000000000265 8937.79968316 7057.66949833 -0.00000000
28.200000000000266 5787.41576843 7161.94947693 -0.00000000
28.250000000000266 2903.86634731 7252.55636648 -0.00000000
28.300000000000267 339.37894915 7330.12669743 -0.00000000
28.350000000000268 -1867.97407302 7395.51860395 -0.00000000
28.40000000000027 -3674.52026661 7452.63270424 -0.00000000
28.45000000000027 -5045.67791705 7503.37489693 -0.00000000
28.50000000000027 -5464.96232924 7532.36783359 -0.00000000
28.55000000000027 -5897.37292040 7566.82305754 -0.00000000
28.60000000000027 -6207.01504303 7612.75511551 -0.00000000
28.650000000000272 -6026.11000456 7770.58406784 -0.00000000
28.700000000000273 -4655.66036636 7909.69530901 -0.00000000
28.750000000000274 -2549.35999907 7988.16436585 -0.00000000
28.800000000000274 -89.86569388 8015.82016654 -0.00000000
28.850000000000275 2549.30559165 8037.81912573 -0.00000000
28.900000000000276 5346.08845216 8096.23331377 -0.00000000
28.950000000000276 8337.36769958 8204.09943517 -0.00000000
29.000000000000277 11535.04057691 8345.40350309 -0.00000000
29.050000000000278 14891.31738289 8496.73323864 -0.00000000
29.10000000000028 18309.16662944 8643.61695124 -0.00000000
29.15000000000028 21672.66916587 8785.49304758 -0.00000000
29.20000000000028 24874.07133675 8930.95154661 -0.00000000
29.25000000000028 27826.47397123 9089.33560797 -0.00000000
29.30000000000028 30463.37081728 9264.36071803 -0.00000000
29.350000000000282 32732.58073268 9452.29343787 -0.00000000
29.400000000000283 34591.94163834 9649.40587140 -0.00000000
29.450000000000284 35660.76013826 9813.29391848 -0.00000000
29.500000000000284 36248.67984502 9937.03777666 -0.00000000
29.550000000000285 36884.32905356 10113.48140953 -0.00000000
29.600000000000286 37436.90199892 10331.62970615 -0.00000000
29.650000000000286 37800.98577930 10865.88546735 -0.00000000
29.700000000000287 36537.79152307 11038.33579585 -0.00000000
29.750000000000288 34296.07366258 11036.31337341 -0.00000000
29.80000000000029 31724.38649071 11032.97654217 -0.00000000
29.85000000000029 29126.09698086 11089.41505280 -0.00000000
29.90000000000029 26499.84169386 11180.37338277 -0.00000000
29.95000000000029 23718.81051251 11260.88394171 -0.00000000
30.00000000000029 20704.06352136 11304.09783622 -0.00000000
30.050000000000292 17486.65399812 11305.87384156 -0.00000000
30.100000000000293 14178.24160793 11276.12815273 -0.00000000
30.150000000000293 10914.78916972 11228.75571478 -0.00000000
30.200000000000294 7812.58888990 11172.74762144 -0.00000000
30.250000000000295 4953.48491176 11113.67555734 -0.00000000
30.300000000000296 2403.87223534 11050.28278560 -0.00000000
30.350000000000296 211.52212417 10986.85923701 -0.00000000
30.400000000000297 -1573.59685008 10938.92354790 -0.00000000
30.450000000000298 -2903.31740315 10896.86317305 -0.00000000
30.5000000000003 -3300.16906654 10876.66101596 -0.00000000
30.5500000000003 -3704.94213909 10844.11426629 -0.00000000
30.6000000000003 -3984.08414827 10803.90516743 -0.00000000
30.6500000000003 -3736.29713396 10762.18677318 -0.00000000
30.7000000000003 -2336.99504731 10876.82341009 -0.00000000
30.750000000000302 -221.26860225 10963.86922460 -0.00000000
30.800000000000303 2243.52328083 10936.18234658 -0.00000000
30.850000000000303 4889.74664497 10826.85603588 -0.00000000
30.900000000000304 7697.84803402 10713.05142966 -0.00000000
30.950000000000305 10705.08241325 10642.09010876 -0.00000000
31.000000000000306 13921.39150015 10609.63425676 -0.00000000
31.050000000000306 17295.99552635 10582.33250701 -0.00000000
31.100000000000307 20728.77937460 10529.85971762 -0.00000000
31.150000000000308 24102.21920807 10441.73780980 -0.00000000
31.20000000000031 27309.37002330 10325.67790732 -0.00000000
31.25000000000031 30266.13412215 10196.74572757 -0.00000000
31.30000000000031 32909.33791897 10067.42169452 -0.00000000
31.35000000000031 35188.30110088 9943.57013259 -0.00000000
31.40000000000031 37056.17322290 9825.15415535 -0.00000000
31.450000000000312 38471.68904839 9703.31668539 -0.00000000
31.500000000000313 38918.68761876 9654.30523948 -0.00000000
31.550000000000313 39396.38600534 9566.10641252 -0.00000000
31.600000000000314 39779.00122768 9426.90843641 -0.00000000
31.650000000000315 39763.04440450 8913.43607002 -0.00000000
31.700000000000315 38409.70442239 8556.80224012 -0.00000000
31.750000000000316 36247.86632219 8402.60593961 -0.00000000
31.800000000000317 33764.41221604 8336.39297086 -0.00000000
31.850000000000318 31171.39985984 8209.92655729 -0.00000000
31.90000000000032 28455.66434151 7958.68582088 -0.00000000
31.95000000000032 25524.78486066 7615.95073070 -0.00000000
32.00000000000032 22344.04358932 7251.53752901 -0.00000000
32.05000000000032 18974.82687618 6914.66104646 -0.00000000
32.100000000000314 15537.84772830 6616.41135142 -0.00000000
32.15000000000031 12162.69272847 6342.32189877 -0.00000000
32.20000000000031 8960.37553621 6073.10611674 -0.00000000
32.250000000000306 6002.77203633 5804.66315903 -0.00000000
32.3000000000003 3344.90353437 5542.70852079 -0.00000000
32.3500000000003 1047.40205594 5295.92801393 -0.00000000
32.4000000000003 -832.86122630 5077.42545289 -0.00000000
32.450000000000294 -2251.49862204 4894.50993437 -0.00000000
32.50000000000029 -2696.31266540 4820.40709072 -0.00000000
32.55000000000029 -3178.97082405 4713.12072445 -0.00000000
32.600000000000286 -3576.45931617 4571.36610368 -0.00000000
32.65000000000028 -3665.82783198 4226.80263414 -0.00000000
32.70000000000028 -2437.48436589 4128.81781768 -0.00000000
32.75000000000028 -360.68130050 4078.94248647 -0.00000000
32.800000000000274 2113.36770020 3949.17552563 -0.00000000
32.85000000000027 4748.20398105 3724.11430390 -0.00000000
32.90000000000027 7494.89515502 3446.85127685 -0.00000000
32.950000000000266 10401.72756676 3159.21213494 -0.00000000
33.00000000000026 13506.22645782 2869.19009169 -0.00000000
33.05000000000026 16780.10881547 2562.59222666 -0.00000000
33.10000000000026 20132.01361184 2220.63147263 -0.00000000
33.150000000000254 23440.87323266 1830.66135193 -0.00000000
33.20000000000025 26590.34974983 1389.41234680 -0.00000000
33.25000000000025 29489.01926782 901.94198693 -0.00000000
33.300000000000246 32072.34399931 376.93303172 -0.00000000
33.35000000000024 34289.62527332 -177.58368809 -0.00000000
33.40000000000024 36099.35312716 -751.31114242 -0.00000000
33.45000000000024 37461.61403528 -1334.57407934 -0.00000000
33.500000000000234 37890.73328171 -1596.59700259 -0.00000000
33.55000000000023 38361.28188328 -2014.22106525 -0.00000000
33.60000000000023 38747.29152586 -2595.67066410 -0.00000000
33.650000000000226 38840.88130333 -3837.00041621 -0.00000000
33.70000000000022 37454.60724823 -5044.47799859 -0.00000000
33.75000000000022 35176.83898667 -5429.67885545 -0.00000000
33.80000000000022 32636.53813773 -5506.19345010 -0.00000000
33.850000000000215 30128.36229536 -5696.45638765 -0.00000000
33.90000000000021 27578.98722552 -6122.35025079 -0.00000000
33.95000000000021 24807.56853169 -6684.43452053 -0.00000000
34.000000000000206 21726.54003361 -7235.87478575 -0.00000000
34.0500000000002 18404.30647008 -7692.04346983 -0.00000000
34.1000000000002 15003.73674883 -8043.59980203 -0.00000000
34.1500000000002 11692.84778131 -8322.17763392 -0.00000000
34.200000000000195 8592.23585376 -8560.52039984 -0.00000000
34.25000000000019 5756.87940603 -8773.96976281 -0.00000000
34.30000000000019 3227.95817185 -8965.68674722 -0.00000000
34.350000000000186 1040.29572407 -9142.43654363 -0.00000000
34.40000000000018 -761.25139563 -9295.00918759 -0.00000000
34.45000000000018 -2113.37594450 -9398.43527160 -0.00000000
34.50000000000018 -2519.43299597 -9424.85702487 -0.00000000
34.550000000000175 -2935.04697075 -9446.48227907 -0.00000000
34.60000000000017 -3225.56613886 -9467.39961074 -0.00000000
34.65000000000017 -3123.98600098 -9512.47688148 -0.00000000
34.700000000000166 -1653.70055422 -9564.69395155 -0.00000000
34.75000000000016 558.95555271 -9579.71339077 -0.00000000
34.80000000000016 3085.74116342 -9598.48940620 -0.00000000
34.85000000000016 5732.36439358 -9667.36116882 -0.00000000
34.900000000000155 8523.15999391 -9814.54212106 -0.00000000
34.95000000000015 11532.28423903 -10031.96490408 -0.00000000
35.00000000000015 14785.05763055 -10290.84792754 -0.00000000
35.050000000000146 18222.95071732 -10566.17574099 -0.00000000
35.10000000000014 21727.26797971 -10851.11875691 -0.00000000
35.15000000000014 25165.98340339 -11154.33264112 -0.00000000
35.20000000000014 28426.79046480 -11489.09397986 -0.00000000
35.250000000000135 31424.30332487 -11863.09400376 -0.00000000
35.30000000000013 34096.25609034 -12269.06013399 -0.00000000
35.35000000000013 36394.44493978 -12697.93614370 -0.00000000
35.40000000000013 38274.81326339 -13132.42298994 -0.00000000
35.450000000000124 38909.26992381 -13324.65932691 -0.00000000
35.50000000000012 39706.43895550 -13627.36475851 -0.00000000
35.55000000000012 40578.38407980 -14036.92896694 -0.00000000
35.600000000000115 41871.21269389 -14868.44171334 -0.00000000
35.65000000000011 42003.93336463 -15592.35990488 -0.00000000
35.70000000000011 40494.54237374 -15795.33345218 -0.00000000
35.75000000000011 38119.50830511 -15842.38828808 -0.00000000
35.800000000000104 35533.76239478 -15919.96345552 -0.00000000
35.8500000000001 32979.63222161 -16030.68870412 -0.00000000
35.9000000000001 30405.76647463 -16113.63932740 -0.00000000
35.950000000000095 27666.30965752 -16131.85763687 -0.00000000
36.00000000000009 24677.47066541 -16076.15093398 -0.00000000
36.05000000000009 21463.46640980 -15947.24546911 -0.00000000
36.10000000000009 18129.94808610 -15747.92403571 -0.00000000
36.150000000000084 14812.89111101 -15488.44208986 -0.00000000
36.20000000000008 11639.27185174 -15182.73116058 -0.00000000
36.25000000000008 8706.34052700 -14847.29385992 -0.00000000
36.300000000000075 6083.14044055 -14499.72697839 -0.00000000
36.35000000000007 3838.17164829 -14134.87904422 -0.00000000
36.40000000000007 1987.64464280 -13786.32589105 -0.00000000
36.45000000000007 571.36551835 -13448.89947557 -0.00000000
36.500000000000064 128.67341935 -13295.84236156 -0.00000000
36.55000000000006 -353.98899409 -13039.88254585 -0.00000000
36.60000000000006 -739.58138533 -12688.45030786 -0.00000000
36.650000000000055 -759.08853621 -11792.46812139 -0.00000000
36.70000000000005 592.02308690 -11531.31202603 -0.00000000
36.75000000000005 2751.61136982 -11500.94694824 -0.00000000
36.80000000000005 5227.32941786 -11400.58229959 -0.00000000
36.850000000000044 7808.14161218 -11161.79003012 -0.00000000
36.90000000000004 10495.62063711 -10857.27541806 -0.00000000
36.95000000000004 13369.27844695 -10572.71086384 -0.00000000
37.000000000000036 16466.99129121 -10338.64840179 -0.00000000
37.05000000000003 19741.83942500 -10138.20030670 -0.00000000
37.10000000000003 23083.03245349 -9941.96234445 -0.00000000
37.15000000000003 26360.78142574 -9731.44567604 -0.00000000
37.200000000000024 29461.67924811 -9502.19915924 -0.00000000
37.25000000000002 32301.92391654 -9257.22327678 -0.00000000
37.30000000000002 34820.26189425 -9000.07068221 -0.00000000
37.350000000000016 36968.83188985 -8729.87362753 -0.00000000
37.40000000000001 38705.83569851 -8440.12313456 -0.00000000
37.45000000000001 39990.64035998 -8123.72199979 -0.00000000
37.50000000000001 40611.88763660 -7862.18831079 -0.00000000
37.550000000000004 40887.41509233 -7656.86126708 -0.00000000
37.6 41067.82160363 -7330.41569453 -0.00000000
37.65 40837.72239544 -6521.80109761 -0.00000000
37.699999999999996 39271.80127675 -5544.86400619 -0.00000000
37.74999999999999 37051.40386505 -5036.87728846 -0.00000000
37.79999999999999 34618.18846044 -4744.88241316 -0.00000000
37.84999999999999 32144.12984912 -4387.48255698 -0.00000000
37.899999999999984 29539.09252485 -3848.49193932 -0.00000000
37.94999999999998 26663.94628834 -3174.34730844 -0.00000000
37.99999999999998 23479.23671226 -2468.24551579 -0.00000000
38.049999999999976 20076.58899886 -1800.26667819 -0.00000000
38.09999999999997 16619.81479768 -1187.38226641 -0.00000000
38.14999999999997 13260.77392118 -613.55790248 -0.00000000
38.19999999999997 10096.93974150 -59.01772059 -0.00000000
38.249999999999964 7185.65807601 482.75309647 -0.00000000
38.29999999999996 4573.43567976 999.16429546 -0.00000000
38.34999999999996 2301.10819034 1462.28424634 -0.00000000
38.399999999999956 419.80772742 1868.55378875 -0.00000000
38.44999999999995 -679.39439419 2138.65810125 -0.00000000
38.49999999999995 -1288.41286820 2327.56210800 -0.00000000
38.54999999999995 -1942.73097954 2599.37737380 -0.00000000
38.599999999999945 -2498.03808210 2931.19926647 -0.00000000
38.64999999999994 -2828.37335998 3706.68364189 -0.00000000
38.69999999999994 -1528.97565964 3914.55997189 -0.00000000
38.749999999999936 753.30071977 3927.37980027 -0.00000000
38.79999999999993 3415.15338984 4026.20123783 -0.00000000
38.84999999999993 6146.46590473 4282.91219341 -0.00000000
38.89999999999993 8906.83703481 4658.46097001 -0.00000000
38.949999999999925 11789.86922095 5089.97429084 -0.00000000
38.99999999999992 14876.42272802 5535.97488846 -0.00000000
39.04999999999992 18165.38692436 5985.92783837 -0.00000000
39.099999999999916 21575.24756049 6447.81367563 -0.00000000
39.14999999999991 24981.08690219 6939.05271886 -0.00000000
39.19999999999991 28257.90565830 7473.18594106 -0.00000000
39.24999999999991 31301.66136585 8055.87948381 -0.00000000
39.299999999999905 34034.23314799 8683.06518310 -0.00000000
39.3499999999999 36397.14095305 9344.38545671 -0.00000000
39.3999999999999 38343.94617082 10031.84740681 -0.00000000
39.449999999999896 39480.97863970 10570.38364753 -0.00000000
39.49999999999989 40133.20621572 10971.39755426 -0.00000000
39.54999999999989 40882.44018691 11555.44106237 -0.00000000
39.59999999999989 42028.02711343 12825.79917771 -0.00000000
39.649999999999885 42128.15248710 14086.44369879 -0.00000000
39.69999999999988 40743.20831644 14586.61296698 -0.00000000
39.74999999999988 38576.27944683 14828.84120871 -0.00000000
39.799999999999876 36198.52972337 15141.39938819 -0.00000000
39.84999999999987 33793.33649604 15577.74439958 -0.00000000
39.89999999999987 31287.22484603 16050.13569341 -0.00000000
39.94999999999987 28549.80468768 16466.42685839 -0.00000000
39.999999999999865 25534.99294233 16784.05094745 -0.00000000
40.04999999999986 22302.35682483 16999.76628726 -0.00000000
40.09999999999986 18971.08748167 17125.57437846 -0.00000000
40.14999999999986 15667.71785256 17177.81711845 -0.00000000
40.199999999999854 12495.49004892 17175.01481317 -0.00000000
40.24999999999985 9540.88449697 17121.64788339 -0.00000000
40.29999999999985 6876.14191763 17020.46552338 -0.00000000
40.349999999999845 4561.50490952 16874.49517725 -0.00000000
40.39999999999984 2649.88492114 16685.93029370 -0.00000000
40.44999999999984 1181.79755834 16461.49576012 -0.00000000
40.49999999999984 420.17719134 16261.93879084 -0.00000000
40.549999999999834 51.56953649 16103.65162780 -0.00000000
40.59999999999983 -254.92335628 15858.35020039 -0.00000000
40.64999999999983 -317.07684425 15344.68529756 -0.00000000
40.699999999999825 899.98085173 14917.69887411 -0.00000000
40.74999999999982 2971.48458225 14795.68671061 -0.00000000
40.79999999999982 5401.19412988 14717.37227011 -0.00000000
40.84999999999982 7921.81648248 14570.96092467 -0.00000000
40.899999999999814 10535.96776413 14391.30163300 -0.00000000
40.94999999999981 13343.66723005 14253.98333148 -0.00000000
40.99999999999981 16405.06662484 14196.72560922 -0.00000000
41.049999999999805 19680.07559946 14211.39646112 -0.00000000
41.0999999999998 23046.80220274 14270.61251844 -0.00000000
41.1499999999998 26357.30908120 14350.67774362 -0.00000000
41.1999999999998 29485.18327284 14441.99746244 -0.00000000
41.249999999999794 32345.68932403 14545.36296596 -0.00000000
41.29999999999979 34890.25609746 14668.02690745 -0.00000000
41.34999999999979 37092.94482386 14823.18442045 -0.00000000
41.399999999999785 38920.69743415 15010.49538400 -0.00000000
41.44999999999978 40302.65916454 15205.90138590 -0.00000000
41.49999999999978 41175.58359133 15372.24035193 -0.00000000
41.54999999999978 41394.55127679 15450.59814595 -0.00000000
41.599999999999774 41534.58149511 15555.57043727 -0.00000000
41.64999999999977 41446.98469172 15659.43838561 -0.00000000
41.69999999999977 39917.10890534 15692.30331764 -0.00000000
41.749999999999766 37607.73433844 15437.61702267 -0.00000000
41.79999999999976 35118.24944634 15203.40700063 -0.00000000
41.84999999999976 32677.04741583 15066.36079222 -0.00000000
41.89999999999976 30149.66350518 14921.98690233 -0.00000000
41.949999999999754 27318.06382181 14661.21730970 -0.00000000
41.99999999999975 24094.29428143 14266.88599368 -0.00000000
42.04999999999975 20576.89334836 13793.01406497 -0.00000000
42.099999999999746 16967.80504959 13298.07378820 -0.00000000
42.14999999999974 13459.58968738 12805.38398304 -0.00000000
42.19999999999974 10167.67418663 12313.28758419 -0.00000000
42.24999999999974 7156.16046892 11798.68486923 -0.00000000
42.299999999999734 4459.85045672 11252.02908981 -0.00000000
42.34999999999973 2085.81820743 10709.17088967 -0.00000000
42.39999999999973 68.10601355 10193.38834109 -0.00000000
42.449999999999726 -640.40830001 9949.87209823 -0.00000000
42.49999999999972 -1555.54218427 9571.67461217 -0.00000000
42.54999999999972 -2562.28627719 9081.23889201 -0.00000000
42.59999999999972 -3464.89485315 8531.09127876 -0.00000000
42.649999999999714 -4478.21436210 7354.84485213 -0.00000000
42.69999999999971 -3243.33105291 7132.86432131 -0.00000000
42.74999999999971 -736.91606173 7193.99983189 -0.00000000
42.799999999999706 2128.74182746 7110.06191621 -0.00000000
42.8499999999997 4901.33515588 6805.75507973 -0.00000000
42.8999999999997 7535.06360706 6389.33321432 -0.00000000
42.9499999999997 10193.21227922 5974.02474768 -0.00000000
42.999999999999694 13038.21935128 5606.49565606 -0.00000000
43.04999999999969 16122.16485687 5280.75322988 -0.00000000
43.09999999999969 19379.73829169 4974.07311088 -0.00000000
43.149999999999686 22674.95619609 4666.79872060 -0.00000000
43.19999999999968 25856.53918192 4346.96355679 -0.00000000
43.24999999999968 28798.38189533 4008.21494911 -0.00000000
43.29999999999968 31411.68678694 3650.63062716 -0.00000000
43.349999999999675 33633.45971182 3277.66148589 -0.00000000
43.39999999999967 35424.30897986 2898.66802073 -0.00000000
43.44999999999967 36760.60530016 2511.91899827 -0.00000000
43.499999999999666 37186.54856078 2338.91163773 -0.00000000
43.54999999999966 37682.23811800 2053.06715965 -0.00000000
43.59999999999966 38129.34889457 1641.92458179 -0.00000000
43.64999999999966 38355.42472531 440.13974832 -0.00000000
43.699999999999655 37072.58209090 -98.73303818 -0.00000000
43.74999999999965 34939.99926475 -254.32000666 -0.00000000
43.79999999999965 32566.80963877 -411.82950159 -0.00000000
43.849999999999646 30172.53629099 -761.40019381 -0.00000000
43.89999999999964 27681.72531174 -1273.68831246 -0.00000000
43.94999999999964 24949.50321116 -1830.94737488 -0.00000000
43.99999999999964 21931.41596358 -2343.48930786 -0.00000000
44.049999999999635 18708.03342151 -2784.90283465 -0.00000000
44.09999999999963 15419.24829166 -3171.43810136 -0.00000000
44.14999999999963 12193.80501463 -3526.97127909 -0.00000000
44.199999999999626 9129.17294486 -3858.21791265 -0.00000000
44.24999999999962 6295.88939305 -4164.22941721 -0.00000000
44.29999999999962 3746.16815324 -4439.87913500 -0.00000000
44.34999999999962 1533.14213494 -4678.55455176 -0.00000000
44.399999999999615 -281.93647010 -4872.44260839 -0.00000000
44.44999999999961 -1646.13885533 -5007.98419206 -0.00000000
44.49999999999961 -2322.93003102 -5074.49014185 -0.00000000
44.549999999999606 -2633.02244939 -5108.54106933 -0.00000000
44.5999999999996 -2847.65363484 -5148.87139274 -0.00000000
44.6499999999996 -2697.99738599 -5236.32552580 -0.00000000
44.6999999999996 -1307.34473821 -5294.56247008 -0.00000000
44.749999999999595 744.71334761 -5286.82934188 -0.00000000
44.79999999999959 3083.93873603 -5292.68862848 -0.00000000
44.84999999999959 5571.70566875 -5375.70632049 -0.00000000
44.89999999999959 8255.38150700 -5545.13385823 -0.00000000
44.949999999999584 11210.68629595 -5762.69448937 -0.00000000
44.99999999999958 14443.76943592 -5996.84637459 -0.00000000
45.04999999999958 17873.41902088 -6241.28917319 -0.00000000
45.099999999999575 21367.86116192 -6507.29639781 -0.00000000
45.14999999999957 24792.57399045 -6809.20242136 -0.00000000
45.19999999999957 28040.99360469 -7154.05036273 -0.00000000
45.24999999999957 31039.81051268 -7538.87409950 -0.00000000
45.299999999999564 33735.12067899 -7954.47165657 -0.00000000
45.34999999999956 36073.31638195 -8386.35998665 -0.00000000
45.39999999999956 38007.87362925 -8827.86768947 -0.00000000
45.449999999999555 39503.42985884 -9266.75400317 -0.00000000
45.49999999999955 39984.11779005 -9464.84939932 -0.00000000
45.54999999999955 40530.26339776 -9768.60918501 -0.00000000
45.59999999999955 41025.09608778 -10166.81210170 -0.00000000
45.649999999999544 41393.85000757 -11154.56980683 -0.00000000
45.69999999999954 40243.17295242 -11488.45513223 -0.00000000
45.74999999999954 38168.68147939 -11533.82685991 -0.00000000
45.799999999999535 35757.48365022 -11574.54847648 -0.00000000
45.84999999999953 33264.96094093 -11683.28419686 -0.00000000
45.89999999999953 30676.36582452 -11807.70272007 -0.00000000
45.94999999999953 27886.12401130 -11887.57030912 -0.00000000
45.999999999999524 24845.98971629 -11899.14416197 -0.00000000
46.04999999999952 21603.28990357 -11847.28905664 -0.00000000
46.09999999999952 18267.25501151 -11744.98988268 -0.00000000
46.149999999999515 14960.01190711 -11595.84954621 -0.00000000
46.19999999999951 11786.95078176 -11401.07452649 -0.00000000
46.24999999999951 8826.58273227 -11165.58454477 -0.00000000
46.29999999999951 6136.50194830 -10906.30447180 -0.00000000
46.349999999999504 3788.98146226 -10624.99998783 -0.00000000
46.3999999999995 1811.36369835 -10358.08896309 -0.00000000
46.4499999999995 269.98572857 -10088.54941766 -0.00000000
46.499999999999496 -226.20666932 -9954.29842857 -0.00000000
46.54999999999949 -792.26147521 -9728.07806045 -0.00000000
46.59999999999949 -1290.24247570 -9421.19069239 -0.00000000
46.64999999999949 -1611.28473381 -8673.96680466 -0.00000000
46.699999999999484 -418.04213801 -8457.11084924 -0.00000000
46.74999999999948 1671.91647936 -8416.20345673 -0.00000000
46.79999999999948 4109.98735245 -8317.56306467 -0.00000000
46.849999999999476 6645.57982793 -8133.72028950 -0.00000000
46.89999999999947 9270.88992682 -7934.32859692 -0.00000000
46.94999999999947 12076.56250564 -7775.51889478 -0.00000000
46.99999999999947 15116.12700532 -7666.96572568 -0.00000000
47.049999999999464 18353.87433388 -7589.80488639 -0.00000000
47.09999999999946 21683.63587307 -7523.90641626 -0.00000000
47.14999999999946 24975.08856973 -7460.38548063 -0.00000000
47.199999999999456 28111.51334959 -7399.82928923 -0.00000000
47.24999999999945 31002.68508894 -7343.87186352 -0.00000000
47.29999999999945 33581.02446727 -7290.05545375 -0.00000000
47.34999999999945 35799.21153633 -7235.45073518 -0.00000000
47.399999999999444 37612.96829646 -7171.52593942 -0.00000000
47.44999999999944 38980.42721668 -7090.29516029 -0.00000000
47.49999999999944 39665.58444366 -7011.96384958 -0.00000000
47.549999999999436 39984.71570488 -6941.52272667 -0.00000000
47.59999999999943 40223.86594268 -6822.26906337 -0.00000000
47.64999999999943 40143.16365187 -6508.76456061 -0.00000000
47.69999999999943 38783.31223542 -6085.91680290 -0.00000000
47.749999999999424 36689.19183154 -5824.78815571 -0.00000000
47.79999999999942 34321.37688236 -5660.79987282 -0.00000000
47.84999999999942 31884.07899014 -5473.15116359 -0.00000000
47.899999999999416 29314.82323602 -5189.80052051 -0.00000000
47.94999999999941 26489.74314524 -4815.87093903 -0.00000000
47.99999999999941 23365.16151601 -4397.86817583 -0.00000000
48.04999999999941 20015.26484418 -3976.47009045 -0.00000000
48.099999999999405 16584.93935915 -3567.95141467 -0.00000000
48.1499999999994 13221.28012465 -3171.04756309 -0.00000000
48.1999999999994 10030.00847221 -2779.78640538 -0.00000000
48.249999999999396 7074.77046612 -2391.74088532 -0.00000000
48.29999999999939 4403.52830746 -2009.40139664 -0.00000000
48.34999999999939 2062.11306670 -1643.10292618 -0.00000000
48.39999999999939 91.79445414 -1303.31522517 -0.00000000
48.449999999999385 -1445.66923045 -996.37899453 -0.00000000
48.49999999999938 -1945.97864981 -868.94525481 -0.00000000
48.54999999999938 -2523.54086654 -665.29635851 -0.00000000
48.599999999999376 -3051.23013850 -388.52040884 -0.00000000
48.64999999999937 -3498.10065693 299.15079784 -0.00000000
48.69999999999937 -2412.22220019 516.94933107 -0.00000000
48.74999999999937 -373.96433196 566.67138990 -0.00000000
48.799999999999365 2072.98125330 679.64184330 -0.00000000
48.84999999999936 4662.29557751 920.03546385 -0.00000000
48.89999999999936 7354.06154645 1238.57683827 -0.00000000
48.949999999999356 10209.10837943 1565.56661200 -0.00000000
48.99999999999935 13285.04827104 1885.21083501 -0.00000000
49.04999999999935 16561.01756411 2205.80616081 -0.00000000
49.09999999999935 19945.76790913 2541.09127508 -0.00000000
49.149999999999345 23316.42466867 2900.82226733 -0.00000000
49.19999999999934 26553.20350150 3291.01933642 -0.00000000
49.24999999999934 29562.36877234 3715.48449613 -0.00000000
49.299999999999336 32269.79372530 4174.80061604 -0.00000000
49.34999999999933 34619.29948810 4665.62285797 -0.00000000
49.39999999999933 36566.41455555 5180.22623711 -0.00000000
49.44999999999933 38075.61417466 5707.52643725 -0.00000000
49.499999999999325 38563.63392697 5950.26202945 -0.00000000
49.54999999999932 39135.55459428 6340.46412317 -0.00000000
49.59999999999932 39666.99950181 6887.97353866 -0.00000000
49.64999999999932 40134.03820694 8415.64083165 -0.00000000
49.699999999999314 38999.79822556 9100.95327084 -0.00000000
49.74999999999931 36898.30819278 9330.40527732 -0.00000000
49.79999999999931 34455.26455099 9537.96945592 -0.00000000
49.849999999999305 31950.63180362 9912.44617349 -0.00000000
49.8999999999993 29368.26988422 10413.94705391 -0.00000000
49.9499999999993 26588.32179674 10925.02071757 -0.00000000
49.9999999999993 23550.60218588 11363.74670398 -0.00000000
50.049999999999294 20301.97757152 11707.41804561 -0.00000000
