# (1): time [s] (2): displacement/rotation [m/rad] (3): support force/ moment [N]/[N m]
0.05 0.0 0.0
0.1 1.165415715680462e-07 4.140789147568293
0.15000000000000002 5.827504463201025e-07 20.70545893105562
0.2 1.7086324701358506e-06 60.70869556954911
0.25 3.839992744632996e-06 136.43715345329167
0.3 7.3174539866375104e-06 259.9933538566312
0.35 1.2436238969270966e-05 441.86673191081655
0.39999999999999997 1.940908467947469e-05 689.615955265174
0.44999999999999996 2.8335670188729967e-05 1006.782678729021
0.49999999999999994 3.916401357445335e-05 1391.5199546594934
0.5499999999999999 5.164167218461334e-05 1834.8583502623453
0.6 6.523784739995691e-05 2317.9382849383587
0.65 7.928887854731881e-05 2817.1795128050067
0.7000000000000001 9.31895798875858e-05 3311.0794360590667
0.7500000000000001 0.00010652813448704507 3785.0059619034446
0.8000000000000002 0.00011913604128984838 4232.972150793544
0.8500000000000002 0.00013101438192561227 4655.01643365249
0.9000000000000002 0.000142275970863699 5055.14717354025
0.9500000000000003 0.00015309345755307912 5439.498704797884
1.0000000000000002 0.000163645019812205 5814.401787917617
1.0500000000000003 0.000174068814574251 6184.765218291966
1.1000000000000003 0.00018443411447309127 6553.050292492705
1.1500000000000004 0.00019473324749063898 6918.984419299321
1.2000000000000004 0.0002048935791672417 7279.986854534254
1.2500000000000004 0.0002148164863663997 7632.553461366135
1.3000000000000005 0.00022440007279569973 7973.063805849158
1.3500000000000005 0.00023355451823809926 8298.326523949378
1.4000000000000006 0.00024221417833736355 8606.00923388887
1.4500000000000006 0.00025034564731886373 8894.925009258559
1.5000000000000007 0.00025795055548851424 9165.131775766386
1.5500000000000007 0.00026506269952035954 9417.83034870276
1.6000000000000008 0.00027173987246462025 9655.074148421798
1.6500000000000008 0.0002780514472802959 9879.328036104747
1.7000000000000008 0.00028406332365804105 10092.933465708502
1.7500000000000009 0.0002898222079522935 10297.549940901808
1.800000000000001 0.00029534131447308637 10493.646973729523
1.850000000000001 0.00030058942244647925 10680.115272115248
1.900000000000001 0.00030548479481301506 10854.050671268687
1.950000000000001 0.00030989480668363077 11010.740932510194
2.000000000000001 0.0003136413394647322 11143.857399640856
2.0500000000000007 0.00031651120820420296 11245.825488550723
2.1000000000000005 0.00031827024968385264 11308.32524525602
2.1500000000000004 0.00031867932044747806 11322.859765048544
2.2 0.0003175103875147512 11281.326904825835
2.25 0.0003145611174756763 11176.537642018278
2.3 0.00030966680085004725 11002.639753947198
2.3499999999999996 0.0003027089777216482 10755.424291575024
2.3999999999999995 0.0002936206498662684 10432.510769415025
2.4499999999999993 0.0002823550565367146 10032.237751192535
2.499999999999999 0.0002689155697408347 9554.72504628814
2.549999999999999 0.0002534072926543093 9003.707031056796
2.5999999999999988 0.00023603847325439197 8386.582876048655
2.6499999999999986 0.00021708380383963922 7713.11255681132
2.6999999999999984 0.00019684211775494961 6993.913794170402
2.7499999999999982 0.00017560763064566342 6239.440239427131
2.799999999999998 0.0001536617776406918 5459.69144477443
2.849999999999998 0.00013128271961137944 4664.550626148423
2.8999999999999977 0.00010876365933404595 3864.4354470307812
2.9499999999999975 8.642990779565945e-05 3070.904394116837
2.9999999999999973 6.464719794222443e-05 2296.952169583223
3.049999999999997 4.38181871026367e-05 1556.8854201933846
3.099999999999997 2.436845151026214e-05 865.825114584297
3.149999999999997 6.726197898349645e-06 238.98568456853874
3.1999999999999966 -8.699126985947454e-06 -309.08499115011193
3.2499999999999964 -2.1534982783033696e-05 -765.1503390701265
3.2999999999999963 -3.1518157022034005e-05 -1119.8582685320123
3.349999999999996 -3.845530390818843e-05 -1366.3390921109471
3.399999999999996 -4.218162358285231e-05 -1498.7373759302898
3.4499999999999957 -4.254410105641438e-05 -1511.6164092964002
3.4999999999999956 -3.940240684452312e-05 -1399.9902048223878
3.5499999999999954 -3.2640608139946346e-05 -1159.7396031080914
3.599999999999995 -2.212740921572808e-05 -786.1995913689183
3.649999999999995 -7.789732708941408e-06 -276.7736888189203
3.699999999999995 1.026088104925898e-05 364.575012346155
3.7499999999999947 3.170525427617592e-05 1126.5059417104912
3.7999999999999945 5.608096768988546e-05 1992.5890759059973
3.8499999999999943 8.286737738539471e-05 2944.325637178648
3.899999999999994 0.00011154632332597097 3963.3051010440226
3.949999999999994 0.00014162317588178386 5031.9529919247825
3.999999999999994 0.00017261686921541942 6133.176763598771
4.049999999999994 0.00020403834348432662 7249.599838238012
4.099999999999993 0.00023537479559067613 8363.002026482083
4.149999999999993 0.00026608831540637565 9454.271071727586
4.199999999999993 0.00029562840482952183 10503.847459412911
4.249999999999993 0.0003234526191877835 11492.457817966662
4.299999999999993 0.0003490488744127593 12401.907505558042
4.3499999999999925 0.00037195483123164544 13215.769341589072
4.399999999999992 0.0003917724592933363 13919.90107848161
4.449999999999992 0.0004081777832007914 14502.791683819543
4.499999999999992 0.00042092671393267824 14955.768534117753
4.549999999999992 0.0004298680908659166 15273.460805393272
4.599999999999992 0.00043492284169091615 15453.059012953043
4.6499999999999915 0.00043607264251612133 15493.9120983784
4.699999999999991 0.00043336108170775515 15397.56878142134
4.749999999999991 0.0004269019971083411 15168.073786179551
4.799999999999991 0.00041694972069524514 14814.463674264372
4.849999999999991 0.0004039446137816566 14352.384736712806
4.899999999999991 0.00038840899968670855 13800.395421830355
4.94999999999999 0.0003708615207283097 13176.923389829344
4.99999999999999 0.00035179227475986885 12499.38209966126
5.04999999999999 0.0003316788679061814 11784.741171966662
5.09999999999999 0.00031101413855319753 11050.511438396354
5.14999999999999 0.00029032330248456343 10315.3541181856
5.1999999999999895 0.0002701607997349454 9598.968785037017
5.249999999999989 0.00025108900815134995 8921.337047696612
5.299999999999989 0.00023364789074848853 8301.6441030115
5.349999999999989 0.0002183255925809639 7757.234025867085
5.399999999999989 0.0002055367297011187 7302.83836335723
5.449999999999989 0.0001955602531447051 6948.36840641447
5.4999999999999885 0.00018858860171187776 6700.661616423013
5.549999999999988 0.00018476944841312238 6564.964900482021
5.599999999999988 0.00018421578610841724 6545.292959972775
5.649999999999988 0.00018699512776047868 6644.044569337514
5.699999999999988 0.00019310844738564342 6861.254335937565
5.749999999999988 0.00020246658640732414 7193.754404205355
5.799999999999987 0.00021480223288303056 7632.047026894247
5.849999999999987 0.00022960182171905924 8157.884940491621
5.899999999999987 0.000246250775651216 8749.431860900075
5.949999999999987 0.0002641620303204222 9385.829053384103
5.999999999999987 0.0002828117854017154 10048.465590770555
6.0499999999999865 0.0003017097808167013 10719.922250160795
6.099999999999986 0.000320354026726644 11382.363043516742
6.149999999999986 0.0003382062368222916 12016.662348301774
6.199999999999986 0.00035469926260112486 12602.669051632363
6.249999999999986 0.0003692678898432569 13120.30076680076
6.299999999999986 0.0003814366751493411 13552.664716046984
6.349999999999985 0.0003908579014415743 13887.406311365925
6.399999999999985 0.0003972475912448971 14114.43566954202
6.449999999999985 0.0004003425763536197 14224.402272683295
6.499999999999985 0.00039989841236519097 14208.62087040529
6.549999999999985 0.00039571160216403384 14059.86109300897
6.5999999999999845 0.00038765281561830775 13773.527766436075
6.649999999999984 0.00037568264920386277 13348.220860783273
6.699999999999984 0.00035997844234214756 12790.241347814464
6.749999999999984 0.00034097041168695564 12114.87507297658
6.799999999999984 0.0003192676078365665 11343.761954744572
6.849999999999984 0.00029555484977749496 10501.234006058166
6.8999999999999835 0.0002705211756599188 9611.773149171608
6.949999999999983 0.0002448348202528927 8699.122150228339
6.999999999999983 0.0002191519697635891 7786.595683030036
7.049999999999983 0.00019413679396651138 6897.792082122932
7.099999999999983 0.0001704739845749661 6057.0388383563695
7.149999999999983 0.00014886485134202492 5289.253891101944
7.199999999999982 0.00013000749462564217 4619.2411480746205
7.249999999999982 0.00011456733620448717 4070.643428249607
7.299999999999982 0.00010308700520975759 3662.7406571280426
7.349999999999982 9.594912092997254e-05 3409.1275183600033
7.399999999999982 9.345888402127438e-05 3320.6479670061703
7.4499999999999815 9.589952445484159e-05 3407.3653270387717
7.499999999999981 0.00010353591395441354 3678.6906433270406
7.549999999999981 0.0001167973142046059 4149.875830713102
7.599999999999981 0.0001358949069156233 4828.424296968233
7.649999999999981 0.0001606099602271162 5706.564373138798
7.699999999999981 0.00019037915317129267 6764.280940854199
7.7499999999999805 0.0002244851607844807 7976.087031087946
7.79999999999998 0.00026219891230976875 9316.07834001601
7.84999999999998 0.0003028210708992645 10759.407026723904
7.89999999999998 0.00034565044172067433 12281.159235041454
7.94999999999998 0.000389934457257146 13854.595807733465
7.99999999999998 0.0004348417904505495 15450.179215709953
8.04999999999998 0.0004794684053229159 17035.78854009005
8.09999999999998 0.0005228678135088075 18577.794504220186
8.14999999999998 0.0005640906386377478 20042.46521896472
8.199999999999982 0.000602222685788455 21397.318812336922
8.249999999999982 0.0006364160929072591 22612.230257333686
8.299999999999983 0.0006659123262833848 23660.24841441413
8.349999999999984 0.0006900582456164093 24518.166832597373
8.399999999999984 0.0007083175646461429 25166.930952241684
8.449999999999985 0.0007203085381412684 25592.9771454527
8.499999999999986 0.0007258040585407782 25788.236149809298
8.549999999999986 0.0007246831909167814 25748.411077683882
8.599999999999987 0.0007169099997315589 25472.22511872803
8.649999999999988 0.0007025376561685475 24961.567475707558
8.699999999999989 0.0006818232023338827 24225.571002669585
8.74999999999999 0.0006552616774149945 23281.82472700881
8.79999999999999 0.0006235376136327689 22154.650472717036
8.84999999999999 0.0005874589624780811 20872.755221519008
8.899999999999991 0.0005479094244174447 19467.537359863498
8.949999999999992 0.0005058253285034067 17972.265198166893
8.999999999999993 0.000462187192432889 16421.777094825993
9.049999999999994 0.0004180130916883839 14852.245857986316
9.099999999999994 0.0003743455922305486 13300.71445658529
9.149999999999995 0.00033223029390293154 11804.333655166503
9.199999999999996 0.00029268853806607074 10399.392300403088
9.249999999999996 0.00025668849274171677 9120.28995962151
9.299999999999997 0.0002251182019954064 7998.579349845071
9.349999999999998 0.0001987617304702064 7062.118739340789
9.399999999999999 0.0001782793233489977 6334.367019654602
9.45 0.0001641922771933733 5833.846157805364
9.5 0.00015681563264229644 5571.749729109676
9.55 0.00015632788161863231 5554.419654370427
9.600000000000001 0.0001628199418955831 5785.086294423938
9.650000000000002 0.0001763291815366394 6265.077358084202
9.700000000000003 0.0001966612483831716 6987.487401238601
9.750000000000004 0.00022333966297418816 7935.386834260302
9.800000000000004 0.0002556865993864184 9084.69211177356
9.850000000000005 0.00029291472414485586 10407.428822030202
9.900000000000006 0.00033417053097435114 11873.271395587766
9.950000000000006 0.0003785358703062668 13449.597449561717
10.000000000000007 0.00042502091494707304 15101.237853779969
10.050000000000008 0.00047216325602041087 16776.232378746223
10.100000000000009 0.0005182068510533434 18412.18782419065
10.15000000000001 0.0005615377560862363 19951.75983184762
10.20000000000001 0.0006009278303180142 21351.31185183751
10.25000000000001 0.0006355126718440363 22580.13118672785
10.300000000000011 0.0006646410109989514 23615.077850279034
10.350000000000012 0.0006877430354095055 24435.906080746357
10.400000000000013 0.000704282930537105 25023.578079028044
10.450000000000014 0.000713886504591365 25364.798595335644
10.500000000000014 0.0007162946313339769 25450.360725205792
10.550000000000015 0.000711325530572987 25273.805713741353
10.600000000000016 0.0006987922402437796 24828.490691125557
10.650000000000016 0.0006787626316338593 24116.827163286718
10.700000000000017 0.0006516736340113522 23154.339478724414
10.750000000000018 0.0006182597651459226 21967.125476762412
10.800000000000018 0.0005794261589712649 20587.345087280755
10.85000000000002 0.0005361491500538927 19049.688039643985
10.90000000000002 0.0004894315897110405 17389.78621863929
10.95000000000002 0.00044030096477618014 15644.146823131961
11.000000000000021 0.0003898230220584247 13850.636450953618
11.050000000000022 0.00033910773803387995 12048.693205473499
11.100000000000023 0.0002892970841937533 10278.89199137155
11.150000000000023 0.00024153580665681223 8581.906297442672
11.200000000000024 0.0001969329222994004 6997.140131923983
11.250000000000025 0.00015652263592026147 5561.339386855391
11.300000000000026 0.00012123111320759763 4307.4112624656045
11.350000000000026 9.18520473579137e-05 3263.5561350698395
11.400000000000027 6.903080978414253e-05 2452.7044226028074
11.450000000000028 5.3254974194092145e-05 1892.1798996692835
11.500000000000028 4.480751114352271e-05 1592.0366730623
11.55000000000003 4.3828238359441086e-05 1557.2425471355996
11.60000000000003 5.0352267706826516e-05 1789.0450666708484
11.65000000000003 6.428908175743595e-05 2284.2280953186605
11.700000000000031 8.53132374329083e-05 3031.2284531004475
11.750000000000032 0.00011285988977176488 4009.9768732723337
11.800000000000033 0.00014619873812786837 5194.525353337873
11.850000000000033 0.00018450099587182626 6555.426627103006
11.900000000000034 0.00022686659319677736 8060.700696030227
11.950000000000035 0.0002723246160115593 9675.85042336556
12.000000000000036 0.0003198335930530723 11363.871735406172
12.050000000000036 0.00036829687419052753 13085.800021505824
12.100000000000037 0.0004165921964373622 14801.760631503623
12.150000000000038 0.00046360676222703906 16472.21522706278
12.200000000000038 0.0005082701964643404 18059.132764681224
12.250000000000039 0.0005495813834274051 19526.943026274825
12.30000000000004 0.0005866273888553468 20843.208931846642
12.35000000000004 0.000618601117591262 21979.253925711055
12.400000000000041 0.0006448222576588304 22910.90613159589
12.450000000000042 0.0006647571643607069 23619.204846108412
12.500000000000043 0.0006780345089018726 24090.95654333418
12.550000000000043 0.0006844601562118217 24319.26349242662
12.600000000000044 0.0006839752876080026 24302.03583172429
12.650000000000045 0.0006766402418318226 24041.417431455087
12.700000000000045 0.0006627612929607857 23548.2903859588
12.750000000000046 0.0006428731585318895 22841.653517238792
12.800000000000047 0.0006176548981774432 21945.634205063372
12.850000000000048 0.00058786937724448 20887.33749450401
12.900000000000048 0.0005543462994638779 19696.24323689864
12.950000000000049 0.0005179883894260097 18404.42575677168
13.00000000000005 0.0004797744239808608 17046.661559225817
13.05000000000005 0.00044074489074414285 15659.919768405747
13.100000000000051 0.00040197096344607 14282.259803774865
13.150000000000052 0.00036451568030493233 12951.45202537311
13.200000000000053 0.00032939671387815784 11703.65492518646
13.250000000000053 0.0002975561603072474 10572.341721622774
13.300000000000054 0.00026983796713123955 9587.498356726155
13.350000000000055 0.0002469710171916731 8775.022457579229
13.400000000000055 0.00022955535960950837 8156.234114984355
13.450000000000056 0.00021801850427056291 7746.323001363601
13.500000000000057 0.00021261762067669265 7554.426497207401
13.550000000000058 0.00021349754755163572 7585.6908057746705
13.600000000000058 0.00022071462913990158 7842.117870518322
13.650000000000059 0.00023421430311450052 8321.769060541024
13.70000000000006 0.0002536991847501698 9014.078125307009
13.75000000000006 0.00027861752587379036 9899.441134504523
13.800000000000061 0.000308245171398522 10952.128440897828
13.850000000000062 0.000341764697255367 12143.096496606751
13.900000000000063 0.0003783017277229277 13441.278228746096
13.950000000000063 0.00041692831800156746 14813.703224233393
14.000000000000064 0.00045666057271551375 16225.413113797278
14.050000000000065 0.0004964689404369587 17639.8273423468
14.100000000000065 0.0005353034780463489 19019.64082624087
14.150000000000066 0.0005721265262200506 20327.98493218096
14.200000000000067 0.0006059451237623532 21529.579177092808
14.250000000000068 0.0006358391277423654 22591.73035278313
14.300000000000068 0.0006609842651278915 23485.151563765394
14.350000000000069 0.000680670909850715 24184.629387202014
14.40000000000007 0.000694320972454389 24669.623971816134
14.45000000000007 0.000701576615885521 24927.421161042417
14.500000000000071 0.0007022230070418234 24950.38781104626
14.550000000000072 0.0006961311685266375 24733.941280653526
14.600000000000072 0.0006831870094344835 24274.02785429396
14.650000000000073 0.0006634920019769564 23574.252898077688
14.700000000000074 0.0006374500929050645 22648.968872678324
14.750000000000075 0.0006057105411420449 21521.244321510276
14.800000000000075 0.0005690727283157167 20219.481734129015
14.850000000000076 0.0005284172919415884 18774.970668570317
14.900000000000077 0.0004846784350151254 17220.903895218184
14.950000000000077 0.00043884217090159994 15592.31503673054
15.000000000000078 0.000391948128414852 13926.142703527057
15.050000000000079 0.00034508042468673494 12260.906201584743
15.10000000000008 0.0002993447674288702 10635.891962612572
15.15000000000008 0.0002558366690121417 9090.02417199219
15.200000000000081 0.00021560752921481177 7660.659669287431
15.250000000000082 0.00017963349603809412 6382.4815550903095
15.300000000000082 0.00014878917187927145 5286.564956210755
15.350000000000083 0.00012382615960481453 4399.614755300415
15.400000000000084 0.00010535669989721232 3743.384216363199
15.450000000000085 9.380916251821167e-05 3333.0935637080956
15.500000000000085 8.943099572970319e-05 3177.534776571656
15.550000000000086 9.234656333795484e-05 3281.1265726047227
15.600000000000087 0.00010260473923738738 3645.6054694198
15.650000000000087 0.00012008014169230267 4266.516581747223
15.700000000000088 0.00014439235918690626 5130.3436693731555
15.750000000000089 0.00017493068973669886 6215.388139119313
15.80000000000009 0.00021092739243785985 7494.371714574014
15.85000000000009 0.0002515156883190414 8936.49723975587
15.900000000000091 0.000295754929278846 10508.342945955734
15.950000000000092 0.0003426358419086014 12174.048767779524
16.000000000000092 0.00039108578708129386 13895.503219371722
16.050000000000093 0.0004399854226894497 15632.935431087435
16.100000000000094 0.0004881963494872151 17345.897422181195
16.150000000000095 0.0005345935590015816 18994.41699377772
16.200000000000095 0.0005780967453277296 20540.110254991177
16.250000000000096 0.000617697708543254 21947.15528201272
16.300000000000097 0.0006524841755697145 23183.138487038457
16.350000000000097 0.0006816595892563363 24219.757735808762
16.400000000000098 0.000704560320059518 25033.433888492444
16.4500000000001 0.0007206715305959566 25605.87447639477
16.5000000000001 0.0007296855127493327 25926.146452951052
16.5500000000001 0.000731440987200687 25988.519471086962
16.6000000000001 0.0007258847283828863 25791.102395752638
16.6500000000001 0.0007130927023398827 25336.594344234276
16.700000000000102 0.0006933691562633354 24635.805394450428
16.750000000000103 0.000667254378735009 23707.932310833086
16.800000000000104 0.0006354655569548007 22578.45716758249
16.850000000000104 0.0005988365225631646 21277.00648304084
16.900000000000105 0.0005582827897116397 19836.1090022056
16.950000000000106 0.0005147883280589274 18290.725733663363
17.000000000000107 0.0004693986366870946 16678.003861844256
17.050000000000107 0.0004232072221323811 15036.796303669982
17.100000000000108 0.00037733137697411995 13406.801107870377
17.15000000000011 0.0003328806072451327 11827.439662693894
17.20000000000011 0.00029092374024429555 10336.688017547316
17.25000000000011 0.00025245935238539665 8970.026167436688
17.30000000000011 0.00021839118866527968 7759.564692515931
17.35000000000011 0.0001895078917917258 6733.324522327619
17.400000000000112 0.0001664661035942742 5914.636519198485
17.450000000000113 0.0001497763512602572 5321.640008078424
17.500000000000114 0.00013977341781397604 4966.2300226036305
17.550000000000114 0.0001366287142660667 4854.496894687988
17.600000000000115 0.00014039032672315003 4988.149151389828
17.650000000000116 0.00015097594846733134 5364.262387626529
17.700000000000117 0.0001680731855664272 5971.737067097466
17.750000000000117 0.0001911458635797263 6791.522603171374
17.800000000000118 0.0002195013833941229 7799.010550530617
17.85000000000012 0.0002523497549900049 8966.132108867425
17.90000000000012 0.00028882818531773114 10262.231744293915
17.95000000000012 0.0003280023704307359 11654.113099575361
18.00000000000012 0.00036886699610825727 13106.056781544003
18.05000000000012 0.00041036064916706463 14580.35016859133
18.100000000000122 0.00045139580124689126 16038.35275183047
18.150000000000123 0.0004908953262212141 17441.793619729528
18.200000000000124 0.0005278266874667127 18753.986151481986
18.250000000000124 0.0005612301021970814 19940.828712005325
18.300000000000125 0.0005902404612805467 20971.58347567979
18.350000000000126 0.0006141045452575447 21819.488121370232
18.400000000000126 0.000632197597040629 22462.34466999711
18.450000000000127 0.0006440728388067583 22884.278848233476
18.500000000000128 0.0006494613330219545 23075.735150631037
18.55000000000013 0.0006482112725114266 23031.319780852235
18.60000000000013 0.0006402625453827826 22748.89692874531
18.65000000000013 0.0006256601842251345 22230.066628133158
18.70000000000013 0.0006046893051323083 21484.959218011783
18.75000000000013 0.0005778984574645431 20533.0649730293
18.800000000000132 0.0005460284491679458 19400.70522610064
18.850000000000133 0.0005099323801822313 18118.19110933628
18.900000000000134 0.0004705272433914517 16718.103907951376
18.950000000000134 0.00042877804062301856 15234.730692564297
19.000000000000135 0.0003856963533785074 13704.013536439079
19.050000000000136 0.00034233493761507794 12163.357464956727
19.100000000000136 0.00029976964848952886 10650.988231362951
19.150000000000137 0.0002590701995976515 9204.913375704287
19.200000000000138 0.00022126641349852204 7861.723086521775
19.25000000000014 0.00018731639730223558 6655.459461157249
19.30000000000014 0.00015808009274837198 5616.676724810206
19.35000000000014 0.00013429871496357037 4771.710677754358
19.40000000000014 0.00011657930575249773 4142.129864870857
19.45000000000014 0.00010535021998562836 3743.1539813732034
19.500000000000142 0.00010086298091230467 3583.7197931486667
19.550000000000143 0.00010325020084248295 3668.5390919339875
19.600000000000144 0.00011254935865574117 3998.943523902556
19.650000000000144 0.00012867515518694305 4571.902360598074
19.700000000000145 0.00015129330499962808 5375.538247966862
19.750000000000146 0.00017981193487294798 6388.821589645586
19.800000000000146 0.00021346196471222644 7584.426527000297
19.850000000000147 0.00025137577611231344 8931.526078483232
19.900000000000148 0.000292625678658797 10397.158869465444
19.95000000000015 0.00033622948783955983 11946.427318646427
20.00000000000015 0.0003811485712961965 13542.428220241904
20.05000000000015 0.00042629730475776667 15146.588718755227
20.10000000000015 0.0004705678369204288 16719.54621941147
20.15000000000015 0.0005128635800670557 18222.338329157727
20.200000000000152 0.0005521329194894918 19617.6005718473
20.250000000000153 0.0005873984359348341 20870.604678583597
20.300000000000153 0.0006177806386616566 21950.10183687437
20.350000000000154 0.0006425171766957457 22829.005277610628
20.400000000000155 0.0006609805667892482 23485.020159663727
20.450000000000156 0.0006727271770289632 23902.383985694913
20.500000000000156 0.0006774959870062372 24071.822550277695
20.550000000000157 0.0006751481920377936 23988.404043085433
20.600000000000158 0.0006656417557815949 23650.634888679157
20.65000000000016 0.0006490473193406133 23061.025006125725
20.70000000000016 0.000625677673636284 22230.68803698247
20.75000000000016 0.000596108199116843 21180.06757990456
20.80000000000016 0.0005611064565071499 19936.43550944144
20.85000000000016 0.0005215546625819282 18531.137495618186
20.900000000000162 0.00047840316467078696 16997.939926307554
20.950000000000163 0.00043265482515896056 15372.475079549127
21.000000000000163 0.0003853625306228887 13692.152621702142
21.050000000000164 0.000337622319749731 11995.915438468599
21.100000000000165 0.00029055429196228215 10323.561307342832
21.150000000000166 0.00024527300980292725 8714.691277269854
21.200000000000166 0.00020285378836007383 7207.5119125544425
21.250000000000167 0.00016430094788509573 5837.707290059619
21.300000000000168 0.0001305212100136222 4637.493751629435
21.35000000000017 0.00010230265539752827 3634.8722566364627
21.40000000000017 8.029904448036852e-05 2853.071290104175
21.45000000000017 6.501623268592644e-05 2310.0641865333696
21.50000000000017 5.675426545164595e-05 2016.511733095771
21.55000000000017 5.566773553059836e-05 1977.9066993292995
21.600000000000172 6.180504603075578e-05 2195.96887553284
21.650000000000173 7.508664040575381e-05 2667.8715718019107
21.700000000000173 9.520060756721446e-05 3382.5324075543385
21.750000000000174 0.0001215966278901115 4320.39820961473
21.800000000000175 0.00015355272831413963 5455.81685940664
21.850000000000176 0.00019023924337995904 6759.309865401912
21.900000000000176 0.00023075010703343146 8198.684178944384
21.950000000000177 0.00027410989474725537 9739.28240488675
22.000000000000178 0.00031927781164185526 11344.124501822282
22.05000000000018 0.00036516275545162567 12974.442977949415
22.10000000000018 0.00041065060089260616 14590.65232036676
22.15000000000018 0.000454637185239163 16153.520991607156
22.20000000000018 0.0004960605317288993 17625.316345769777
22.25000000000018 0.0005339284803106585 18970.7863649077
22.300000000000182 0.000567341873841589 20157.98347796123
22.350000000000183 0.0005955134663944438 21158.936383804496
22.400000000000183 0.0006177854601347941 21950.273146591364
22.450000000000184 0.0006336451007017058 22513.775308611355
22.500000000000185 0.0006427844510737593 22838.501690169775
22.550000000000185 0.0006450405645012956 22918.662699419343
22.600000000000186 0.0006403568698535692 22752.24833150853
22.650000000000187 0.0006287953584236867 22341.461172778723
22.700000000000188 0.0006106508838285684 21696.77754202876
22.75000000000019 0.0005864602789583557 20837.27142097733
22.80000000000019 0.0005569352785097462 19788.23115324619
22.85000000000019 0.0005228934979787527 18578.707088227588
22.90000000000019 0.00048522244646919424 17240.23293544694
22.95000000000019 0.00044487141478460006 15806.537543796978
23.000000000000192 0.00040285108455384794 14313.531013546604
23.050000000000193 0.0003602241143724314 12798.970216519196
23.100000000000193 0.0003180813540158706 11301.613673398197
23.150000000000194 0.0002775081012322336 9860.022638134573
23.200000000000195 0.00023954842882404004 8511.293618624832
23.250000000000195 0.00020517386949687926 7289.94573134976
23.300000000000196 0.00017525888955175538 6227.049267540139
23.350000000000197 0.00015056216355170416 5349.560371298767
23.400000000000198 0.0001317112927600722 4679.778076912719
23.4500000000002 0.00011918945061697124 4234.869814941656
23.5000000000002 0.00011327740577849854 4024.8114574156357
23.5500000000002 0.00011411414314295993 4054.541217805074
23.6000000000002 0.00012173678206273375 4325.377968074927
23.6500000000002 0.00013606110580673762 4834.329439274145
23.700000000000202 0.0001567757214767125 5570.331662413876
23.750000000000203 0.0001833329423325859 6513.925012237265
23.800000000000203 0.00021501370039357388 7639.560589316132
23.850000000000204 0.00025099209232176353 8917.893572463014
23.900000000000205 0.0002903691075813302 10316.98159965031
23.950000000000205 0.00033218173764134993 11802.60842323168
24.000000000000206 0.00037540729437693236 13338.437345221033
24.050000000000207 0.00041897720652130907 14886.501413179814
24.100000000000207 0.0004618025520575123 16408.110600796037
24.150000000000208 0.0005028057146245013 17864.97657822309
24.20000000000021 0.0005409517078995661 19220.32568542451
24.25000000000021 0.0005752761205133131 20439.891831095305
24.30000000000021 0.0006049089512966474 21492.763372712663
24.35000000000021 0.0006290954229166802 22352.122637005097
24.40000000000021 0.0006472124548135742 22995.831212884437
24.450000000000212 0.000658816890605638 23408.14349892028
24.500000000000213 0.000663646617070347 23579.746461380022
24.550000000000214 0.0006615617307904923 23505.66925128769
24.600000000000215 0.0006525197911478632 23184.403929039094
24.650000000000215 0.0006365956543902536 22618.610180223866
24.700000000000216 0.0006141041477331366 21819.4739970991
24.750000000000217 0.0005856167374308505 20807.29990475681
24.800000000000217 0.0005518921998842294 19609.047665655402
24.850000000000218 0.0005138016324463768 18255.667870366768
24.90000000000022 0.00047228360359027454 16780.508397204896
24.95000000000022 0.00042832874579142987 15218.766988474254
25.00000000000022 0.00038297663607564695 13607.38041453577
25.05000000000022 0.00033730838143400084 11984.761029331234
25.10000000000022 0.0002924274519204011 10390.115759302575
25.150000000000222 0.0002494303494815066 8862.403950028563
25.200000000000223 0.0002093731597302018 7439.148931475466
25.250000000000224 0.00017323983729041476 6155.311178035735
25.300000000000225 0.00014191550953691773 5042.339775030247
25.350000000000225 0.00011616549460726839 4127.426916590226
25.400000000000226 9.661848978214025e-05 3432.910579129507
25.450000000000227 8.375287473963433e-05 2975.787868083051
25.500000000000227 7.784197816269887e-05 2765.7703089506686
25.550000000000228 7.901435895168223e-05 2807.4256734915984
25.60000000000023 8.729359869674536e-05 3101.5918291835746
25.65000000000023 0.00010257687590325992 3644.6154691133197
25.70000000000023 0.00012453430203124828 4424.775463491118
25.75000000000023 0.00015260061688939544 5421.987792217902
25.80000000000023 0.00018603837376024524 6610.050548768245
25.850000000000232 0.00022400118796355755 7958.89119806774
25.900000000000233 0.0002655670086374909 9435.748742037778
25.950000000000234 0.0003097471621974671 11005.495038896617
26.000000000000234 0.0003554907348089251 12630.790514939967
26.050000000000235 0.0004016987875883518 14272.589238819324
26.100000000000236 0.00044725091493091586 15891.082554216275
26.150000000000237 0.0004910380194597476 17446.863592663656
26.200000000000237 0.0005319946250621167 18902.075374328222
26.250000000000238 0.0005691271424307042 20221.41509896856
26.30000000000024 0.0006015385370821923 21373.010614840532
26.35000000000024 0.0006284493471693752 22329.167193664558
26.40000000000024 0.0006492132703121633 23066.921339706754
26.45000000000024 0.0006633290835455643 23568.46431239474
26.50000000000024 0.0006705023383351459 23823.334185743744
26.550000000000242 0.00067058488683901 23826.26718162109
26.600000000000243 0.0006635351034528683 23575.784318336562
26.650000000000244 0.0006494340229061364 23074.764806489653
26.700000000000244 0.0006285856833143423 22334.01129540358
26.750000000000245 0.0006015306920075926 21372.731874822468
26.800000000000246 0.0005689909097062238 20216.574671818984
26.850000000000247 0.0005318086806176119 18895.46866113999
26.900000000000247 0.0004909079957947905 17442.243776974396
26.950000000000248 0.00044727711582683266 15892.013487135824
27.00000000000025 0.00040195977443471543 14281.862251758312
27.05000000000025 0.00035604262932517784 12650.39964490753
27.10000000000025 0.0003106336246272227 11036.991559489838
27.15000000000025 0.00026683283225664185 9480.724184143048
27.20000000000025 0.00022570067231755518 8019.274855803012
27.250000000000252 0.00018822805407935327 6687.8511514202555
27.300000000000253 0.00015531078832810248 5518.281744070913
27.350000000000254 0.00012772869780323254 4538.274184743107
27.400000000000254 0.00010612855381949242 3770.8086306892005
27.450000000000255 9.1009493920514e-05 3233.6197262597525
27.500000000000256 8.266707904864689e-05 2937.208921933418
27.550000000000257 8.125381456081312e-05 2886.994820860919
27.600000000000257 8.681866714113816e-05 3084.7172375264013
27.650000000000258 9.929757563074248e-05 3528.100042065646
27.70000000000026 0.00011839326288750005 4206.58080643368
27.75000000000026 0.00014355840461870823 5100.712783337411
27.80000000000026 0.00017406695248861783 6184.69905731715
27.85000000000026 0.0002090921745100553 7429.165364800029
27.90000000000026 0.00024774561893010693 8802.544503395486
27.950000000000262 0.0002890813216102584 10271.225822534405
28.000000000000263 0.0003320911341374275 11799.389228563841
28.050000000000264 0.0003757124702789134 13349.280420752108
28.100000000000264 0.0004188535069452131 14882.106296009475
28.150000000000265 0.00046042871514607916 16359.297384217181
28.200000000000266 0.0004993943051328487 17743.767234545252
28.250000000000266 0.0005347786013648639 19000.99165550066
28.300000000000267 0.0005657059573760141 20099.8584239068
28.350000000000268 0.0005914151645222 21013.32135830145
28.40000000000027 0.0006112750795222335 21718.95557446398
28.45000000000027 0.0006247976047341885 22199.41868210869
28.50000000000027 0.0006316966961409139 22444.547372589495
28.55000000000027 0.0006318298127754319 22449.277083268327
28.60000000000027 0.0006251600144795301 22212.29530905213
28.650000000000272 0.0006117799902685236 21736.89534402945
28.700000000000273 0.0005920011552541651 21034.141946447373
28.750000000000274 0.0005663604568263475 20123.113166266678
28.800000000000274 0.0005355668383746955 19028.99817036147
28.850000000000275 0.0005004454010987361 17781.113279480454
28.900000000000276 0.00046190260653442635 16411.665593976555
28.950000000000276 0.0004209103171133423 14955.185945684738
29.000000000000277 0.00037849628545177585 13448.190976886955
29.050000000000278 0.00033573016272308806 11928.686009724852
29.10000000000028 0.0002937008662801785 10435.360904793384
29.15000000000028 0.0002534872698716537 9006.548667643438
29.20000000000028 0.00021612686101754757 7679.111827292696
29.25000000000028 0.00018258646874967784 6487.402375984267
29.30000000000028 0.00015373713501452382 5462.368935660767
29.350000000000282 0.00013033340057157848 4630.820774004696
29.400000000000283 0.00011299655311055916 4014.8326003964476
29.450000000000284 0.00010216672485477768 3630.0425661777576
29.500000000000284 9.810325773025382e-05 3485.6652393205804
29.550000000000285 0.00010094683937819501 3586.6993327311384
29.600000000000286 0.00011074716142159987 3934.9104183891927
29.650000000000286 0.0001274602193031358 4528.734989032958
29.700000000000287 0.000150800855946736 5358.041249543812
29.750000000000288 0.00018021117403121357 6403.006786838205
29.80000000000029 0.00021493648950153226 7636.81724186047
29.85000000000029 0.00025411183954458143 9028.73998777721
29.90000000000029 0.00029681065792559286 10545.853592709575
29.95000000000029 0.00034205633276497864 12153.45847419979
30.00000000000029 0.00038882035271255877 13815.011031713952
30.050000000000292 0.00043602806091049234 15492.328088258355
30.100000000000293 0.00048257909643261045 17146.313186490064
30.150000000000293 0.0005273784542926947 18738.06016869678
30.200000000000294 0.0005693701330137065 20230.048694307283
30.250000000000295 0.0006075671934414837 21587.21224685128
30.300000000000296 0.0006410771501201242 22777.840304148245
30.350000000000296 0.000669122455165421 23774.30614212608
30.400000000000297 0.000691057946971106 24553.686797401697
30.450000000000298 0.0007063861377967888 25098.306244083724
30.5000000000003 0.0007148136253361513 25397.739729274745
30.5500000000003 0.0007161928218033738 25446.743373957066
30.6000000000003 0.0007104846013960173 25243.927015839665
30.6500000000003 0.0006977858542422093 24792.733216968503
30.7000000000003 0.0006784134174843576 24104.41938346208
30.750000000000302 0.0006529085157930283 23198.215539526536
30.800000000000303 0.0006219842809111532 22099.45966664082
30.850000000000303 0.0005864714025458814 20837.666648447568
30.900000000000304 0.0005472843103180628 19445.326695944306
30.950000000000305 0.0005054056390769787 17957.353391170305
31.000000000000306 0.00046187661094181136 16410.74195560154
31.050000000000306 0.00041778254452778317 14844.05438461099
31.100000000000307 0.00037422952404310206 13296.590487048154
31.150000000000308 0.00033231445835453207 11807.324066597457
31.20000000000031 0.00029309342119065144 10413.778030968926
31.25000000000031 0.0002575524566521049 9150.987094865966
31.30000000000031 0.0002265827916938617 8050.617065206263
31.35000000000031 0.00020096038985337652 7140.238373309466
31.40000000000031 0.00018132875500123788 6442.715082255377
31.450000000000312 0.00016818452839538025 5975.693141926259
31.500000000000313 0.00016181775821624557 5749.478131195696
31.550000000000313 0.00016237361973761583 5769.228211139459
31.600000000000314 0.00016989358148643234 6036.416782399174
31.650000000000315 0.0001842993675811717 6548.262657829624
31.700000000000315 0.0002052847177996961 7293.884235380163
31.750000000000316 0.00023230164527065453 8253.811225956784
31.800000000000317 0.00026462385813464333 9402.23806156412
31.850000000000318 0.00030141374811497356 10709.404037799777
31.90000000000032 0.0003417592688421887 12142.90362196061
31.95000000000032 0.00038468404264297844 13668.045553072752
32.00000000000032 0.0004291505969628304 15247.967833852115
32.05000000000032 0.00047407264971699204 16844.074236298507
32.100000000000314 0.0005183400174107637 18416.919301552833
32.15000000000031 0.0005608510766585748 19927.36171636263
32.20000000000031 0.0006005462231746638 21337.753130288114
32.250000000000306 0.0006364366721296167 22612.96144895447
32.3000000000003 0.000667627913731485 23721.204224355733
32.3500000000003 0.0006933403984058789 24634.783611214963
32.4000000000003 0.0007129281425797646 25330.74744119654
32.450000000000294 0.0007258943091282997 25791.44280515419
32.50000000000029 0.0007319510780045938 26006.643291082462
32.55000000000029 0.0007309565791302434 25971.30817340066
32.600000000000286 0.0007228725200173611 25684.076897963652
32.65000000000028 0.0007077715924828761 25147.532246886065
32.70000000000028 0.0006859471599047831 24372.097589919576
32.75000000000028 0.0006579356882972047 23376.833873466654
32.800000000000274 0.0006244622095654172 22187.50189862698
32.85000000000027 0.0005863753500551692 20834.25384814132
32.90000000000027 0.0005446041183733145 19350.097932775156
32.950000000000266 0.0005001388713429706 17770.22210074481
33.00000000000026 0.00045402347169784833 16131.715396081034
33.05000000000026 0.00040734463874084165 14473.189581396357
33.10000000000026 0.00036121169175834696 12834.05940973121
33.150000000000254 0.0003167276822033653 11253.516934396197
33.20000000000025 0.0002749570356283203 9769.381808211914
33.25000000000025 0.00023689499316630047 8417.01552174055
33.300000000000246 0.00020344187152877225 7228.406846182415
33.35000000000024 0.00017538215468932005 6231.428948859292
33.40000000000024 0.0001533676164911597 5449.239729740645
33.45000000000024 0.0001379032967369405 4899.783543838703
33.500000000000234 0.00012929096677805096 4593.782501041499
33.55000000000023 0.00012769043790116218 4536.914788390815
33.60000000000023 0.00013315974003419136 4731.2422426417315
33.650000000000226 0.00014564810407959812 5174.961008523561
33.70000000000022 0.00016486896704348314 5857.889337847503
33.75000000000022 0.0001902775691901244 6760.671603506772
33.80000000000022 0.0002211468135950956 7857.473633082156
33.850000000000215 0.0002566518025063049 9118.986334429477
33.90000000000021 0.0002959099313903077 10513.850260232992
33.95000000000021 0.0003379813011258904 12008.670253480785
34.000000000000206 0.0003818598745914024 13567.701235920249
34.0500000000002 0.0004264799999072137 15153.07998261897
34.1000000000002 0.0004707434996504529 16725.78761736354
34.1500000000002 0.0005135581516735185 18247.016858300187
34.200000000000195 0.0005538756170487614 19679.519619649942
34.25000000000019 0.0005907205109391397 20988.639916483276
34.30000000000019 0.0006232119632104452 22143.07992568806
34.350000000000186 0.0006505804660292344 23115.49859082563
34.40000000000018 0.0006721829906772647 23883.04873125266
34.45000000000018 0.000687518781455592 24427.938208628533
34.50000000000018 0.0006962884084390589 24739.528105287507
34.550000000000175 0.0006983356902708971 24812.269207687517
34.60000000000017 0.0006936101679282796 24644.368677690996
34.65000000000017 0.000682181252534747 24238.292732487327
34.700000000000166 0.0006643484564325813 23604.683218070135
34.75000000000016 0.0006406472540050943 22762.565847628168
34.80000000000016 0.0006117857414240177 21737.099685895922
34.85000000000016 0.0005785812338703968 20557.324411901925
34.900000000000155 0.0005419266658268057 19254.966502002924
34.95000000000015 0.0005027803553101117 17864.075547179822
35.00000000000015 0.00046216131539107225 16420.857668629105
35.050000000000146 0.00042113648197766396 14963.22171354975
35.10000000000014 0.0003807960120760529 13529.901588131119
35.15000000000014 0.00034222084297567056 12159.303616717878
35.20000000000014 0.0003064491594079758 10888.315100651133
35.250000000000135 0.0002744462932170215 9751.234836230553
35.30000000000013 0.00024707978098311166 8778.886897720009
35.35000000000013 0.00022509929304595795 7997.907503982564
35.40000000000013 0.00020912010501156924 7430.157751602429
35.450000000000124 0.00019953053618638632 7089.434849148761
35.50000000000012 0.00019657225040420396 6984.325251796935
35.55000000000012 0.00020040378464717778 7120.4618698155
35.600000000000115 0.0002111590639844301 7502.603138030307
35.65000000000011 0.0002288210557314072 8130.1438753509965
35.70000000000011 0.0002530791365196187 8992.047454624524
35.75000000000011 0.00028333949512300165 10067.21542104629
35.800000000000104 0.00031882391209330066 11327.997189486841
35.8500000000001 0.0003586590618508901 12743.362999202851
35.9000000000001 0.0004019191829215519 14280.420011921236
35.950000000000095 0.0004476316911234026 15904.611751602983
36.00000000000009 0.0004947718772786872 17579.52971108991
36.05000000000009 0.0005422664933185247 19267.0407684713
36.10000000000009 0.0005890125829275861 20927.956250732812
36.150000000000084 0.0006339077948675692 22523.10898359532
36.20000000000008 0.0006758848948776131 24014.57951921007
36.25000000000008 0.0007139441207152808 25366.845729396267
36.300000000000075 0.0007471802841151751 26547.74575383719
36.35000000000007 0.0007748061464602157 27529.308551141392
36.40000000000007 0.0007961682460493635 28288.316250779015
36.45000000000007 0.000810759762869898 28806.761245848877
36.500000000000064 0.0008182819373348297 29074.02843618634
36.55000000000006 0.000818582306546711 29084.70072725027
36.60000000000006 0.0008116142757025339 28837.122578858452
36.650000000000055 0.0007974503107586233 28333.868748168185
36.70000000000005 0.000776394673455108 27585.74983001353
36.75000000000005 0.0007489974733425015 26612.311533501466
36.80000000000005 0.0007159898677125968 25439.532298241877
36.850000000000044 0.0006782163590482895 24097.417783753677
36.90000000000004 0.0006365964584290091 22618.63874818385
36.95000000000004 0.0005921123397454604 21038.09239544801
37.000000000000036 0.0005458046405368315 19392.753176558304
37.05000000000003 0.0004987613454855779 17721.277813791756
37.10000000000003 0.0004520947728282155 16063.187614613458
37.15000000000003 0.00040691012427682263 14457.751032277247
37.200000000000024 0.0003642721425551972 12942.798988885288
37.25000000000002 0.00032517504135679784 11553.656469478079
37.30000000000002 0.0002905175417442544 10322.255550933916
37.350000000000016 0.0002610826701445 9276.417613102747
37.40000000000001 0.00023752121648945029 8439.265597018957
37.45000000000001 0.00022033776026617058 7828.7275024170085
37.50000000000001 0.00020986155662698456 7456.501954458542
37.550000000000004 0.0002062605765022211 7328.5570570231785
37.6 0.00020958186901272351 7446.564492467434
37.65 0.00021974446529650146 7807.647390499363
37.699999999999996 0.00023643643165407926 8400.72256715147
37.74999999999999 0.0002591187674227438 9206.639018497304
37.79999999999999 0.0002870954858498301 10200.667934434936
37.84999999999999 0.0003195776110306879 11354.77654674516
37.899999999999984 0.0003557094305669318 12638.560901156567
37.94999999999998 0.000394567097452055 14019.196181536281
37.99999999999998 0.000435155236755275 15461.316143412998
38.049999999999976 0.00047641942032376533 16927.45634733075
38.09999999999997 0.0005172763258182646 18379.125726751
38.14999999999997 0.000556651698899567 19778.155406398928
38.19999999999997 0.0005935151368553158 21087.93458455336
38.249999999999964 0.0006269073657387987 22274.379705495543
38.29999999999996 0.0006559616214329338 23306.694141024702
38.34999999999996 0.0006799211493029728 24157.989963195676
38.399999999999956 0.0006981553346219036 24805.861067622074
38.44999999999995 0.0007102087899847105 25234.12727757161
38.49999999999995 0.000715803690000442 25432.917296919713
38.54999999999995 0.0007147786631735252 25396.497503503895
38.599999999999945 0.0007070628207655048 25122.349179625977
38.64999999999994 0.0006926816653667082 24611.378447005813
38.69999999999994 0.0006719030883974129 23873.1036420695
38.749999999999936 0.0006452676625321485 22926.73162322857
38.79999999999993 0.0006135168093496593 21798.605526118914
38.84999999999993 0.0005775086130377754 20519.213576056703
38.89999999999993 0.0005381656979960384 19121.337149245297
38.949999999999925 0.000496457731356468 17639.429077262284
38.99999999999992 0.00045340019283021394 16109.569939002637
39.04999999999992 0.0004100505909430052 14569.333621345355
39.099999999999916 0.00036749285204075866 13057.232651533268
39.14999999999991 0.00032681025723297735 11611.75663118786
39.19999999999991 0.0002890528386972818 10270.213808234634
39.24999999999991 0.00025520521333521244 9067.588188170981
39.299999999999905 0.00022615849512098462 8035.541563643337
39.3499999999999 0.0002026873212079248 7201.597238779489
39.3999999999999 0.00018543150296945234 6588.488080108516
39.449999999999896 0.0001748460006307044 6212.379086415623
39.49999999999989 0.000171201569551797 6082.890351558558
39.54999999999989 0.00017465274169629793 6205.512485189178
39.59999999999989 0.00018531227371267693 6584.251795957844
39.649999999999885 0.00020314503712107825 7217.860148746758
39.69999999999988 0.00022784143167590523 8095.337268548453
39.74999999999988 0.0002588278522730268 9196.302635706137
39.799999999999876 0.00029535458958585047 10494.118646130424
39.84999999999987 0.0003365721567409956 11958.602542038243
39.89999999999987 0.00038156481145427485 13557.217472747792
39.94999999999987 0.0004293535814583513 15255.17998986536
39.999999999999865 0.0004788944095420174 17015.394139462744
40.04999999999986 0.0005290880069082493 18798.801557562914
40.09999999999986 0.000578803763089396 20565.231003195066
40.14999999999986 0.0006269116647377756 22274.532451404746
40.199999999999854 0.0006723149076161052 23887.73581605323
40.24999999999985 0.0007139798777089658 25368.116195972343
40.29999999999985 0.0007509625260779608 26682.130988756006
40.349999999999845 0.0007824309889270118 27800.223594705843
40.39999999999984 0.0008076848522297785 28697.50790013683
40.44999999999984 0.0008261707794651106 29354.323539817015
40.49999999999984 0.0008375176745110255 29757.48525483891
40.549999999999834 0.000841527111072181 29899.94284466644
40.59999999999983 0.0008381269132922388 29779.131859561872
40.64999999999983 0.0008273602547943474 29396.586283216933
40.699999999999825 0.0008094888362477201 28761.604491107526
40.74999999999982 0.0007850182833947012 27892.151657020644
40.79999999999982 0.0007546418450341501 26812.85930998287
40.84999999999982 0.0007191705509115152 25552.543803876535
40.899999999999814 0.0006794925320063419 24142.76094382972
40.94999999999981 0.000636561912481162 22617.411310763768
40.99999999999981 0.0005913980744512403 21012.714138239044
41.049999999999805 0.0005450773123305678 19366.91078656223
41.0999999999998 0.0004987099756805537 17719.452615038255
41.1499999999998 0.0004534068461276166 16109.806334490613
41.1999999999998 0.00041024299068699376 14576.169695041492
41.249999999999794 0.0003702260095372751 13154.343311256627
41.29999999999979 0.0003342715598642429 11876.861010222492
41.34999999999979 0.0003031858011815883 10772.366103682585
41.399999999999785 0.00027765124467724186 9865.108607164
41.44999999999978 0.0002582107134834387 9174.375339136452
41.49999999999978 0.0002452510662884449 8713.911611564257
41.54999999999978 0.00023897982833045908 8491.090915662762
41.599999999999774 0.0002394698272756025 8508.500860346623
41.64999999999977 0.0002466795060947161 8764.664900439453
41.69999999999977 0.00026033689231491354 9249.919697365909
41.749999999999766 0.00027992779648287343 9945.99580375661
41.79999999999976 0.0003047745880299404 10828.816615297785
41.84999999999976 0.00033411397002686404 11871.261752553271
41.89999999999976 0.0003671258384782767 13044.192448315755
41.949999999999754 0.00040292338612426084 14316.099929977794
41.99999999999975 0.00044053889495028204 15652.600619228446
42.04999999999975 0.0004789311253015521 17016.69867154156
42.099999999999746 0.0005170175836506167 18369.932468539366
42.14999999999974 0.0005537186717007546 19673.943261059238
42.19999999999974 0.0005879980139572194 20891.90803098231
42.24999999999974 0.0006188931556392458 21989.630205724254
42.299999999999734 0.0006455372788522172 22936.31124633753
42.34999999999973 0.0006671730635919865 23705.043136976663
42.39999999999973 0.000683164676135238 24273.23433931127
42.449999999999726 0.0006931009533413122 24626.275990187925
42.49999999999972 0.0006967123837995509 24754.59219398942
42.54999999999972 0.0006938063818112765 24651.34026994245
42.59999999999972 0.0006842633503618008 24312.270867245927
42.649999999999714 0.0006680203130986032 23735.146399830235
42.69999999999971 0.0006452942484065085 22927.676234653893
42.74999999999971 0.0006166372868815687 21909.477889735674
42.799999999999706 0.0005828343482636032 20708.440015422624
42.8499999999997 0.0005447823073339277 19356.429089154775
42.8999999999997 0.0005034184147740964 17886.746167357862
42.9499999999997 0.0004597022534695999 16333.485782523332
42.999999999999694 0.0004146249627304876 14731.863685078795
43.04999999999969 0.0003692176504647126 13118.51573275104
43.09999999999969 0.0003245439390776864 11531.233042084838
43.149999999999686 0.00028167549096400855 10008.092395070584
43.19999999999968 0.00024165739643185516 8586.22645216668
43.24999999999968 0.00020547216398864984 7300.544306413438
43.29999999999968 0.0001740083720159713 6182.6176593908085
43.349999999999675 0.00014803567077258475 5259.792627991144
43.39999999999967 0.00012818627598411465 4554.532201003463
43.44999999999967 0.00011494216523532771 4083.96131955839
43.499999999999666 0.00010858266333400204 3858.0045549237743
43.54999999999966 0.00010924892671534001 3881.677276526431
43.59999999999966 0.00011698637020625666 4156.593099318503
43.64999999999966 0.00013174228713309035 4680.879324833975
43.699999999999655 0.00015323157429005145 5444.406071996194
43.74999999999965 0.0001809155841596459 6428.034884331696
43.79999999999965 0.00021407839305480618 7606.328580978669
43.849999999999646 0.0002519034130447792 8950.27332253026
43.89999999999964 0.00029350789992554525 10428.504699094763
43.94999999999964 0.00033794473638040117 12007.371087017966
43.99999999999964 0.0003841996508520069 13650.834833805464
44.049999999999635 0.00043120270092956525 15320.8802694818
44.09999999999963 0.00047785536681346785 16978.47635299094
44.14999999999963 0.0005230643687563882 18584.778225351874
44.199999999999626 0.0005657742739433795 20102.285750884974
44.24999999999962 0.0006049954307974756 21495.836039175785
44.29999999999962 0.0006398268004059513 22733.4146587974
44.34999999999962 0.0006694756582629345 23786.855651570593
44.399999999999615 0.0006932761650329412 24632.50136248609
44.44999999999961 0.0007107060803044841 25251.79628899477
44.49999999999961 0.0007214199609590266 25632.46663817372
44.549999999999606 0.0007252372408904038 25768.096792292996
44.5999999999996 0.0007221005898218587 25656.64977360614
44.6499999999996 0.0007120772546380117 25300.514902647414
44.6999999999996 0.0006954536062284423 24709.86710202852
44.749999999999595 0.0006727369189130529 23902.730120446424
44.79999999999959 0.000644597470837988 22902.919326409232
44.84999999999959 0.0006118148421901762 21738.133652875036
44.89999999999959 0.0005752522945280356 20439.045280118346
44.949999999999584 0.0005358505801361098 19039.079678535487
44.99999999999958 0.000494622912027263 17574.236889926073
45.04999999999958 0.0004526391141435419 16082.528375002643
45.099999999999575 0.00041099761608731904 14602.981970061499
45.14999999999957 0.000370790982874999 13174.417139282421
45.19999999999957 0.00033307200553953905 11834.240154309698
45.24999999999957 0.00029882473970500655 10617.415078128894
45.299999999999564 0.00026894107551426614 9555.631281105505
45.34999999999956 0.00024420079145777445 8676.594742036159
45.39999999999956 0.00022525445380017976 8003.420454928441
45.449999999999555 0.00021260957294885405 7554.1405568030605
45.49999999999955 0.00020656520232836662 7339.38058804306
45.54999999999955 0.0002072777661582514 7364.698391244417
45.59999999999955 0.00021480698860214687 7632.216000333002
45.649999999999544 0.00022912479841888156 8140.93602794534
45.69999999999954 0.0002499775345705696 8881.84575133618
45.74999999999954 0.00027685379476460957 9836.77475256149
45.799999999999535 0.00030905206018467385 10980.797664111806
45.84999999999953 0.0003457569013749515 12284.941807862067
45.89999999999953 0.00038608061310078565 13717.666505645251
45.94999999999953 0.0004290736512368742 15245.233907900163
45.999999999999524 0.00047372604082407513 16831.759022740545
46.04999999999952 0.0005189769618550021 18439.550304437205
46.09999999999952 0.0005637369148117459 20029.897207737158
46.149999999999515 0.0006069179587387573 21564.144564005554
46.19999999999951 0.0006474655147155191 23004.822576923547
46.24999999999951 0.0006843870763143053 24316.666921585245
46.29999999999951 0.0007167761879976032 25467.470710765912
46.349999999999504 0.0007438347261508004 26428.876152843735
46.3999999999995 0.0007648896786544786 27176.97073966584
46.4499999999995 0.0007794095641409304 27692.870632187274
46.499999999999496 0.0007870751714399349 27965.234073714273
46.54999999999949 0.0007877134271967404 27987.911668289275
46.59999999999949 0.0007812525055884259 27758.35140306342
46.64999999999949 0.0007677173270404051 27277.438715101947
46.699999999999484 0.0007473644442108602 26554.28906808435
46.74999999999948 0.0007207091587939025 25607.211427935756
46.79999999999948 0.0006884590286857923 24461.345734153205
46.849999999999476 0.0006514396778878238 23146.026882933238
46.89999999999947 0.0006105518014293956 21693.257087330156
46.94999999999947 0.000566757931347819 20137.23566489785
46.99999999999947 0.0005210799264377159 18514.2698470404
47.049999999999464 0.00047459021999574156 16862.463806342177
47.09999999999946 0.0004283905886224752 15220.964299873112
47.14999999999946 0.00038358148993920317 13628.871220609342
47.199999999999456 0.0003412286452035694 12124.050258524068
47.24999999999945 0.0003023321345962944 10742.034838328378
47.29999999999945 0.00026780020465917893 9515.095482660709
47.34999999999945 0.00023842836582643612 8471.497135338495
47.399999999999444 0.00021488225129167386 7634.890127031458
47.44999999999944 0.00019768311860727337 7023.795038738694
47.49999999999944 0.0001871759246229816 6650.468385973018
47.549999999999436 0.0001835413113437639 6521.328483192448
47.59999999999943 0.00018683860550200643 6638.483243361604
47.64999999999943 0.0001970083029887822 6999.818451225231
47.69999999999943 0.00021377153250297742 7595.4256488684105
47.749999999999424 0.0002366200070198011 8407.245105606326
47.79999999999942 0.0002648782927970368 9411.278271633613
47.84999999999942 0.0002977684070877941 10579.882971956617
47.899999999999416 0.0003344401624857991 11882.851558455179
47.94999999999941 0.0003739737784292909 13287.503698119886
47.99999999999941 0.000415378082176897 14758.622452688976
48.04999999999941 0.0004576017024025213 16258.851993520466
48.099999999999405 0.0004995602920782289 17749.664846297186
48.1499999999994 0.0005401723331030555 19192.634050106244
48.1999999999994 0.000578393851845701 20550.666620661686
48.249999999999396 0.000613246685898993 21789.007884367795
48.29999999999939 0.0006438407486422663 22876.032551041364
48.34999999999939 0.0006693925840513806 23783.903976996306
48.39999999999939 0.0006892412394312193 24489.138132369524
48.449999999999385 0.0007028642300511352 24973.170833811484
48.49999999999938 0.0007099475149566217 25224.844025369974
48.54999999999938 0.0007103189952573 25238.04293436775
48.599999999999376 0.0007039024493794099 25010.059364397373
48.64999999999937 0.0006907045404434822 24541.13005996822
48.69999999999937 0.0006709557605166346 23839.444536952444
48.74999999999937 0.0006451471653371489 22922.450288502656
48.799999999999365 0.0006139694918911576 21814.689597492837
48.84999999999936 0.0005782397255874686 20545.19042595402
48.89999999999936 0.0005388546537418822 19145.816143626107
48.949999999999356 0.0004967722986662563 17650.605834920738
48.99999999999935 0.0004530068594035322 16095.594575853971
49.04999999999935 0.0004086206374285939 14518.526549548282
49.09999999999935 0.0003647051094712065 12958.182552732465
49.149999999999345 0.0003223524267424882 11453.36734684619
49.19999999999934 0.00028262278602138226 10041.750333953174
49.24999999999934 0.0002465133885386507 8758.762648014665
49.299999999999336 0.00021493141449276636 7636.636923876605
49.34999999999933 0.00018867170102695592 6703.614182939976
49.39999999999933 0.0001683987624637943 5983.305001742397
49.44999999999933 0.00015463260077136292 5494.185349649774
49.499999999999325 0.00014768238239778024 5247.240088595377
49.54999999999932 0.00014771413252814085 5248.368189010209
49.59999999999932 0.00015479731096429677 5500.037597652077
49.64999999999932 0.000168918801016623 6001.78227098544
49.699999999999314 0.00018983410095122012 6744.914921610013
49.74999999999931 0.0002170305248992165 7711.219525377747
49.79999999999931 0.0002497979501962271 8875.46501510322
49.849999999999305 0.0002873100709664014 10208.292267194249
49.8999999999993 0.000328668706403301 11677.788400386116
49.9499999999993 0.00037291386019590897 13249.844192940354
49.9999999999993 0.00041902339390827045 14888.142477635278
50.049999999999294 0.00046592159675216813 16554.462630724007
