# Body fitted drag for model part Drag_structure
# Time Fx Fy Fz
0.05 -0.00000000 -0.00000000 -0.00000000
0.1 1147.38388716 0.13107607 -0.00000000
0.15000000000000002 2683.06670468 0.37080272 -0.00000000
0.2 4466.88872234 0.65787080 -0.00000000
0.25 6341.54649269 0.91175634 -0.00000000
0.3 8144.05939227 1.03946584 -0.00000000
0.35 9714.85104589 0.94366122 -0.00000000
0.39999999999999997 10910.17052252 0.53523566 -0.00000000
0.44999999999999996 11617.66930195 -0.25442417 -0.00000000
0.49999999999999994 11898.08861804 -2.90779995 -0.00000000
0.5499999999999999 10688.47818945 -7.60313387 -0.00000000
0.6 8521.00728000 -11.20503147 -0.00000000
0.65 6236.19522637 -12.46809481 -0.00000000
0.7000000000000001 4567.29713674 -10.81443279 -0.00000000
0.7500000000000001 3899.67825529 -6.67452297 -0.00000000
0.8000000000000002 4237.16588461 -1.42559587 -0.00000000
0.8500000000000002 5277.86057740 3.10090934 -0.00000000
0.9000000000000002 6568.89190621 5.28231339 -0.00000000
0.9500000000000003 7669.63466087 4.23273966 -0.00000000
1.0000000000000002 8281.42974140 0.05645044 -0.00000000
1.0500000000000003 8314.90155834 -6.16793576 -0.00000000
1.1000000000000003 7881.95188949 -12.65510522 -0.00000000
1.1500000000000004 7223.12477655 -17.43576946 -0.00000000
1.2000000000000004 6604.16521491 -19.04241773 -0.00000000
1.2500000000000004 6223.62181459 -17.09898450 -0.00000000
1.3000000000000005 6186.01491709 -13.92426251 -0.00000000
1.3500000000000005 6332.76602530 -9.83180712 -0.00000000
1.4000000000000006 6489.54798066 -7.78540805 -0.00000000
1.4500000000000006 6702.22074539 -6.07796320 -0.00000000
1.5000000000000007 6950.41803735 -5.06028312 -0.00000000
1.5500000000000007 7201.56453213 -4.99484065 -0.00000000
1.6000000000000008 7429.14357550 -6.05318883 -0.00000000
1.6500000000000008 7610.52255909 -8.28007034 -0.00000000
1.7000000000000008 7731.09800450 -11.58654058 -0.00000000
1.7500000000000009 7785.36787327 -15.75337025 -0.00000000
1.800000000000001 7777.02354907 -20.45157815 -0.00000000
1.850000000000001 7717.76619725 -25.27860921 -0.00000000
1.900000000000001 7625.11313371 -29.80724583 -0.00000000
1.950000000000001 7519.57504324 -33.64157931 -0.00000000
2.000000000000001 7421.65483602 -36.47251442 -0.00000000
2.0500000000000007 7349.10991585 -38.12407996 -0.00000000
2.1000000000000005 7314.84079081 -38.58263625 -0.00000000
2.1500000000000004 7325.64223210 -38.00346118 -0.00000000
2.2 7381.90554636 -36.69287681 -0.00000000
2.25 7552.48039510 -33.37723122 -0.00000000
2.3 7734.98196586 -30.83205544 -0.00000000
2.3499999999999996 7901.88875960 -30.14715372 -0.00000000
2.3999999999999995 8031.01574410 -32.06274370 -0.00000000
2.4499999999999993 8116.34161903 -36.64100695 -0.00000000
2.499999999999999 8162.37868015 -43.27065633 -0.00000000
2.549999999999999 8181.26548757 -50.82034051 -0.00000000
2.5999999999999988 8187.59322588 -57.95589650 -0.00000000
2.6499999999999986 8194.50510293 -63.50933808 -0.00000000
2.6999999999999984 8211.52190066 -66.79250489 -0.00000000
2.7499999999999982 8244.04050785 -67.76385489 -0.00000000
2.799999999999998 8293.89559242 -67.00585809 -0.00000000
2.849999999999998 8334.82422690 -66.39323185 -0.00000000
2.8999999999999977 8395.42233937 -65.90466012 -0.00000000
2.9499999999999975 8472.09237893 -66.06835450 -0.00000000
2.9999999999999973 8563.88745151 -67.18905887 -0.00000000
3.049999999999997 8665.41397907 -69.46717034 -0.00000000
3.099999999999997 8771.55433230 -72.90760136 -0.00000000
3.149999999999997 8876.71091273 -77.32943185 -0.00000000
3.1999999999999966 8975.75846444 -82.40546037 -0.00000000
3.2499999999999964 9065.00794783 -87.89598397 -0.00000000
3.2999999999999963 9142.45629955 -93.56290136 -0.00000000
3.349999999999996 9208.02329037 -99.16419562 -0.00000000
3.399999999999996 9263.45213117 -104.44427900 -0.00000000
3.4499999999999957 9311.93758820 -109.13037605 -0.00000000
3.4999999999999956 9357.55114953 -113.11849955 -0.00000000
3.5499999999999954 9404.53501320 -116.44009611 -0.00000000
3.599999999999995 9456.61716708 -119.21615266 -0.00000000
3.649999999999995 9516.46414572 -121.61827057 -0.00000000
3.699999999999995 9585.34496970 -123.83794751 -0.00000000
3.7499999999999947 9663.05925804 -126.06837434 -0.00000000
3.7999999999999945 9748.12847485 -128.50218556 -0.00000000
3.8499999999999943 9904.19791937 -133.48260671 -0.00000000
3.899999999999994 10021.28121484 -137.69651082 -0.00000000
3.949999999999994 10097.05028335 -141.51448829 -0.00000000
3.999999999999994 10144.78869409 -145.82347653 -0.00000000
4.049999999999994 10185.83314387 -152.98846215 -0.00000000
4.099999999999993 10234.76450970 -159.95496633 -0.00000000
4.149999999999993 10284.24936828 -165.17141906 -0.00000000
4.199999999999993 10350.52399469 -169.17953898 -0.00000000
4.249999999999993 10426.64506548 -172.26350739 -0.00000000
4.299999999999993 10509.12169643 -175.22042154 -0.00000000
4.3499999999999925 10593.48578746 -178.72700481 -0.00000000
4.399999999999992 10676.90868555 -183.15574802 -0.00000000
4.449999999999992 10741.42203903 -187.09916308 -0.00000000
4.499999999999992 10807.55637936 -192.01706579 -0.00000000
4.549999999999992 10891.31733319 -198.49182552 -0.00000000
4.599999999999992 10977.30760718 -205.11227702 -0.00000000
4.6499999999999915 11029.59281178 -208.37031314 -0.00000000
4.699999999999991 11095.32857795 -212.41585051 -0.00000000
4.749999999999991 11176.56929688 -217.53465627 -0.00000000
4.799999999999991 11268.25654424 -223.39649221 -0.00000000
4.849999999999991 11366.60799811 -229.76716172 -0.00000000
4.899999999999991 11465.89705222 -236.28692706 -0.00000000
4.94999999999999 11561.19845648 -242.68518347 -0.00000000
4.99999999999999 11649.14699081 -248.81336113 -0.00000000
5.04999999999999 11728.58242162 -254.65470311 -0.00000000
5.09999999999999 11800.59121014 -260.29376891 -0.00000000
5.14999999999999 11867.99802923 -265.86588720 -0.00000000
5.1999999999999895 11934.48106486 -271.50573139 -0.00000000
5.249999999999989 12003.57278238 -277.30982922 -0.00000000
5.299999999999989 12077.81500383 -283.32005198 -0.00000000
5.349999999999989 12158.26857121 -289.52716419 -0.00000000
5.399999999999989 12244.46118715 -295.88788254 -0.00000000
5.449999999999989 12334.73054487 -302.34698967 -0.00000000
5.4999999999999885 12426.82018181 -308.85753972 -0.00000000
5.549999999999988 12518.53787535 -315.39422544 -0.00000000
5.599999999999988 12608.30118981 -321.95090851 -0.00000000
5.649999999999988 12695.45217025 -328.51840107 -0.00000000
5.699999999999988 12780.28534039 -335.07110766 -0.00000000
5.749999999999988 12863.81839905 -341.57449768 -0.00000000
5.799999999999987 12947.41190432 -347.99718609 -0.00000000
5.849999999999987 13032.36573064 -354.31935781 -0.00000000
5.899999999999987 13119.60135999 -360.53624424 -0.00000000
5.949999999999987 13209.49830658 -366.65757049 -0.00000000
5.999999999999987 13301.90374663 -372.70578661 -0.00000000
6.0499999999999865 13396.29453168 -378.71920220 -0.00000000
6.099999999999986 13492.02984985 -384.76244145 -0.00000000
6.149999999999986 13588.48130701 -390.88675641 -0.00000000
6.199999999999986 13685.06276403 -397.06795467 -0.00000000
6.249999999999986 13781.39730107 -403.23225095 -0.00000000
6.299999999999986 13877.40667435 -409.28793369 -0.00000000
6.349999999999985 13973.28316220 -415.14252239 -0.00000000
6.399999999999985 14069.39397450 -420.71462810 -0.00000000
6.449999999999985 14166.16259745 -425.94375235 -0.00000000
6.499999999999985 14263.96506270 -430.79862680 -0.00000000
6.549999999999985 14363.06625411 -435.27764478 -0.00000000
6.5999999999999845 14463.59101562 -439.39878643 -0.00000000
6.649999999999984 14565.52627073 -443.19299268 -0.00000000
6.699999999999984 14668.75891032 -446.69884180 -0.00000000
6.749999999999984 14773.13200459 -449.95501983 -0.00000000
6.799999999999984 14878.49857706 -452.99211129 -0.00000000
6.849999999999984 14984.75914409 -455.82559878 -0.00000000
6.8999999999999835 15091.87731729 -458.45157663 -0.00000000
6.949999999999983 15199.87497869 -460.84604163 -0.00000000
6.999999999999983 15308.81366768 -462.96787505 -0.00000000
7.049999999999983 15418.77081507 -464.76481770 -0.00000000
7.099999999999983 15529.81868905 -466.18110132 -0.00000000
7.149999999999983 15642.01117226 -467.16509510 -0.00000000
7.199999999999982 15755.37995486 -467.67541617 -0.00000000
7.249999999999982 15869.93861036 -467.68439072 -0.00000000
7.299999999999982 16064.08009283 -467.96323015 -0.00000000
7.349999999999982 16180.63335833 -468.54206687 -0.00000000
7.399999999999982 16244.58296476 -467.93588235 -0.00000000
7.4499999999999815 16300.68829807 -466.10243924 -0.00000000
7.499999999999981 16381.74257966 -462.76818128 -0.00000000
7.549999999999981 16499.75006329 -458.35556047 -0.00000000
7.599999999999981 16645.59846903 -453.47154009 -0.00000000
7.649999999999981 16800.24700267 -448.62702476 -0.00000000
7.699999999999981 16947.06827028 -443.99938281 -0.00000000
7.7499999999999805 17079.11102403 -439.40234863 -0.00000000
7.79999999999998 17199.30976828 -434.42518683 -0.00000000
7.84999999999998 17315.83349320 -428.63520003 -0.00000000
7.89999999999998 17389.91012006 -423.99318015 -0.00000000
7.94999999999998 17498.55733066 -416.50969631 -0.00000000
7.99999999999998 17645.04421297 -406.79340459 -0.00000000
8.04999999999998 17818.05469506 -395.07001539 -0.00000000
8.09999999999998 18003.40830929 -382.35266403 -0.00000000
8.14999999999998 18184.98359930 -369.36248736 -0.00000000
8.199999999999982 18350.94263189 -356.56306699 -0.00000000
8.249999999999982 18496.29517376 -344.03270508 -0.00000000
8.299999999999983 18623.28941823 -331.52423391 -0.00000000
8.349999999999984 18739.55307509 -318.59810966 -0.00000000
8.399999999999984 18854.94047727 -304.77132409 -0.00000000
8.449999999999985 18978.26812319 -289.63563391 -0.00000000
8.499999999999986 19114.94899013 -272.92401823 -0.00000000
8.549999999999986 19266.07249588 -254.52726576 -0.00000000
8.599999999999987 19428.92835356 -234.47561175 -0.00000000
8.649999999999988 19598.53277925 -212.90229485 -0.00000000
8.699999999999989 19769.50240989 -190.00083335 -0.00000000
8.74999999999999 19937.65384066 -165.98154162 -0.00000000
8.79999999999999 20100.92152956 -141.02949844 -0.00000000
8.84999999999999 20259.47751752 -115.26677565 -0.00000000
8.899999999999991 20415.19694666 -88.72432283 -0.00000000
8.949999999999992 20570.77124982 -61.33044145 -0.00000000
8.999999999999993 20728.80218234 -32.92105248 -0.00000000
9.049999999999994 20891.13534825 -3.27178343 -0.00000000
9.099999999999994 21058.55994873 27.85492416 -0.00000000
9.149999999999995 21230.86647517 60.66048600 -0.00000000
9.199999999999996 21407.15878638 95.27713604 -0.00000000
9.249999999999996 21586.28344096 131.77069954 -0.00000000
9.299999999999997 21767.14066791 170.05666831 -0.00000000
9.349999999999998 21949.00508840 210.03247928 -0.00000000
9.399999999999999 22131.59907036 251.53911926 -0.00000000
9.45 22315.04208616 294.42874953 -0.00000000
9.5 22499.68787083 338.61563520 -0.00000000
9.55 22685.94126705 384.10115203 -0.00000000
9.600000000000001 22874.13898958 430.96621074 -0.00000000
9.650000000000002 23064.49553119 479.33413985 -0.00000000
9.700000000000003 23257.10201753 529.33477847 -0.00000000
9.750000000000004 23451.94858032 581.09181184 -0.00000000
9.800000000000004 23648.96180989 634.71030564 -0.00000000
9.850000000000005 23848.03127772 690.23006116 -0.00000000
9.900000000000006 24049.01297428 747.58400341 -0.00000000
9.950000000000006 24251.70504421 806.57306240 -0.00000000
10.000000000000007 24455.83980813 866.92053556 -0.00000000
10.050000000000008 23089.25378772 946.53676667 -0.00000000
10.100000000000009 20795.27046852 1022.34766927 -0.00000000
10.15000000000001 18303.93663949 1076.51483460 -0.00000000
10.20000000000001 16249.32896191 1106.26508255 -0.00000000
10.25000000000001 15029.23519561 1124.45521510 -0.00000000
10.300000000000011 14765.59962023 1153.34294938 -0.00000000
10.350000000000012 15338.74583913 1209.42621608 -0.00000000
10.400000000000013 16471.25819967 1290.92307124 -0.00000000
10.450000000000014 17822.76386947 1383.96731492 -0.00000000
10.500000000000014 19078.47979193 1469.41646381 -0.00000000
10.550000000000015 20013.82507900 1532.40125405 -0.00000000
10.600000000000016 20522.26659582 1567.96059538 -0.00000000
10.650000000000016 20609.49230418 1581.37971989 -0.00000000
10.700000000000017 20365.24775893 1585.99786795 -0.00000000
10.750000000000018 19924.45337129 1598.03970193 -0.00000000
10.800000000000018 19004.21890502 1653.24458688 -0.00000000
10.85000000000002 18433.53687088 1747.94178543 -0.00000000
10.90000000000002 18326.56760724 1868.69151253 -0.00000000
10.95000000000002 18611.83059893 1991.31853655 -0.00000000
11.000000000000021 19107.67577217 2089.87356133 -0.00000000
11.050000000000022 19612.94832777 2151.47742315 -0.00000000
11.100000000000023 20127.68362532 2187.22785645 -0.00000000
11.150000000000023 20226.19955096 2206.50743747 -0.00000000
11.200000000000024 20051.63636655 2235.23022353 -0.00000000
11.250000000000025 19814.54004000 2308.11354964 -0.00000000
11.300000000000026 19684.62732628 2408.31953022 -0.00000000
11.350000000000026 19714.39409014 2515.16349845 -0.00000000
11.400000000000027 19861.41960007 2612.45128895 -0.00000000
11.450000000000028 20044.52196457 2695.14614061 -0.00000000
11.500000000000028 20196.09846428 2766.94142397 -0.00000000
11.55000000000003 20287.66250800 2835.45963862 -0.00000000
11.60000000000003 20328.81631785 2909.62224322 -0.00000000
11.65000000000003 20347.98015004 2992.90086742 -0.00000000
11.700000000000031 20369.82715202 3086.71636995 -0.00000000
11.750000000000032 20409.42134074 3188.28232555 -0.00000000
11.800000000000033 20468.98868879 3289.31340263 -0.00000000
11.850000000000033 20542.10941481 3382.70449660 -0.00000000
11.900000000000034 20618.22660975 3473.07513912 -0.00000000
11.950000000000035 20687.37884128 3563.14614269 -0.00000000
12.000000000000036 20742.62904154 3653.98988428 -0.00000000
12.050000000000036 20786.68692277 3750.39281691 -0.00000000
12.100000000000037 20826.63439190 3855.16001534 -0.00000000
12.150000000000038 20868.28049157 3966.36330350 -0.00000000
12.200000000000038 20914.61054685 4080.76285850 -0.00000000
12.250000000000039 20966.48692872 4195.72918608 -0.00000000
12.30000000000004 21020.71734338 4309.85952553 -0.00000000
12.35000000000004 21073.30178312 4422.67402247 -0.00000000
12.400000000000041 21121.72031428 4535.01063659 -0.00000000
12.450000000000042 21165.36598330 4648.45111532 -0.00000000
12.500000000000043 21205.04126794 4763.92072756 -0.00000000
12.550000000000043 21241.59359488 4879.67611449 -0.00000000
12.600000000000044 21276.40019437 4995.38551723 -0.00000000
12.650000000000045 21310.23891213 5112.96526410 -0.00000000
12.700000000000045 21342.94549101 5233.04195798 -0.00000000
12.750000000000046 21374.78705529 5353.08492000 -0.00000000
12.800000000000047 21404.99580961 5470.86072510 -0.00000000
12.850000000000048 21432.90460591 5585.98095784 -0.00000000
12.900000000000048 21458.57006495 5699.52333026 -0.00000000
12.950000000000049 21481.94802622 5812.11255253 -0.00000000
13.00000000000005 21502.77558452 5923.46379054 -0.00000000
13.05000000000005 21520.87328794 6032.90041523 -0.00000000
13.100000000000051 21536.29725007 6139.83508463 -0.00000000
13.150000000000052 21549.23659633 6243.88517294 -0.00000000
13.200000000000053 21559.84978432 6344.79935913 -0.00000000
13.250000000000053 21568.22190586 6442.44557445 -0.00000000
13.300000000000054 21574.42313330 6536.83867437 -0.00000000
13.350000000000055 21578.52895618 6628.00731557 -0.00000000
13.400000000000055 21580.59399751 6715.82360202 -0.00000000
13.450000000000056 21580.62205079 6800.02143470 -0.00000000
13.500000000000057 21578.55087181 6880.34212545 -0.00000000
13.550000000000058 21574.30543115 6956.61109698 -0.00000000
13.600000000000058 21567.89068450 7028.69899026 -0.00000000
13.650000000000059 21559.42370024 7096.46363447 -0.00000000
13.70000000000006 21549.08732502 7159.73910778 -0.00000000
13.75000000000006 21537.06977214 7218.37888168 -0.00000000
13.800000000000061 21523.53907768 7272.32864315 -0.00000000
13.850000000000062 21508.64017421 7321.68211594 -0.00000000
13.900000000000063 21492.54973690 7366.91123530 -0.00000000
13.950000000000063 21475.65475421 7409.73449353 -0.00000000
14.000000000000064 21457.67841553 7449.89390868 -0.00000000
14.050000000000065 21437.65397086 7484.96463011 -0.00000000
14.100000000000065 21415.14376944 7513.83527099 -0.00000000
14.150000000000066 21390.56687988 7536.60719684 -0.00000000
14.200000000000067 21364.78524395 7553.81566149 -0.00000000
14.250000000000068 21338.53290285 7566.01950769 -0.00000000
14.300000000000068 21312.34544369 7573.76726171 -0.00000000
14.350000000000069 21286.28627396 7577.01202410 -0.00000000
14.40000000000007 21260.16895282 7575.37761674 -0.00000000
14.45000000000007 21233.87130726 7568.65673609 -0.00000000
14.500000000000071 21207.36754631 7556.83595087 -0.00000000
14.550000000000072 21180.70315316 7540.05948367 -0.00000000
14.600000000000072 21153.93313096 7518.51614218 -0.00000000
14.650000000000073 21127.08934327 7492.32355444 -0.00000000
14.700000000000074 21100.20311589 7461.48725884 -0.00000000
14.750000000000075 21073.35868086 7425.94842644 -0.00000000
14.800000000000075 21046.72613852 7385.67214743 -0.00000000
14.850000000000076 21020.51990759 7340.68061730 -0.00000000
14.900000000000077 20994.91740796 7291.04814759 -0.00000000
14.950000000000077 20970.02418081 7236.99319394 -0.00000000
15.000000000000078 20945.84991295 7178.87638289 -0.00000000
15.050000000000079 20922.36625813 7116.97039165 -0.00000000
15.10000000000008 20899.56132393 7051.33869874 -0.00000000
15.15000000000008 20877.43651695 6981.92233647 -0.00000000
15.200000000000081 20855.97671932 6908.69384763 -0.00000000
15.250000000000082 20835.13230478 6831.75072802 -0.00000000
15.300000000000082 20814.82439768 6751.30976639 -0.00000000
15.350000000000083 20794.95531763 6667.64485444 -0.00000000
15.400000000000084 20775.40247922 6581.03591753 -0.00000000
15.450000000000085 20756.01277460 6491.74208648 -0.00000000
15.500000000000085 20736.66700663 6399.92651472 -0.00000000
15.550000000000086 20717.42196512 6305.52202679 -0.00000000
15.600000000000087 20698.51839817 6208.28292103 -0.00000000
15.650000000000087 20680.15855709 6108.08432330 -0.00000000
15.700000000000088 20662.31477230 6005.10039540 -0.00000000
15.750000000000089 20644.74521176 5899.69986249 -0.00000000
15.80000000000009 20627.14162900 5792.24141372 -0.00000000
15.85000000000009 20609.26688560 5682.95801663 -0.00000000
15.900000000000091 20591.00616296 5571.96318063 -0.00000000
15.950000000000092 20572.34465786 5459.30405209 -0.00000000
16.000000000000092 20558.93586493 5374.94932488 -0.00000000
16.050000000000093 20536.56996237 5256.67198072 -0.00000000
16.100000000000094 20523.89103451 5185.51288555 -0.00000000
16.150000000000095 20501.34490128 5083.75618956 -0.00000000
16.200000000000095 20472.77825642 4961.23183023 -0.00000000
16.250000000000096 20439.49608905 4823.10479485 -0.00000000
16.300000000000097 20405.49117869 4680.22448641 -0.00000000
16.350000000000097 20373.75271060 4540.56706886 -0.00000000
16.400000000000098 20346.08439034 4408.81911227 -0.00000000
16.4500000000001 20322.63301921 4285.77838771 -0.00000000
16.5000000000001 20302.12275675 4169.29750626 -0.00000000
16.5500000000001 20282.46046391 4055.81382486 -0.00000000
16.6000000000001 20261.45935431 3941.84956168 -0.00000000
16.6500000000001 20237.43827150 3825.03877802 -0.00000000
16.700000000000102 20209.54819198 3704.51326133 -0.00000000
16.750000000000103 20153.16633558 3491.46435842 -0.00000000
16.800000000000104 20101.20746187 3306.21779487 -0.00000000
16.850000000000104 20083.07143901 3226.30208770 -0.00000000
16.900000000000105 20071.60462073 3177.70565502 -0.00000000
16.950000000000106 20049.51463481 3090.64583221 -0.00000000
17.000000000000107 20012.32586407 2963.83258110 -0.00000000
17.050000000000107 19965.69503696 2818.64483064 -0.00000000
17.100000000000108 19917.27623874 2677.02981525 -0.00000000
17.15000000000011 19871.75249856 2547.28879497 -0.00000000
17.20000000000011 19829.83821215 2426.34639344 -0.00000000
17.25000000000011 19789.81685604 2307.57675998 -0.00000000
17.30000000000011 19749.52447507 2186.58380221 -0.00000000
17.35000000000011 19707.58834942 2062.60854424 -0.00000000
17.400000000000112 19663.72432857 1937.07327991 -0.00000000
17.450000000000113 19618.42578980 1811.62783987 -0.00000000
17.500000000000114 19572.46021377 1687.07977512 -0.00000000
17.550000000000114 19526.45750366 1563.34858769 -0.00000000
17.600000000000115 19480.69415883 1439.91826808 -0.00000000
17.650000000000116 19434.95207505 1316.15974448 -0.00000000
17.700000000000117 19389.15413730 1191.90708252 -0.00000000
17.750000000000117 19343.49876885 1067.43347061 -0.00000000
17.800000000000118 19298.09588582 942.98591192 -0.00000000
17.85000000000012 19252.95738364 818.64953711 -0.00000000
17.90000000000012 19208.07340277 694.36514893 -0.00000000
17.95000000000012 19163.47555998 570.01374793 -0.00000000
18.00000000000012 19119.24961202 445.49551302 -0.00000000
18.05000000000012 19075.50915429 320.76593282 -0.00000000
18.100000000000122 19032.36196158 195.82933965 -0.00000000
18.150000000000123 18989.89206616 70.71148920 -0.00000000
18.200000000000124 18948.16128697 -54.56560359 -0.00000000
18.250000000000124 18907.22053065 -179.99438760 -0.00000000
18.300000000000125 18867.11989587 -305.57881406 -0.00000000
18.350000000000126 18827.91280202 -431.32532750 -0.00000000
18.400000000000126 18789.65526958 -557.23473554 -0.00000000
18.450000000000127 18752.40350010 -683.29782858 -0.00000000
18.500000000000128 18716.21189761 -809.49473117 -0.00000000
18.55000000000013 18681.13227601 -935.79668576 -0.00000000
18.60000000000013 18647.21473963 -1062.16826964 -0.00000000
18.65000000000013 18614.51015779 -1188.57068570 -0.00000000
18.70000000000013 18583.07243282 -1314.97417061 -0.00000000
18.75000000000013 18552.95279515 -1441.37264144 -0.00000000
18.800000000000132 18524.15934137 -1567.71327069 -0.00000000
18.850000000000133 18496.64319292 -1693.82879111 -0.00000000
18.900000000000134 18470.37930527 -1819.55598785 -0.00000000
18.950000000000134 18445.40769633 -1944.82069543 -0.00000000
19.000000000000135 18421.80198375 -2069.61406964 -0.00000000
19.050000000000136 18399.62000459 -2193.93237387 -0.00000000
19.100000000000136 18378.87733855 -2317.73593980 -0.00000000
19.150000000000137 18359.54980126 -2440.94099480 -0.00000000
19.200000000000138 18341.58957467 -2563.43196975 -0.00000000
19.25000000000014 18324.94425230 -2685.07968987 -0.00000000
19.30000000000014 18309.59410292 -2805.76067943 -0.00000000
19.35000000000014 18295.61473847 -2925.33954550 -0.00000000
19.40000000000014 18283.11526586 -3043.74888647 -0.00000000
19.45000000000014 18272.12097384 -3161.05332598 -0.00000000
19.500000000000142 18262.61380860 -3277.23858397 -0.00000000
19.550000000000143 18254.55130188 -3392.17572344 -0.00000000
19.600000000000144 18247.88135775 -3505.68575779 -0.00000000
19.650000000000144 18242.55338219 -3617.61447307 -0.00000000
19.700000000000145 18238.52879794 -3727.86004044 -0.00000000
19.750000000000146 18235.78935818 -3836.34748988 -0.00000000
19.800000000000146 18234.33524180 -3942.98825630 -0.00000000
19.850000000000147 18234.17322245 -4047.66014738 -0.00000000
19.900000000000148 18235.30509840 -4150.21558990 -0.00000000
19.95000000000015 18237.72918607 -4250.50685506 -0.00000000
20.00000000000015 18241.47253108 -4348.41623821 -0.00000000
20.05000000000015 18246.61208371 -4443.86165849 -0.00000000
20.10000000000015 18253.03736103 -4536.70393631 -0.00000000
20.15000000000015 18260.45588305 -4626.79345042 -0.00000000
20.200000000000152 18268.67520932 -4714.07133808 -0.00000000
20.250000000000153 18277.68214367 -4798.52387627 -0.00000000
20.300000000000153 18287.57499197 -4880.10317045 -0.00000000
20.350000000000154 18298.45844357 -4958.69011072 -0.00000000
20.400000000000155 18310.38087107 -5034.09484443 -0.00000000
20.450000000000156 18323.33544003 -5106.06150784 -0.00000000
20.500000000000156 18337.16696657 -5174.47325479 -0.00000000
20.550000000000157 18351.53267801 -5239.60259348 -0.00000000
20.600000000000158 18366.25600330 -5301.74831944 -0.00000000
20.65000000000016 18381.41281819 -5360.97972486 -0.00000000
20.70000000000016 18397.14812773 -5417.12407781 -0.00000000
20.75000000000016 18413.47831488 -5469.88797003 -0.00000000
20.80000000000016 18430.27718493 -5519.02172923 -0.00000000
20.85000000000016 18447.38708827 -5564.41462481 -0.00000000
20.900000000000162 18464.70532008 -5606.07584375 -0.00000000
20.950000000000163 18482.19537908 -5644.04919097 -0.00000000
21.000000000000163 18499.84874269 -5678.32920421 -0.00000000
21.050000000000164 18517.63800487 -5708.81768988 -0.00000000
21.100000000000165 18535.49014663 -5735.34413701 -0.00000000
21.150000000000166 18553.30821849 -5757.82053454 -0.00000000
21.200000000000166 18571.02061135 -5776.38227920 -0.00000000
21.250000000000167 18588.58181934 -5791.23932589 -0.00000000
21.300000000000168 18605.94643929 -5802.48379634 -0.00000000
21.35000000000017 18623.07087703 -5810.07051852 -0.00000000
21.40000000000017 18639.92958321 -5813.90863657 -0.00000000
21.45000000000017 18656.51111155 -5813.93861880 -0.00000000
21.50000000000017 18672.70394422 -5809.93552488 -0.00000000
21.55000000000017 18688.21827773 -5801.52162400 -0.00000000
21.600000000000172 18703.27738508 -5788.89830196 -0.00000000
21.650000000000173 18718.11713182 -5772.64714945 -0.00000000
21.700000000000173 18732.82950836 -5753.24503096 -0.00000000
21.750000000000174 18747.38867465 -5730.88443406 -0.00000000
21.800000000000175 18761.78442808 -5705.40209496 -0.00000000
21.850000000000176 18775.96557289 -5676.40037409 -0.00000000
21.900000000000176 18789.75256386 -5643.55544440 -0.00000000
21.950000000000177 18802.95244721 -5606.75988154 -0.00000000
22.000000000000178 18815.47051144 -5566.08764261 -0.00000000
22.05000000000018 18827.24812108 -5521.76137697 -0.00000000
22.10000000000018 18838.24468051 -5474.02272013 -0.00000000
22.15000000000018 18848.47751675 -5422.96059963 -0.00000000
22.20000000000018 18858.01828387 -5368.39846990 -0.00000000
22.25000000000018 18865.28374099 -5326.53095616 -0.00000000
22.300000000000182 18869.02641528 -5287.14917478 -0.00000000
22.350000000000183 18874.77145164 -5235.25717319 -0.00000000
22.400000000000183 18881.24957258 -5163.81791203 -0.00000000
22.450000000000184 18888.25685479 -5079.98696283 -0.00000000
22.500000000000185 18895.52011495 -4989.40767608 -0.00000000
22.550000000000185 18902.71045158 -4897.35188449 -0.00000000
22.600000000000186 18909.38155520 -4807.33284766 -0.00000000
22.650000000000187 18914.92251868 -4720.35213424 -0.00000000
22.700000000000188 18918.66348257 -4635.17713982 -0.00000000
22.75000000000019 18921.18365526 -4485.16477784 -0.00000000
22.80000000000019 18917.10559557 -4347.73323240 -0.00000000
22.85000000000019 18912.44266801 -4274.65989707 -0.00000000
22.90000000000019 18904.08106624 -4222.97943227 -0.00000000
22.95000000000019 18895.26978689 -4140.28052090 -0.00000000
23.000000000000192 18886.37491889 -4025.34862340 -0.00000000
23.050000000000193 18878.47208056 -3892.84828067 -0.00000000
23.100000000000193 18871.25002526 -3759.23661437 -0.00000000
23.150000000000194 18863.62808604 -3631.10484699 -0.00000000
23.200000000000195 18854.55533081 -3506.04820912 -0.00000000
23.250000000000195 18843.58657304 -3378.57375796 -0.00000000
23.300000000000196 18830.90397686 -3245.02130251 -0.00000000
23.350000000000197 18816.97320429 -3104.99770488 -0.00000000
23.400000000000198 18802.18920971 -2960.13771773 -0.00000000
23.4500000000002 18786.72922216 -2812.20600452 -0.00000000
23.5000000000002 18770.60052827 -2661.97797560 -0.00000000
23.5500000000002 18753.74851769 -2509.20738245 -0.00000000
23.6000000000002 18736.12665430 -2353.22145814 -0.00000000
23.6500000000002 18717.71100861 -2193.52354176 -0.00000000
23.700000000000202 18698.47662081 -2030.04703689 -0.00000000
23.750000000000203 18678.41455470 -1863.06214164 -0.00000000
23.800000000000203 18657.62313067 -1692.92753352 -0.00000000
23.850000000000204 18636.23050673 -1519.87968064 -0.00000000
23.900000000000205 18614.32681233 -1343.96824124 -0.00000000
23.950000000000205 18591.95077989 -1165.11936264 -0.00000000
24.000000000000206 18569.10952700 -983.24167277 -0.00000000
24.050000000000207 18545.81057030 -798.30301786 -0.00000000
24.100000000000207 18522.08716302 -610.35503545 -0.00000000
24.150000000000208 18497.98565865 -419.53458634 -0.00000000
24.20000000000021 18473.23219460 -226.04053489 -0.00000000
24.25000000000021 18448.30375861 -29.98391381 -0.00000000
24.30000000000021 18423.64186978 168.66218972 -0.00000000
24.35000000000021 18399.35840464 369.82152672 -0.00000000
24.40000000000021 18375.32959554 573.35065092 -0.00000000
24.450000000000212 18351.40650459 779.12831577 -0.00000000
24.500000000000213 18327.53635608 987.08626805 -0.00000000
24.550000000000214 18303.77909924 1197.18475850 -0.00000000
24.600000000000215 18280.27184921 1409.36617352 -0.00000000
24.650000000000215 18257.17264304 1623.52488513 -0.00000000
24.700000000000216 18234.61763305 1839.51596025 -0.00000000
24.750000000000217 18212.70692973 2057.18561095 -0.00000000
24.800000000000217 18191.51263007 2276.39498557 -0.00000000
24.850000000000218 18171.06591936 2497.01179401 -0.00000000
24.90000000000022 18151.42828643 2718.91755907 -0.00000000
24.95000000000022 18132.72088407 2942.00127548 -0.00000000
25.00000000000022 18115.06944675 3166.12826371 -0.00000000
25.05000000000022 18098.59214569 3391.14458206 -0.00000000
25.10000000000022 18083.38934838 3616.89540826 -0.00000000
25.150000000000222 18069.53961398 3843.24197975 -0.00000000
25.200000000000223 18057.10294721 4070.06732377 -0.00000000
25.250000000000224 18046.12781292 4297.27039896 -0.00000000
25.300000000000225 18036.65743959 4524.75446628 -0.00000000
25.350000000000225 18028.73316654 4752.41604951 -0.00000000
25.400000000000226 18022.39508392 4980.13718338 -0.00000000
25.450000000000227 18017.68107839 5207.77883627 -0.00000000
25.500000000000227 18014.62418939 5435.17034593 -0.00000000
25.550000000000228 18013.24958584 5662.09467979 -0.00000000
25.60000000000023 18013.59663003 5888.30940556 -0.00000000
25.65000000000023 18015.77687647 6113.64330131 -0.00000000
25.70000000000023 18019.95208610 6338.02684499 -0.00000000
25.75000000000023 18026.25322649 6561.42055671 -0.00000000
25.80000000000023 18034.74619648 6783.75134182 -0.00000000
25.850000000000232 18045.44054104 7004.89939851 -0.00000000
25.900000000000233 18058.32672724 7224.68503898 -0.00000000
25.950000000000234 18073.41293858 7442.87329639 -0.00000000
26.000000000000234 18090.74407102 7659.18041308 -0.00000000
26.050000000000235 18110.40505502 7873.30429414 -0.00000000
26.100000000000236 18132.55019559 8085.29617111 -0.00000000
26.150000000000237 18157.21237867 8295.02030622 -0.00000000
26.200000000000237 18184.35685802 8502.29346236 -0.00000000
26.250000000000238 18213.98049130 8706.96971340 -0.00000000
26.30000000000024 18246.10409693 8908.86912725 -0.00000000
26.35000000000024 18280.72533424 9107.75602568 -0.00000000
26.40000000000024 18317.63740109 9303.38266887 -0.00000000
26.45000000000024 18356.90382834 9495.40279877 -0.00000000
26.50000000000024 18398.73282690 9683.41458335 -0.00000000
26.550000000000242 18443.25830607 9867.09059009 -0.00000000
26.600000000000243 18490.70752237 10046.30704016 -0.00000000
26.650000000000244 18541.27039559 10221.04173953 -0.00000000
26.700000000000244 18594.92401752 10391.11507591 -0.00000000
26.750000000000245 18651.58506321 10556.18862892 -0.00000000
26.800000000000246 18711.22814600 10716.01196304 -0.00000000
26.850000000000247 18773.78119623 10870.46681913 -0.00000000
26.900000000000247 18839.09002417 11019.47035642 -0.00000000
26.950000000000248 18906.97904604 11163.33986734 -0.00000000
27.00000000000025 18977.21548866 11302.07301313 -0.00000000
27.05000000000025 19049.55533448 11435.53845660 -0.00000000
27.10000000000025 19123.85511839 11563.79055928 -0.00000000
27.15000000000025 19199.96080672 11686.56310221 -0.00000000
27.20000000000025 19277.46578571 11803.02035907 -0.00000000
27.250000000000252 19355.59915141 11912.40182429 -0.00000000
27.300000000000253 19433.48083291 12014.43768828 -0.00000000
27.350000000000254 19511.73239888 12108.77989473 -0.00000000
27.400000000000254 19591.00485686 12195.44617063 -0.00000000
27.450000000000255 19671.63701092 12274.66513339 -0.00000000
27.500000000000256 19753.48695713 12346.54766868 -0.00000000
27.550000000000257 19836.07173710 12410.89290399 -0.00000000
27.600000000000257 19918.89980505 12467.50884118 -0.00000000
27.650000000000258 20001.10086678 12515.87128839 -0.00000000
27.70000000000026 20082.05145338 12555.14925904 -0.00000000
27.75000000000026 20161.93795993 12585.79756791 -0.00000000
27.80000000000026 20241.41391224 12609.09271339 -0.00000000
27.85000000000026 20321.01898263 12625.98483405 -0.00000000
27.90000000000026 20400.96906834 12636.36468859 -0.00000000
27.950000000000262 20480.85026073 12639.67701873 -0.00000000
28.000000000000263 20559.91905950 12635.39964477 -0.00000000
28.050000000000264 20637.62552935 12622.85349532 -0.00000000
28.100000000000264 20713.53428243 12601.43784460 -0.00000000
28.150000000000265 20787.32556888 12571.54577670 -0.00000000
28.200000000000266 20858.69165519 12534.02583912 -0.00000000
28.250000000000266 20927.89755041 12489.05628206 -0.00000000
28.300000000000267 20995.57726372 12436.20713491 -0.00000000
28.350000000000268 21062.00098660 12375.03122142 -0.00000000
28.40000000000027 21126.89728403 12305.29353717 -0.00000000
28.45000000000027 21189.61438951 12226.78253887 -0.00000000
28.50000000000027 21249.53241866 12139.47808458 -0.00000000
28.55000000000027 21306.24008567 12043.38990070 -0.00000000
28.60000000000027 21359.51516383 11938.49005952 -0.00000000
28.650000000000272 21409.16556339 11824.63957907 -0.00000000
28.700000000000273 21454.89752011 11700.79647843 -0.00000000
28.750000000000274 21496.28573517 11566.80325941 -0.00000000
28.800000000000274 21533.43558916 11423.31353415 -0.00000000
28.850000000000275 21566.94159380 11270.93491283 -0.00000000
28.900000000000276 21582.92034972 11203.23643783 -0.00000000
28.950000000000276 21602.93729864 11079.63385489 -0.00000000
29.000000000000277 21628.56983340 10911.92621520 -0.00000000
29.050000000000278 21655.66080108 10696.43784607 -0.00000000
29.10000000000028 21682.77301369 10454.57525122 -0.00000000
29.15000000000028 21707.13572946 10201.95463588 -0.00000000
29.20000000000028 21726.38476219 9951.94193350 -0.00000000
29.25000000000028 21752.07524771 9397.19913604 -0.00000000
29.30000000000028 21748.20508874 9204.56172963 -0.00000000
29.350000000000282 21722.56835306 9163.30622120 -0.00000000
29.400000000000283 21689.82753991 9048.74166324 -0.00000000
29.450000000000284 21660.16907679 8797.90253256 -0.00000000
29.500000000000284 21639.30132833 8455.38680938 -0.00000000
29.550000000000285 21625.27356721 8096.89084246 -0.00000000
29.600000000000286 21611.46425766 7766.09667985 -0.00000000
29.650000000000286 21591.71584500 7462.67156984 -0.00000000
29.700000000000287 21563.68600055 7162.95543784 -0.00000000
29.750000000000288 21528.40571543 6845.00756310 -0.00000000
29.80000000000029 21488.82729598 6501.40975564 -0.00000000
29.85000000000029 21447.88209081 6137.77958796 -0.00000000
29.90000000000029 21407.31491214 5763.98664774 -0.00000000
29.95000000000029 21367.13199130 5386.46461027 -0.00000000
30.00000000000029 21326.30831237 5005.89010575 -0.00000000
30.050000000000292 21283.68981749 4619.12412544 -0.00000000
30.100000000000293 21238.81198303 4222.82776967 -0.00000000
30.150000000000293 21191.82182898 3815.65002365 -0.00000000
30.200000000000294 21144.13903438 3398.73892145 -0.00000000
30.250000000000295 21097.19377024 2974.45815318 -0.00000000
30.300000000000296 21051.38839260 2544.49463919 -0.00000000
30.350000000000296 21006.38350347 2109.31972746 -0.00000000
30.400000000000297 20961.80608902 1668.66979315 -0.00000000
30.450000000000298 20917.88114281 1222.37478522 -0.00000000
30.5000000000003 20875.02828945 770.50533036 -0.00000000
30.5500000000003 20833.50077638 313.26641828 -0.00000000
30.6000000000003 20793.81375131 -148.73628647 -0.00000000
30.6500000000003 20756.56212697 -614.73752831 -0.00000000
30.7000000000003 20722.26569922 -1084.03918448 -0.00000000
30.750000000000302 20691.33867129 -1556.12928002 -0.00000000
30.800000000000303 20664.25918308 -2030.55578819 -0.00000000
30.850000000000303 20641.51866305 -2506.88292167 -0.00000000
30.900000000000304 20623.50473304 -2984.69258477 -0.00000000
30.950000000000305 20610.48862503 -3463.52636228 -0.00000000
31.000000000000306 20602.58687069 -3942.69721311 -0.00000000
31.050000000000306 20599.77114405 -4421.21369402 -0.00000000
31.100000000000307 20602.56682343 -4898.95050889 -0.00000000
31.150000000000308 20611.50395434 -5375.69466028 -0.00000000
31.20000000000031 20626.90245639 -5850.97034226 -0.00000000
31.25000000000031 20648.75914189 -6324.14958799 -0.00000000
31.30000000000031 20676.95154395 -6794.75269467 -0.00000000
31.35000000000031 20711.31968619 -7262.78661068 -0.00000000
31.40000000000031 20752.00807142 -7728.07729643 -0.00000000
31.450000000000312 20798.90097482 -8189.74109785 -0.00000000
31.500000000000313 20851.79113544 -8646.48454444 -0.00000000
31.550000000000313 20910.83202710 -9097.73142777 -0.00000000
31.600000000000314 20976.74491343 -9542.75596892 -0.00000000
31.650000000000315 21050.15525874 -9981.73099847 -0.00000000
31.700000000000315 21131.22227591 -10413.33563218 -0.00000000
31.750000000000316 21219.88329508 -10835.23867893 -0.00000000
31.800000000000317 21316.07388180 -11245.63654813 -0.00000000
31.850000000000318 21419.21213556 -11644.53696129 -0.00000000
31.90000000000032 21527.72568938 -12033.33426613 -0.00000000
31.95000000000032 21639.95824982 -12412.82748519 -0.00000000
32.00000000000032 21755.22026450 -12781.86780222 -0.00000000
32.05000000000032 21872.78635333 -13139.44462378 -0.00000000
32.100000000000314 21991.30080596 -13485.70113744 -0.00000000
32.15000000000031 22110.06977280 -13820.68533232 -0.00000000
32.20000000000031 22229.69738172 -14143.18681761 -0.00000000
32.250000000000306 22350.76089645 -14451.84511323 -0.00000000
32.3000000000003 22472.56525485 -14745.66013614 -0.00000000
32.3500000000003 22593.66623141 -15024.58926012 -0.00000000
32.4000000000003 22713.15687923 -15285.64870909 -0.00000000
32.450000000000294 22830.02609132 -15529.97855102 -0.00000000
32.50000000000029 22943.19613518 -15759.00902581 -0.00000000
32.55000000000029 23052.55498760 -15972.85591493 -0.00000000
32.600000000000286 23160.30928726 -16171.60241521 -0.00000000
32.65000000000028 23266.49937278 -16352.99675113 -0.00000000
32.70000000000028 23368.88824969 -16514.03812923 -0.00000000
32.75000000000028 23466.97428962 -16654.04148575 -0.00000000
32.800000000000274 23564.29200925 -16776.57244359 -0.00000000
32.85000000000027 23659.59565602 -16881.74572180 -0.00000000
32.90000000000027 23748.55536361 -16961.99334729 -0.00000000
32.950000000000266 23830.99577872 -17015.53225673 -0.00000000
33.00000000000026 23910.61802377 -17049.81592577 -0.00000000
33.05000000000026 23990.29832094 -17069.10695169 -0.00000000
33.10000000000026 24070.29422895 -17072.69251437 -0.00000000
33.150000000000254 24149.27678940 -17058.07015130 -0.00000000
33.20000000000025 24225.43075582 -17022.91890969 -0.00000000
33.25000000000025 24297.38818401 -16965.28826271 -0.00000000
33.300000000000246 24363.41432853 -16885.99004516 -0.00000000
33.35000000000024 24419.58723111 -16791.24824035 -0.00000000
33.40000000000024 24466.82330215 -16680.85304537 -0.00000000
33.45000000000024 24509.31824110 -16549.37162089 -0.00000000
33.500000000000234 24549.93006091 -16393.00077115 -0.00000000
33.55000000000023 24589.05712140 -16211.52340307 -0.00000000
33.60000000000023 24624.66396524 -16007.28210136 -0.00000000
33.650000000000226 24653.99809294 -15782.74354786 -0.00000000
33.70000000000022 24674.88028973 -15539.08077092 -0.00000000
33.75000000000022 24685.88817769 -15275.03849112 -0.00000000
33.80000000000022 24686.86623548 -14988.15932829 -0.00000000
33.850000000000215 24679.71340743 -14677.04453724 -0.00000000
33.90000000000021 24667.49407013 -14342.50023553 -0.00000000
33.95000000000021 24652.30408481 -13986.68263934 -0.00000000
34.000000000000206 24634.18158643 -13611.37519808 -0.00000000
34.0500000000002 24611.69634010 -13217.19416902 -0.00000000
34.1000000000002 24583.16372096 -12803.91582409 -0.00000000
34.1500000000002 24547.72078332 -12371.37470514 -0.00000000
34.200000000000195 24505.76063500 -11919.85143869 -0.00000000
34.25000000000019 24457.28867034 -11449.54731190 -0.00000000
34.30000000000019 24401.53390373 -10959.99328599 -0.00000000
34.350000000000186 24338.14821150 -10450.94933340 -0.00000000
34.40000000000018 24267.80181658 -9923.04318352 -0.00000000
34.45000000000018 24191.88738470 -9377.51295846 -0.00000000
34.50000000000018 24111.94812282 -8815.86934243 -0.00000000
34.550000000000175 24029.24937999 -8239.78014728 -0.00000000
34.60000000000017 23944.40877714 -7650.58944207 -0.00000000
34.65000000000017 23856.69920847 -7048.16988273 -0.00000000
34.700000000000166 23767.40871872 -6430.87438938 -0.00000000
34.75000000000016 23678.79965031 -5802.85871024 -0.00000000
34.80000000000016 23592.68034990 -5166.69811275 -0.00000000
34.85000000000016 23509.29952928 -4521.78513992 -0.00000000
34.900000000000155 23427.60365572 -3869.18064992 -0.00000000
34.95000000000015 23389.46730940 -3568.47158110 -0.00000000
35.00000000000015 23344.41569092 -3076.86451653 -0.00000000
35.050000000000146 23206.70600646 -1573.15148830 -0.00000000
35.10000000000014 23105.09464608 -737.43745097 -0.00000000
35.15000000000014 23046.33537875 -293.20901469 -0.00000000
35.20000000000014 23007.35685265 138.87029990 -0.00000000
35.250000000000135 22977.75988706 727.94745375 -0.00000000
35.30000000000013 22951.57322013 1455.66727209 -0.00000000
35.35000000000013 22928.42818028 2230.09100446 -0.00000000
35.40000000000013 22909.66355927 2981.62956626 -0.00000000
35.450000000000124 22896.84572583 3687.58506299 -0.00000000
35.50000000000012 22897.67024577 4359.99672292 -0.00000000
35.55000000000012 22911.00408608 5026.72029256 -0.00000000
35.600000000000115 22934.37864453 5703.14164564 -0.00000000
35.65000000000011 22966.09818730 6389.87414437 -0.00000000
35.70000000000011 23004.94778489 7077.59207260 -0.00000000
35.75000000000011 23053.53240352 7758.78233675 -0.00000000
35.800000000000104 23114.39369632 8426.72225814 -0.00000000
35.8500000000001 23185.60949324 9075.51224436 -0.00000000
35.9000000000001 23264.06405512 9706.40070415 -0.00000000
35.950000000000095 23347.38071000 10325.64524613 -0.00000000
36.00000000000009 23436.12712190 10936.23562550 -0.00000000
36.05000000000009 23531.42146767 11537.12577053 -0.00000000
36.10000000000009 23632.83595585 12126.32841361 -0.00000000
36.150000000000084 23738.96089849 12700.36400891 -0.00000000
36.20000000000008 23846.26528447 13259.03559306 -0.00000000
36.25000000000008 23954.91188220 13799.18756391 -0.00000000
36.300000000000075 24065.58393951 14318.76850776 -0.00000000
36.35000000000007 24178.36116766 14817.60931114 -0.00000000
36.40000000000007 24292.27423599 15296.09182712 -0.00000000
36.45000000000007 24405.40721437 15754.57395075 -0.00000000
36.500000000000064 24515.82748166 16192.25420501 -0.00000000
36.55000000000006 24622.73324449 16608.96512996 -0.00000000
36.60000000000006 24725.95654846 17005.60905338 -0.00000000
36.650000000000055 24824.64176031 17381.05096777 -0.00000000
36.70000000000005 24917.48056715 17733.75430708 -0.00000000
36.75000000000005 25002.08455390 18060.64248218 -0.00000000
36.80000000000005 25078.21726152 18362.84619587 -0.00000000
36.850000000000044 25147.52909763 18640.75793498 -0.00000000
36.90000000000004 25210.75361996 18894.82274224 -0.00000000
36.95000000000004 25267.16285487 19125.28439362 -0.00000000
37.000000000000036 25315.78717209 19331.75868696 -0.00000000
37.05000000000003 25355.66625893 19514.33346142 -0.00000000
37.10000000000003 25385.65957936 19673.41327843 -0.00000000
37.15000000000003 25405.42113787 19807.50201296 -0.00000000
37.200000000000024 25414.42396518 19915.00299173 -0.00000000
37.25000000000002 25412.26515899 19995.75952113 -0.00000000
37.30000000000002 25398.62087372 20048.06887428 -0.00000000
37.350000000000016 25374.13087654 20072.42594804 -0.00000000
37.40000000000001 25341.79568420 20074.42104139 -0.00000000
37.45000000000001 25304.98643119 20058.42462225 -0.00000000
37.50000000000001 25263.83726038 20024.15263306 -0.00000000
37.550000000000004 25216.14935415 19969.03820081 -0.00000000
37.6 25160.89577506 19892.82380176 -0.00000000
37.65 25099.09463715 19798.07610446 -0.00000000
37.699999999999996 25034.25688049 19689.12976143 -0.00000000
37.74999999999999 24968.06285714 19567.75856774 -0.00000000
37.79999999999999 24899.23901025 19431.47541882 -0.00000000
37.84999999999999 24825.96151211 19278.31879164 -0.00000000
37.899999999999984 24747.43892873 19107.94746936 -0.00000000
37.94999999999998 24663.81376747 18920.82671133 -0.00000000
37.99999999999998 24575.16168717 18716.41772203 -0.00000000
38.049999999999976 24482.49338693 18495.79848184 -0.00000000
38.09999999999997 24386.77269438 18260.24587364 -0.00000000
38.14999999999997 24288.11179217 18010.34957015 -0.00000000
38.19999999999997 24185.70731109 17746.04257905 -0.00000000
38.249999999999964 24078.23297920 17466.88717393 -0.00000000
38.29999999999996 23964.22395784 17172.35447518 -0.00000000
38.34999999999996 23842.90971050 16862.23537585 -0.00000000
38.399999999999956 23714.46259068 16535.59229205 -0.00000000
38.44999999999995 23579.92360060 16193.11893074 -0.00000000
38.49999999999995 23439.94385551 15836.68612301 -0.00000000
38.54999999999995 23295.93146151 15466.22649354 -0.00000000
38.599999999999945 23150.74922185 15080.92144314 -0.00000000
38.64999999999994 23005.64481384 14680.63304917 -0.00000000
38.69999999999994 22860.47211499 14265.98640131 -0.00000000
38.749999999999936 22714.32814986 13837.55574365 -0.00000000
38.79999999999993 22566.21854370 13395.93270062 -0.00000000
38.84999999999993 22415.37885127 12942.14058265 -0.00000000
38.89999999999993 22263.99349853 12477.95378903 -0.00000000
38.949999999999925 22115.00938682 12005.38263767 -0.00000000
38.99999999999992 21968.69946165 11524.79972676 -0.00000000
39.04999999999992 21823.84250711 11035.61872580 -0.00000000
39.099999999999916 21679.94361437 10537.67001785 -0.00000000
39.14999999999991 21537.11809447 10033.35640962 -0.00000000
39.19999999999991 21392.96274129 9528.96582674 -0.00000000
39.24999999999991 21251.07900840 9021.86527704 -0.00000000
39.299999999999905 21117.80342956 8506.36770442 -0.00000000
39.3499999999999 20997.14471423 7982.14307632 -0.00000000
39.3999999999999 20890.52722505 7451.13172777 -0.00000000
39.449999999999896 20797.93713656 6915.26553657 -0.00000000
39.49999999999989 20715.85560249 6387.00081635 -0.00000000
39.54999999999989 20642.29272827 5870.01024554 -0.00000000
39.59999999999989 20578.70337051 5349.57494441 -0.00000000
39.649999999999885 20525.66596813 4821.39313080 -0.00000000
39.69999999999988 20484.66487694 4287.50929857 -0.00000000
39.74999999999988 20458.20349347 3751.80517265 -0.00000000
39.799999999999876 20445.98841312 3218.03829079 -0.00000000
39.84999999999987 20447.79123350 2688.86225645 -0.00000000
39.89999999999987 20463.76286464 2165.08057459 -0.00000000
39.94999999999987 20491.59048818 1646.12032730 -0.00000000
39.999999999999865 20509.70030070 1404.45117321 -0.00000000
40.04999999999986 20579.57302883 744.57146143 -0.00000000
40.09999999999986 20671.62597069 -77.95369094 -0.00000000
40.14999999999986 20723.90683833 -595.18720600 -0.00000000
40.199999999999854 20763.78131354 -948.25501804 -0.00000000
40.24999999999985 20826.06269584 -1323.30922520 -0.00000000
40.29999999999985 20918.58472096 -1771.78725465 -0.00000000
40.349999999999845 21031.64737185 -2270.36693582 -0.00000000
40.39999999999984 21151.19775302 -2772.70729959 -0.00000000
40.44999999999984 21270.12696392 -3250.71574100 -0.00000000
40.49999999999984 21387.63116927 -3701.07577508 -0.00000000
40.549999999999834 21505.06852322 -4130.15879433 -0.00000000
40.59999999999983 21624.60848904 -4548.11547960 -0.00000000
40.64999999999983 21745.47243595 -4962.86066085 -0.00000000
40.699999999999825 21864.96270939 -5376.53139790 -0.00000000
40.74999999999982 21983.68215202 -5784.99713913 -0.00000000
40.79999999999982 22102.33070661 -6182.91183525 -0.00000000
40.84999999999982 22221.07777597 -6567.23811472 -0.00000000
40.899999999999814 22340.54945892 -6940.56034481 -0.00000000
40.94999999999981 22464.52204081 -7311.50545709 -0.00000000
40.99999999999981 22585.92989819 -7669.38532072 -0.00000000
41.049999999999805 22702.05882514 -8006.56614517 -0.00000000
41.0999999999998 22811.60494012 -8326.54615100 -0.00000000
41.1499999999998 22914.74402110 -8636.75701849 -0.00000000
41.1999999999998 23011.84237274 -8939.60987137 -0.00000000
41.249999999999794 23100.71123935 -9230.45653461 -0.00000000
41.29999999999979 23188.50294226 -9512.59719259 -0.00000000
41.34999999999979 23277.25706588 -9784.87151570 -0.00000000
41.399999999999785 23364.23017358 -10045.68560115 -0.00000000
41.44999999999978 23445.72925443 -10291.37139248 -0.00000000
41.49999999999978 23521.16687755 -10518.32801049 -0.00000000
41.54999999999978 23592.13718894 -10726.57715142 -0.00000000
41.599999999999774 23660.02650791 -10918.10306795 -0.00000000
41.64999999999977 23724.78025839 -11094.07858251 -0.00000000
41.69999999999977 23784.98745561 -11253.74343577 -0.00000000
41.749999999999766 23838.90326617 -11395.79388996 -0.00000000
41.79999999999976 23885.56665327 -11521.11780174 -0.00000000
41.84999999999976 23927.07459284 -11631.24959654 -0.00000000
41.89999999999976 23965.88588366 -11726.65608952 -0.00000000
41.949999999999754 24002.62438576 -11806.92611648 -0.00000000
41.99999999999975 24036.39960051 -11871.54292304 -0.00000000
42.04999999999975 24065.81235189 -11920.56578825 -0.00000000
42.099999999999746 24089.69276989 -11954.64812770 -0.00000000
42.14999999999974 24107.31772872 -11974.41904789 -0.00000000
42.19999999999974 24118.05655236 -11980.22274755 -0.00000000
42.24999999999974 24122.32527912 -11971.73583076 -0.00000000
42.299999999999734 24120.89825614 -11948.81348524 -0.00000000
42.34999999999973 24113.77297684 -11912.48927428 -0.00000000
42.39999999999973 24101.38038412 -11863.31857322 -0.00000000
42.449999999999726 24085.17641286 -11800.58809744 -0.00000000
42.49999999999972 24065.97823135 -11723.74057833 -0.00000000
42.54999999999972 24044.17623937 -11631.28160569 -0.00000000
42.59999999999972 24018.88474262 -11523.23896605 -0.00000000
42.649999999999714 23988.60593757 -11401.74445966 -0.00000000
42.69999999999971 23952.87105146 -11267.78657894 -0.00000000
42.74999999999971 23912.03390353 -11120.50581538 -0.00000000
42.799999999999706 23866.87752668 -10958.58760571 -0.00000000
42.8499999999997 23818.67270249 -10782.26729015 -0.00000000
42.8999999999997 23768.33017708 -10592.84169386 -0.00000000
42.9499999999997 23716.04415438 -10391.68562432 -0.00000000
42.999999999999694 23661.68329147 -10179.59327075 -0.00000000
43.04999999999969 23605.16066830 -9956.50259292 -0.00000000
43.09999999999969 23546.38598721 -9721.32376977 -0.00000000
43.149999999999686 23485.50987666 -9473.79159462 -0.00000000
43.19999999999968 23423.24660804 -9215.54091857 -0.00000000
43.24999999999968 23359.55912774 -8948.28736082 -0.00000000
43.29999999999968 23294.76552433 -8672.42991825 -0.00000000
43.349999999999675 23229.20676241 -8387.54667515 -0.00000000
43.39999999999967 23162.96551493 -8093.14459136 -0.00000000
43.44999999999967 23096.10572726 -7789.02300880 -0.00000000
43.499999999999666 23028.79119275 -7475.28062208 -0.00000000
43.54999999999966 22962.06153211 -7153.69232054 -0.00000000
43.59999999999966 22896.16139109 -6824.24102746 -0.00000000
43.64999999999966 22830.97968578 -6486.20457172 -0.00000000
43.699999999999655 22766.61645765 -6139.57572952 -0.00000000
43.74999999999965 22703.27942533 -5784.71532227 -0.00000000
43.79999999999965 22641.25958194 -5422.01727811 -0.00000000
43.849999999999646 22581.00696086 -5051.66855933 -0.00000000
43.89999999999964 22523.75392317 -4672.49357177 -0.00000000
43.94999999999964 22471.09742726 -4283.25424765 -0.00000000
43.99999999999964 22421.20724546 -3887.90674911 -0.00000000
44.049999999999635 22370.91061543 -3484.67645763 -0.00000000
44.09999999999963 22321.45119756 -3077.58383177 -0.00000000
44.14999999999963 22273.37316504 -2670.67573340 -0.00000000
44.199999999999626 22226.64531654 -2264.08499373 -0.00000000
44.24999999999962 22182.70427951 -1853.62768975 -0.00000000
44.29999999999962 22142.16386827 -1434.51807041 -0.00000000
44.34999999999962 22106.23271488 -1002.96514635 -0.00000000
44.399999999999615 22075.68002241 -562.87042942 -0.00000000
44.44999999999961 22049.57633360 -117.23108722 -0.00000000
44.49999999999961 22026.96654677 332.94335574 -0.00000000
44.549999999999606 22008.23381956 786.85101507 -0.00000000
44.5999999999996 21994.27340441 1242.94346358 -0.00000000
44.6499999999996 21984.03841680 1697.21821767 -0.00000000
44.6999999999996 21974.72078624 2151.21011282 -0.00000000
44.749999999999595 21966.07567775 2610.03448575 -0.00000000
44.79999999999959 21960.19579700 3074.67235756 -0.00000000
44.84999999999959 21959.08166721 3542.91664959 -0.00000000
44.89999999999959 21963.10103444 4010.96239234 -0.00000000
44.949999999999584 21966.78093755 4224.46591739 -0.00000000
44.99999999999958 21983.47836676 4978.44753502 -0.00000000
45.04999999999958 22009.67401404 5545.18159116 -0.00000000
45.099999999999575 22036.44316929 5953.73279708 -0.00000000
45.14999999999957 22063.73951109 6320.21087062 -0.00000000
45.19999999999957 22089.38354979 6716.67952401 -0.00000000
45.24999999999957 22114.47464904 7159.46975095 -0.00000000
45.299999999999564 22142.75153983 7628.58209720 -0.00000000
45.34999999999956 22174.38966620 8099.92272772 -0.00000000
45.39999999999956 22207.19465477 8558.66968369 -0.00000000
45.449999999999555 22238.04655973 9001.35583655 -0.00000000
45.49999999999955 22270.20522918 9428.97967668 -0.00000000
45.54999999999955 22306.93338430 9845.69438269 -0.00000000
45.59999999999955 22348.54271936 10256.60835473 -0.00000000
45.649999999999544 22393.51168639 10664.46854767 -0.00000000
45.69999999999954 22439.34784044 11068.37183129 -0.00000000
45.74999999999954 22484.03424327 11464.25937374 -0.00000000
45.799999999999535 22528.67348845 11849.88634673 -0.00000000
45.84999999999953 22575.14019807 12224.99992864 -0.00000000
45.89999999999953 22624.39658021 12589.60153720 -0.00000000
45.94999999999953 22675.99006074 12943.52138792 -0.00000000
45.999999999999524 22728.01003007 13287.07364737 -0.00000000
46.04999999999952 22779.03424915 13619.73058765 -0.00000000
46.09999999999952 22829.64105820 13939.08202084 -0.00000000
46.149999999999515 22880.70146203 14243.40488059 -0.00000000
46.19999999999951 22932.47163969 14532.00578450 -0.00000000
46.24999999999951 22984.44138820 14805.17282070 -0.00000000
46.29999999999951 23035.80092793 15063.34249638 -0.00000000
46.349999999999504 23085.95175154 15306.31637464 -0.00000000
46.3999999999995 23134.45448582 15533.46583834 -0.00000000
46.4499999999995 23180.91538023 15743.90386649 -0.00000000
46.499999999999496 23224.90115647 15936.63717091 -0.00000000
46.54999999999949 23266.36990220 16111.90078509 -0.00000000
46.59999999999949 23304.66869020 16267.57882857 -0.00000000
46.64999999999949 23340.78172294 16399.57766111 -0.00000000
46.699999999999484 23375.03676902 16510.54606531 -0.00000000
46.74999999999948 23407.50096264 16604.64990767 -0.00000000
46.79999999999948 23438.26884071 16683.21443077 -0.00000000
46.849999999999476 23467.59998392 16745.08725523 -0.00000000
46.89999999999947 23495.88983324 16788.14063411 -0.00000000
46.94999999999947 23522.70902806 16811.17176416 -0.00000000
46.99999999999947 23546.92107494 16814.52998859 -0.00000000
47.049999999999464 23568.11885193 16799.59584505 -0.00000000
47.09999999999946 23586.53277888 16767.29304830 -0.00000000
47.14999999999946 23602.48189548 16717.72002158 -0.00000000
47.199999999999456 23617.47212608 16652.62884586 -0.00000000
47.24999999999945 23631.68810269 16571.88979826 -0.00000000
47.29999999999945 23644.24711915 16473.50653779 -0.00000000
47.34999999999945 23654.66814164 16358.61745964 -0.00000000
47.399999999999444 23663.78876501 16230.04042893 -0.00000000
47.44999999999944 23671.11673831 16088.40215856 -0.00000000
47.49999999999944 23678.17070649 15933.10419382 -0.00000000
47.549999999999436 23681.91688500 15762.94950395 -0.00000000
47.59999999999943 23680.44428729 15576.49009964 -0.00000000
47.64999999999943 23673.30615978 15373.96753983 -0.00000000
47.69999999999943 23661.74229490 15156.77330540 -0.00000000
47.749999999999424 23647.31286151 14926.09148644 -0.00000000
47.79999999999942 23630.81824162 14682.05094712 -0.00000000
47.84999999999942 23612.38969096 14424.92328269 -0.00000000
47.899999999999416 23591.32376393 14154.66080492 -0.00000000
47.94999999999941 23567.26621927 13871.50518241 -0.00000000
47.99999999999941 23539.88059494 13575.46201162 -0.00000000
48.04999999999941 23509.03871164 13266.75795553 -0.00000000
48.099999999999405 23474.74331019 12945.71542349 -0.00000000
48.1499999999994 23436.59765121 12612.14550269 -0.00000000
48.1999999999994 23394.54598253 12266.25503112 -0.00000000
48.249999999999396 23348.65139144 11908.19005453 -0.00000000
48.29999999999939 23298.93942734 11537.87362608 -0.00000000
48.34999999999939 23245.30747843 11154.93281161 -0.00000000
48.39999999999939 23187.45610528 10758.28585978 -0.00000000
48.449999999999385 23125.67234155 10346.51191406 -0.00000000
48.49999999999938 23059.87270972 9920.96160531 -0.00000000
48.54999999999938 22990.18775992 9482.64190339 -0.00000000
48.599999999999376 22917.08535852 9031.66653607 -0.00000000
48.64999999999937 22841.30584086 8567.62301498 -0.00000000
48.69999999999937 22763.76993794 8090.33187786 -0.00000000
48.74999999999937 22685.31189467 7600.50543761 -0.00000000
48.799999999999365 22606.73974961 7099.59468452 -0.00000000
48.84999999999936 22528.94287385 6588.94595881 -0.00000000
48.89999999999936 22452.46203995 6069.78229277 -0.00000000
48.949999999999356 22377.73503021 5543.46466740 -0.00000000
48.99999999999935 22305.00408484 5010.38407454 -0.00000000
49.04999999999935 22234.38377956 4469.82837369 -0.00000000
49.09999999999935 22166.94473845 3922.17641563 -0.00000000
49.149999999999345 22104.28037399 3367.70729642 -0.00000000
49.19999999999934 22046.63190733 2805.23671794 -0.00000000
49.24999999999934 21997.11600258 2235.31897738 -0.00000000
49.299999999999336 21960.00944983 1658.38653938 -0.00000000
49.34999999999933 21935.88244183 1076.16568091 -0.00000000
49.39999999999933 21921.85752501 491.70115480 -0.00000000
49.44999999999933 21916.33957386 -96.38180639 -0.00000000
49.499999999999325 21919.07040829 -687.60678532 -0.00000000
49.54999999999932 21930.68639569 -1280.39693465 -0.00000000
49.59999999999932 21951.82152857 -1872.60684638 -0.00000000
49.64999999999932 21982.77389669 -2462.66000624 -0.00000000
49.699999999999314 22024.25779098 -3055.34058893 -0.00000000
49.74999999999931 22076.93747886 -3650.09671576 -0.00000000
49.79999999999931 22110.52690188 -3920.37661315 -0.00000000
49.849999999999305 22221.59282844 -4671.77961483 -0.00000000
49.8999999999993 22355.10871947 -5628.62628128 -0.00000000
49.9499999999993 22425.30952167 -6251.35049220 -0.00000000
49.9999999999993 22481.73848192 -6676.70671006 -0.00000000
50.049999999999294 22568.62987165 -7117.81226461 -0.00000000
