# (1): time [s] (2): displacement/rotation [m/rad] (3): support force/ moment [N]/[N m]
0.05 0.0 0.0
0.1 1.1512821416006936e-13 0.00018180318866620456
0.15000000000000002 2.6958072696366417e-12 0.004257048206863117
0.2 1.2868467003556872e-11 0.02032106857177249
0.25 3.838609028680811e-11 0.06061688410164715
0.3 8.898224635306978e-11 0.14051513123601198
0.35 1.7498455595775472e-10 0.27632453497653164
0.39999999999999997 3.051942174735137e-10 0.48194339071417813
0.44999999999999996 4.843787001872535e-10 0.7649001841859294
0.49999999999999994 7.035401854397263e-10 1.1109861296894632
0.5499999999999999 9.343961607484908e-10 1.4755392736774884
0.6 1.1463497350484112e-09 1.8102429424354267
0.65 1.3237405783528356e-09 2.0903673340818747
0.7000000000000001 1.4738958024957331e-09 2.327482959849443
0.7500000000000001 1.6242148513525026e-09 2.564857287235737
0.8000000000000002 1.8114969808715985e-09 2.8606013719952657
0.8500000000000002 2.0689777164763498e-09 3.267198652206526
0.9000000000000002 2.4160365399443987e-09 3.81525197885247
0.9500000000000003 2.8535340873753464e-09 4.506120413986915
1.0000000000000002 3.3656817822516274e-09 5.314871636924309
1.0500000000000003 3.927507332975778e-09 6.202070985415754
1.1000000000000003 4.5152062677931205e-09 7.130127944389957
1.1500000000000004 5.11552042063573e-09 8.07810605717902
1.2000000000000004 5.730677844230452e-09 9.049523723622741
1.2500000000000004 6.3774438187722716e-09 10.070855613032789
1.3000000000000005 7.07759674929511e-09 11.176492804156599
1.3500000000000005 7.854186131171764e-09 12.402833601150054
1.4000000000000006 8.72576138926554e-09 13.77917008165612
1.4500000000000006 9.70715542103673e-09 15.328925418483603
1.5000000000000007 1.0810937013262527e-08 17.071947444159306
1.5500000000000007 1.2047724423810451e-08 19.025003839416218
1.6000000000000008 1.3426233183015427e-08 21.20185761810256
1.6500000000000008 1.4953442767884812e-08 23.6135303285366
1.7000000000000008 1.6635059507408716e-08 26.269033044272707
1.7500000000000009 1.8476325887867212e-08 29.176644367816873
1.800000000000001 2.048311431448557e-08 32.34563762980211
1.850000000000001 2.2663150957196584e-08 35.78821350875198
1.900000000000001 2.5027154118554605e-08 39.5212976696365
1.950000000000001 2.7589657355480598e-08 43.567840585631785
2.000000000000001 3.0369326524989595e-08 47.95731819666513
2.0500000000000007 3.338866424183812e-08 52.72526520763845
2.1000000000000005 3.6673105724404795e-08 57.911847305472136
2.1500000000000004 4.0249621345940215e-08 63.55965439649147
2.2 4.4145029444807754e-08 69.71103630315102
2.25 4.838945267392671e-08 76.41356081230276
2.3 5.300867046738168e-08 83.7079371745225
2.3499999999999996 5.801867322350901e-08 91.61941641473756
2.3999999999999995 6.342574751535632e-08 100.1579258911909
2.4499999999999993 6.92298399335389e-08 109.32338126316276
2.499999999999999 7.542902011872694e-08 119.11273422938321
2.549999999999999 8.202308973851548e-08 129.52567159587193
2.5999999999999988 8.90152396396806e-08 140.56723214589047
2.6499999999999986 9.641167773146557e-08 152.247219016781
2.6999999999999984 1.0421989572319543e-07 164.57746264171575
2.7499999999999982 1.1244652782862878e-07 177.56843935114424
2.799999999999998 1.2109561323895772e-07 191.22652758013308
2.849999999999998 1.301670905779299e-07 205.55163040718944
2.8999999999999977 1.3965716588089087e-07 220.5377566434731
2.9499999999999975 1.495591403626533e-07 236.17432799142142
2.9999999999999973 1.5986366689754463e-07 252.4465840618063
3.049999999999997 1.7055955589691997e-07 269.336854964494
3.099999999999997 1.8163459885495657e-07 286.8258617998367
3.149999999999997 1.9307542559770375e-07 304.8924912354076
3.1999999999999966 2.048659321698894e-07 323.51131292435423
3.2499999999999964 2.1698729175356292e-07 342.652596747428
3.2999999999999963 2.2941878154873682e-07 362.2836185705553
3.349999999999996 2.42138314038764e-07 382.3694991854947
3.399999999999996 2.551225469571746e-07 402.87337796250506
3.4499999999999957 2.6834700679768527e-07 423.7566078895344
3.4999999999999956 2.8178635103206897e-07 444.97916965008295
3.5499999999999954 2.9541458685390914e-07 466.5000170494937
3.599999999999995 3.092051079228197e-07 488.2771350390994
3.649999999999995 3.2313047512771646e-07 510.26719351145687
3.699999999999995 3.371619572288374e-07 532.4248219113016
3.7499999999999947 3.512689682834768e-07 554.7017208538753
3.7999999999999945 3.65418253577567e-07 577.0453765996067
3.8499999999999943 3.7957246555907647e-07 599.3968122582719
3.899999999999994 3.936905640113861e-07 621.6912197174604
3.949999999999994 4.0773029066703385e-07 643.861867395968
3.999999999999994 4.2164829843137333e-07 665.8403043056193
4.049999999999994 4.354029014805649e-07 687.5607028319455
4.099999999999993 4.489510958591333e-07 708.9551538504306
4.149999999999993 4.6224877537470557e-07 729.9540076538175
4.199999999999993 4.752498605325521e-07 750.4844984206687
4.249999999999993 4.879064905991341e-07 770.4710475099643
4.299999999999993 5.001699500631445e-07 789.8367264697368
4.3499999999999925 5.119916174456766e-07 808.5047553380332
4.399999999999992 5.233235138233043e-07 826.3993688358449
4.449999999999992 5.341183503314274e-07 843.4458913813829
4.499999999999992 5.443303066436677e-07 859.5719664154659
4.549999999999992 5.539141055074508e-07 874.7060949666898
4.599999999999992 5.628264214082352e-07 888.7798601248146
4.6499999999999915 5.710238411784045e-07 901.724706563413
4.699999999999991 5.784633190305151e-07 913.4726590995725
4.749999999999991 5.851040814639033e-07 923.9593308018377
4.799999999999991 5.90908785704276e-07 933.1257523246863
4.849999999999991 5.958430466530912e-07 940.9176248969343
4.899999999999991 5.998746380975253e-07 947.2840589230753
4.94999999999999 6.029725009125364e-07 952.1760077987561
4.99999999999999 6.051059638215527e-07 955.5450373853781
5.04999999999999 6.062444865920391e-07 957.3429204807915
5.09999999999999 6.063580169768846e-07 957.52220047854
5.14999999999999 6.054178623550953e-07 956.0375678076734
5.1999999999999895 6.033978516621116e-07 952.8476947795584
5.249999999999989 6.002755244021674e-07 947.9171132009365
5.299999999999989 5.960331220943815e-07 941.2177800028379
5.349999999999989 5.906582450696506e-07 932.7301144126624
5.399999999999989 5.841441390384719e-07 922.4434504839448
5.449999999999989 5.764896597723598e-07 910.355981323486
5.4999999999999885 5.676990103363034e-07 896.4743441454804
5.549999999999988 5.577813504112274e-07 880.8130033382744
5.599999999999988 5.467503699587276e-07 863.3935772227028
5.649999999999988 5.346239442218726e-07 844.2442932511912
5.699999999999988 5.214240012582543e-07 823.3997788243342
5.749999999999988 5.071766627471709e-07 800.9012836446864
5.799999999999987 4.919126130137551e-07 776.7972624563076
5.849999999999987 4.756675906306432e-07 751.1441513510026
5.899999999999987 4.584828891846553e-07 724.0071585473661
5.949999999999987 4.404057715506557e-07 695.4609185858409
5.999999999999987 4.214897224734498e-07 665.5898911900626
6.0499999999999865 4.017944697293528e-07 634.4883946838696
6.099999999999986 3.813856982415094e-07 602.2601545403102
6.149999999999986 3.603345384572681e-07 569.0174954595768
6.199999999999986 3.387170826410055e-07 534.8805775292504
6.249999999999986 3.166140318326874e-07 499.976838723606
6.299999999999986 2.941104536606162e-07 464.4406124568328
6.349999999999985 2.7129561834545915e-07 428.4128686109763
6.399999999999985 2.4826288594568493e-07 392.0410354810683
6.449999999999985 2.2510961077254124e-07 355.4788488333096
6.499999999999985 2.0193701507853998e-07 318.88615244192096
6.549999999999985 1.7884998308757244e-07 282.42857283453793
6.5999999999999845 1.5595674649564808e-07 246.27702265488406
6.649999999999984 1.3336844985998685e-07 210.60701435273464
6.699999999999984 1.1119859696612336e-07 175.59778592189005
6.749999999999984 8.956239590350037e-08 141.43126668500713
6.799999999999984 6.857603718005212e-08 108.29093733784157
6.849999999999984 4.8355949010528864e-08 76.36065394770691
6.8999999999999835 2.901807351556956e-08 45.82350497286398
6.949999999999983 1.0677198074328468e-08 16.86075537691121
6.999999999999983 -6.5536391428438085e-09 -10.349092116378037
7.049999999999983 -2.2563666916863878e-08 -35.631114609183044
7.099999999999983 -3.724483310940609e-08 -58.814683003909266
7.149999999999983 -5.049221042100357e-08 -79.73410275069868
7.199999999999982 -6.220437678320213e-08 -98.22921453864197
7.249999999999982 -7.225985215360488e-08 -114.10818477396559
7.299999999999982 -8.054495127037921e-08 -127.191488886986
7.349999999999982 -8.696842588663766e-08 -137.33503342185162
7.399999999999982 -9.145771298710909e-08 -144.42423145778224
7.4499999999999815 -9.394941111087158e-08 -148.35896342073784
7.499999999999981 -9.43822486210189e-08 -149.04247301995488
7.549999999999981 -9.269460632428786e-08 -146.37745512566988
7.599999999999981 -8.882544698622054e-08 -140.26752360062906
7.649999999999981 -8.271672696064242e-08 -130.62101959271408
7.699999999999981 -7.43158365651473e-08 -117.35486522144241
7.7499999999999805 -6.357733524130908e-08 -100.39730363314521
7.79999999999998 -5.046375942885394e-08 -79.68917474472502
7.84999999999998 -3.4945585348548225e-08 -55.18385647274805
7.89999999999998 -1.7000635365833014e-08 -26.84632730047054
7.94999999999998 3.3642848236504583e-09 5.312665648322991
7.99999999999998 2.612835174367376e-08 41.26023925801173
8.04999999999998 5.1271991084213397e-08 80.96548301717868
8.09999999999998 7.878063912818362e-08 124.40539882562456
8.14999999999998 1.0864352377356812e-07 171.56297606167425
8.199999999999982 1.4085045647983927e-07 222.42212562701866
8.249999999999982 1.7538846951193074e-07 276.9623696952445
8.299999999999983 2.122390540763756e-07 335.1544803512382
8.349999999999984 2.5137609055083767e-07 396.9572111406695
8.399999999999984 2.927643744976797e-07 462.3149694439155
8.449999999999985 3.363587146614067e-07 531.1563920907166
8.499999999999986 3.8210370775555414e-07 603.3939897178846
8.549999999999986 4.29934325660157e-07 678.9250740343792
8.599999999999987 4.797773324320502e-07 757.6339954742839
8.649999999999988 5.315533341782627e-07 839.3953802271204
8.699999999999989 5.851790653650442e-07 924.0777406323515
8.74999999999999 6.405694347211099e-07 1011.5467059402861
8.79999999999999 6.976389380866131e-07 1101.6672533937508
8.84999999999999 7.563022636563067e-07 1194.3046639897805
8.899999999999991 8.164741795787709e-07 1289.3243449834335
8.949999999999992 8.780690033306961e-07 1386.5909919572453
8.999999999999993 9.410000354374984e-07 1485.967694588668
9.049999999999994 1.0051792821240799e-06 1587.3154986777054
9.099999999999994 1.0705176335530832e-06 1690.4936876094837
9.149999999999995 1.1369254822763104e-06 1795.360758973586
9.199999999999996 1.2043136518279806e-06 1901.7758909397492
9.249999999999996 1.2725945720408383e-06 2009.6007982426695
9.299999999999997 1.3416832710042637e-06 2118.701298619463
9.349999999999998 1.411497924155269e-06 2228.9481798994134
9.399999999999999 1.481960150795708e-06 2340.2176682451786
9.45 1.5529952612806314e-06 2452.3918184969975
9.5 1.624532554313832e-06 2565.358983642997
9.55 1.6965056710662853e-06 2679.014374020618
9.600000000000001 1.7688530536365446e-06 2793.2607812882543
9.650000000000002 1.8415187069844413e-06 2908.009781622724
9.700000000000003 1.914453406220162e-06 3023.1836421937633
9.750000000000004 1.987616003323475e-06 3138.717384652321
9.800000000000004 2.0609743286157763e-06 3254.560208678152
9.850000000000005 2.1345056179594783e-06 3370.6761665860517
9.900000000000006 2.208196777790478e-06 3487.0445818483586
9.950000000000006 2.2820449996105017e-06 3603.6610194623627
10.000000000000007 2.3560590683352048e-06 3720.53935201082
10.050000000000008 2.4302210175983584e-06 3837.651208145378
10.100000000000009 2.50448873043001e-06 3954.930079412916
10.15000000000001 2.5788269556708834e-06 4072.320299413955
10.20000000000001 2.6532516463804345e-06 4189.847060210227
10.25000000000001 2.7278786381188336e-06 4307.693281986445
10.300000000000011 2.8029624893657673e-06 4426.260947381241
10.350000000000012 2.878894276767999e-06 4546.167619881665
10.400000000000013 2.9561371979127954e-06 4668.144751799054
10.450000000000014 3.0351201841608307e-06 4792.86968438862
10.500000000000014 3.11615969460029e-06 4920.842149811886
10.550000000000015 3.199437319337502e-06 5052.348903670872
10.600000000000016 3.285026663869601e-06 5187.506179107728
10.650000000000016 3.3729443685250354e-06 5326.34025347588
10.700000000000017 3.4631989595618123e-06 5468.864590902295
10.750000000000018 3.555888893928025e-06 5615.234668367488
10.800000000000018 3.6511967011813164e-06 5765.73872499553
10.85000000000002 3.7493397203386467e-06 5920.7199688053515
10.90000000000002 3.850548635287807e-06 6080.542681191225
10.95000000000002 3.95505542716296e-06 6245.573192076783
11.000000000000021 4.0630838246084355e-06 6416.164799576062
11.050000000000022 4.174886880792355e-06 6592.717109234951
11.100000000000023 4.290688036183763e-06 6775.582964099314
11.150000000000023 4.410611972812719e-06 6964.959254139172
11.200000000000024 4.534671692084452e-06 7160.866510350725
11.250000000000025 4.662761333485717e-06 7363.137564511986
11.300000000000026 4.7946968935829786e-06 7571.481850047365
11.350000000000026 4.930265120823571e-06 7785.562613602826
11.400000000000027 5.06925295533874e-06 8005.043404519433
11.450000000000028 5.211453352982519e-06 8229.597271786904
11.500000000000028 5.3566552918663136e-06 8458.890982995577
11.55000000000003 5.5046284938024076e-06 8692.560897407058
11.60000000000003 5.655107103310971e-06 8930.187192875143
11.65000000000003 5.807776639182992e-06 9171.273260579906
11.700000000000031 5.962258942276645e-06 9415.221935540472
11.750000000000032 6.1181094043945875e-06 9661.33112063344
11.800000000000033 6.274845661548839e-06 9908.83909718062
11.850000000000033 6.4319790164119e-06 10156.974145294926
11.900000000000034 6.589010322600644e-06 10404.948044602002
11.950000000000035 6.7454158818542185e-06 10651.93380395623
12.000000000000036 6.90063080544591e-06 10897.039386835479
12.050000000000036 7.05403050005211e-06 11139.278474997258
12.100000000000037 7.204917271567166e-06 11377.549314071044
12.150000000000038 7.352520350658845e-06 11610.634753913855
12.200000000000038 7.496007753183541e-06 11837.220977827235
12.250000000000039 7.634503203395089e-06 12055.924226617433
12.30000000000004 7.767102219736799e-06 12265.316200260035
12.35000000000004 7.892884160981048e-06 12463.943080401124
12.400000000000041 8.010920184621102e-06 12650.338097745918
12.450000000000042 8.120278644436463e-06 12823.030055552326
12.500000000000043 8.22003000511359e-06 12980.551090488905
12.550000000000043 8.309256699831384e-06 13121.452239109929
12.600000000000044 8.387062235774278e-06 13244.317816705305
12.650000000000045 8.452571149645233e-06 13347.765347049522
12.700000000000045 8.50492632168292e-06 13430.441320867594
12.750000000000046 8.54329746103165e-06 13491.03459539416
12.800000000000047 8.566895803917668e-06 13528.299604803162
12.850000000000048 8.574987540106437e-06 13541.077562419341
12.900000000000048 8.566902837975205e-06 13528.310712541597
12.950000000000049 8.542040572976669e-06 13489.0497973335
13.00000000000005 8.499870671372074e-06 13422.457757898268
13.05000000000005 8.439936209342147e-06 13327.813049061868
13.100000000000051 8.361856360854848e-06 13204.514294459206
13.150000000000052 8.265330057409588e-06 13052.08606577053
13.200000000000053 8.15013960733513e-06 12870.184598087599
13.250000000000053 8.016153509682177e-06 12658.602233434736
13.300000000000054 7.863328016302594e-06 12417.269887505492
13.350000000000055 7.691707538362597e-06 12146.257691602506
13.400000000000055 7.50142445841773e-06 11845.774695878235
13.450000000000056 7.292698968145946e-06 11516.168613093287
13.500000000000057 7.065839246210001e-06 11157.926099485461
13.550000000000058 6.821241856205742e-06 10771.6733831845
13.600000000000058 6.559391945328363e-06 10358.176577933262
13.650000000000059 6.280862820297343e-06 9918.341013415227
13.70000000000006 5.986314691581762e-06 9453.209252214598
13.75000000000006 5.676492610120625e-06 8963.957831615637
13.800000000000061 5.352223712111551e-06 8451.892912747357
13.850000000000062 5.014413660839525e-06 7918.444661744698
13.900000000000063 4.664040669408165e-06 7365.157810824091
13.950000000000063 4.3021411454800774e-06 6793.668989366045
14.000000000000064 3.929799299310294e-06 6205.690313579319
14.050000000000065 3.548151065189344e-06 5603.0155789956225
14.100000000000065 3.1583911307038187e-06 4987.53136063296
14.150000000000066 2.761775127430975e-06 4361.220472401899
14.200000000000067 2.359615738596207e-06 3726.155820564614
14.250000000000068 1.9532740683059787e-06 3084.4867745738243
14.300000000000068 1.5441498591106603e-06 2438.423719267213
14.350000000000069 1.1336746708201816e-06 1790.2272832848628
14.40000000000007 7.233076192483829e-07 1142.2016099640487
14.45000000000007 3.1453099119696575e-07 496.68743279945136
14.500000000000071 -9.115562410168342e-08 -143.94719181088348
14.550000000000072 -4.922426287738283e-07 -777.3184024559953
14.600000000000072 -8.872183506154336e-07 -1401.0390620738117
14.650000000000073 -1.2745766938741893e-06 -2012.7308395818593
14.700000000000074 -1.6528239646951578e-06 -2610.034988189006
14.750000000000075 -2.0204849479893956e-06 -3190.62194160175
14.800000000000075 -2.376108712939938e-06 -3752.2004817118045
14.850000000000076 -2.7182746769080163e-06 -4292.527314332977
14.900000000000077 -3.045599110186869e-06 -4809.417341096664
14.950000000000077 -3.356741603980709e-06 -5300.753873274841
15.000000000000078 -3.6504112444514693e-06 -5764.498381443887
15.050000000000079 -3.9253726385471585e-06 -6198.700011091324
15.10000000000008 -4.180451965588153e-06 -6601.505138897837
15.15000000000008 -4.414543087621677e-06 -6971.167021822321
15.200000000000081 -4.626613652094453e-06 -7306.055434056243
15.250000000000082 -4.81571110261313e-06 -7604.6661588360685
15.300000000000082 -4.980968530819355e-06 -7865.630229353967
15.350000000000083 -5.121610310020381e-06 -8087.722825030684
15.400000000000084 -5.236957444080482e-06 -8269.871718146303
15.450000000000085 -5.326432523023728e-06 -8411.165099414475
15.500000000000085 -5.389563970099476e-06 -8510.858284679427
15.550000000000086 -5.425988940616627e-06 -8568.378292571526
15.600000000000087 -5.4354544855254356e-06 -8583.325681962036
15.650000000000087 -5.417817576590434e-06 -8555.474591714596
15.700000000000088 -5.373045155196019e-06 -8484.772817755917
15.750000000000089 -5.301214902896982e-06 -8371.343029880407
15.80000000000009 -5.202516555045205e-06 -8215.484846146303
15.85000000000009 -5.0772530665850874e-06 -8017.676673826018
15.900000000000091 -4.9258410111094165e-06 -7778.576339569911
15.950000000000092 -4.748810021626265e-06 -7499.020206300773
16.000000000000092 -4.546818141354351e-06 -7180.047414218213
16.050000000000093 -4.320657937683038e-06 -6822.909535577309
16.100000000000094 -4.071220525713379e-06 -6429.013762941774
16.150000000000095 -3.799503943144023e-06 -5999.936134273698
16.200000000000095 -3.5065792438465952e-06 -5537.367990053911
16.250000000000096 -3.1935840255474317e-06 -5043.105752606655
16.300000000000097 -2.861719837009048e-06 -4519.0468316846745
16.350000000000097 -2.5122554794853385e-06 -3967.194837918296
16.400000000000098 -2.1465335595813475e-06 -3389.6699306768114
16.4500000000001 -1.765976583287051e-06 -2788.7184413808995
16.5000000000001 -1.3720896975887141e-06 -2166.71720288175
16.5500000000001 -9.664583526092364e-07 -1526.1698576610702
16.6000000000001 -5.507407707034076e-07 -869.6949655029913
16.6500000000001 -1.2665655135070307e-07 -200.00800906203185
16.700000000000102 3.040264648705839e-07 480.0993497174966
16.750000000000103 7.394611131944826e-07 1167.7101851549921
16.800000000000104 1.1777676713200481e-06 1859.8561587713775
16.850000000000104 1.6171137640769236e-06 2553.643699679325
16.900000000000105 2.0556339523643315e-06 3246.1270245253945
16.950000000000106 2.4914487130470086e-06 3934.3381093403473
17.000000000000107 2.9226627121693158e-06 4615.283962708166
17.050000000000107 3.347383614867996e-06 5285.9763291896925
17.100000000000108 3.763742266550638e-06 5943.463558162273
17.15000000000011 4.1699027831788045e-06 6584.846537756206
17.20000000000011 4.5640654808501096e-06 7207.283321065321
17.25000000000011 4.944468331847098e-06 7807.9914254472105
17.30000000000011 5.309390520661201e-06 8384.253447971185
17.35000000000011 5.65715870857124e-06 8933.42695804411
17.400000000000112 5.986154882188075e-06 9452.956891335354
17.450000000000113 6.2948243406363505e-06 9940.38816262863
17.500000000000114 6.5816828419589556e-06 10393.376950971586
17.550000000000114 6.8453225879988714e-06 10809.700150622408
17.600000000000115 7.084417219500961e-06 11187.263258998386
17.650000000000116 7.297726084141693e-06 11524.107116478312
17.700000000000117 7.484098374505679e-06 11818.414440833112
17.750000000000117 7.642477513478412e-06 12068.516752360476
17.800000000000118 7.771905519364734e-06 12272.901267003655
17.85000000000012 7.871526920094425e-06 12430.217077417166
17.90000000000012 7.940591974902063e-06 12539.280240439715
17.95000000000012 7.978459221050977e-06 12599.077798719469
18.00000000000012 7.984597511820261e-06 12608.770998974142
18.05000000000012 7.958587701442842e-06 12567.697952738545
18.100000000000122 7.900124027463471e-06 12475.37581929684
18.150000000000123 7.809015139849719e-06 12331.502430789473
18.200000000000124 7.68518469028911e-06 12135.957222793913
18.250000000000124 7.528671425173972e-06 11888.801381160434
18.300000000000125 7.339628782316914e-06 11590.277205170742
18.350000000000126 7.118324033311878e-06 11240.806753208808
18.400000000000126 6.865137025472836e-06 10840.989856110113
18.450000000000127 6.5805585675578765e-06 10391.601567999278
18.500000000000128 6.2651884844223e-06 9893.58909432139
18.55000000000013 5.9197333486387625e-06 9348.068209760091
18.60000000000013 5.545003897390471e-06 8756.31917915882
18.65000000000013 5.141912162879596e-06 8119.782226043417
18.70000000000013 4.711468350375657e-06 7440.0526026337275
18.75000000000013 4.254777464645929e-06 6718.875262516043
18.800000000000132 3.7730356796523772e-06 5958.139127898284
18.850000000000133 3.267526443773633e-06 5159.870939223057
18.900000000000134 2.739616235445012e-06 4326.228552743031
18.950000000000134 2.190749881414703e-06 3459.4935474074464
19.000000000000135 1.622445436166654e-06 2562.06313877084
19.050000000000136 1.0362886993565364e-06 1636.44152127495
19.100000000000136 4.339274712327813e-07 685.2307967732213
19.150000000000137 -1.8293437458796913e-07 -288.87838536703185
19.200000000000138 -8.125429577419841e-07 -1283.116408288712
19.25000000000014 -1.4531005878963716e-06 -2294.6444732044097
19.30000000000014 -2.1027721237330585e-06 -3320.5646411014095
19.35000000000014 -2.7596916389822977e-06 -4357.93035931987
19.40000000000014 -3.421969264194442e-06 -5403.757265645755
19.45000000000014 -4.087697783863123e-06 -6455.03360607019
19.500000000000142 -4.754959084622336e-06 -7508.730417374148
19.550000000000143 -5.42183072627972e-06 -8561.811903688293
19.600000000000144 -6.086392771436321e-06 -9611.246221396217
19.650000000000144 -6.746734866422842e-06 -10654.016660900783
19.700000000000145 -7.400963479137531e-06 -11687.13307615958
19.750000000000146 -8.047209162709148e-06 -12707.64335500173
19.800000000000146 -8.683633724055894e-06 -13712.644739262403
19.850000000000147 -9.308437218647215e-06 -14699.294870467924
19.900000000000148 -9.919864741157549e-06 -15664.822513206347
19.95000000000015 -1.051621301652766e-05 -16606.53796331433
20.00000000000015 -1.1095836820068887e-05 -17521.843186099395
20.05000000000015 -1.1657155243901016e-05 -18408.241711901974
20.10000000000015 -1.219865763555868e-05 -19263.348013966755
20.15000000000015 -1.2718909054422593e-05 -20084.89612489352
20.200000000000152 -1.3216555308119322e-05 -20870.74758980086
20.250000000000153 -1.3690327663454631e-05 -21618.89890553395
20.300000000000153 -1.4139047244623952e-05 -22327.488466040144
20.350000000000154 -1.4561629072478226e-05 -22994.802940921894
20.400000000000155 -1.4957085650078258e-05 -23619.282937517255
20.450000000000156 -1.5324529868120166e-05 -24199.527588963854
20.500000000000156 -1.566317709396356e-05 -24734.29785305996
20.550000000000157 -1.597234664731244e-05 -25222.51884256635
20.600000000000158 -1.6251462892482575e-05 -25663.281550045824
20.65000000000016 -1.6500056018621956e-05 -26055.84407993795
20.70000000000016 -1.6717762459259425e-05 -26399.63231108372
20.75000000000016 -1.690432488934468e-05 -26694.2398920513
20.80000000000016 -1.7059591831297623e-05 -26939.42761903409
20.85000000000016 -1.7183516982693937e-05 -27135.122374174367
20.900000000000162 -1.7276158344539543e-05 -27281.415748989453
20.950000000000163 -1.7337677112143376e-05 -27378.56229290824
21.000000000000163 -1.736833619090598e-05 -27426.977169498434
21.050000000000164 -1.7368498185056336e-05 -27427.232980407123
21.100000000000165 -1.7338622786465108e-05 -27380.055641939878
21.150000000000166 -1.7279263639571022e-05 -27286.319434350953
21.200000000000166 -1.7191064831835404e-05 -27147.041459791228
21.250000000000167 -1.7074757010057758e-05 -26963.375509439582
21.300000000000168 -1.6931152995782517e-05 -26736.60513963078
21.35000000000017 -1.6761142885710287e-05 -26468.13593473501
21.40000000000017 -1.6565688740525178e-05 -26159.48712009019
21.45000000000017 -1.6345818807145398e-05 -25812.282438145823
21.50000000000017 -1.610262220554507e-05 -25428.241758228294
21.55000000000017 -1.583724394553461e-05 -25009.173207355867
21.600000000000172 -1.5550880198829657e-05 -24556.965704189202
21.650000000000173 -1.5244773760235851e-05 -24073.581791621647
21.700000000000173 -1.4920209431527441e-05 -23561.05034729251
21.750000000000174 -1.4578509369240243e-05 -23021.45923711615
21.800000000000175 -1.4221027763273261e-05 -22456.946912066513
21.850000000000176 -1.3849145175339661e-05 -21869.69346781724
21.900000000000176 -1.3464262955042594e-05 -21261.911826962045
21.950000000000177 -1.3067797829708029e-05 -20635.83919562117
22.000000000000178 -1.2661176684881833e-05 -19993.72882113275
22.05000000000018 -1.2245831538482514e-05 -19337.84205555294
22.10000000000018 -1.182319468575645e-05 -18670.440688876504
22.15000000000018 -1.139469398209189e-05 -17993.779499955286
22.20000000000018 -1.0961748204051689e-05 -17310.098930934706
22.25000000000018 -1.0525775050918747e-05 -16621.637722787873
22.300000000000182 -1.0088255223308781e-05 -15930.734104204967
22.350000000000183 -9.65062960346153e-06 -15239.663425217144
22.400000000000183 -9.214289103636364e-06 -14550.622126425465
22.450000000000184 -8.78056828347566e-06 -13865.71765994512
22.500000000000185 -8.350742941455267e-06 -13186.964685976445
22.550000000000185 -7.926036460593572e-06 -12516.295093547045
22.600000000000186 -7.507626000930839e-06 -11855.567779283183
22.650000000000187 -7.096645389348357e-06 -11206.573210829285
22.700000000000188 -6.6941844306768656e-06 -10571.032338993959
22.75000000000019 -6.301168786082997e-06 -9950.40690930106
22.80000000000019 -5.918423964596862e-06 -9346.000513359666
22.85000000000019 -5.546796295681375e-06 -8759.149621088487
22.90000000000019 -5.187214395250487e-06 -8191.320643961324
22.95000000000019 -4.8405721583725106e-06 -7643.92516449023
23.000000000000192 -4.50767511341381e-06 -7118.235222084785
23.050000000000193 -4.189227491211325e-06 -6615.36289350781
23.100000000000193 -3.8858418584909735e-06 -6136.275505359961
23.150000000000194 -3.5980526192200114e-06 -5681.816954560786
23.200000000000195 -3.3263228636082567e-06 -5252.718523857952
23.250000000000195 -3.0710449643470298e-06 -4849.59982337004
23.300000000000196 -2.83253908694473e-06 -4472.966438202773
23.350000000000197 -2.611052365623903e-06 -4123.208627077832
23.400000000000198 -2.4067590356681173e-06 -3800.6015313266603
23.4500000000002 -2.2197606833573633e-06 -3505.305569572632
23.5000000000002 -2.050086061458803e-06 -3237.3661463657195
23.5500000000002 -1.897690641954322e-06 -2996.712945878154
23.6000000000002 -1.7624564484340257e-06 -2783.159667230844
23.6500000000002 -1.6441925688513952e-06 -2596.404834203863
23.700000000000202 -1.5426363604390494e-06 -2436.0336979631534
23.750000000000203 -1.4574551206567439e-06 -2301.520875715843
23.800000000000203 -1.3882480151312898e-06 -2192.2333951909345
23.850000000000204 -1.3345480304102236e-06 -2107.4337783043
23.900000000000205 -1.2958239405887857e-06 -2046.2831467315252
23.950000000000205 -1.2714824381627822e-06 -2007.8445868158753
24.000000000000206 -1.2608705625119616e-06 -1991.086984475531
24.050000000000207 -1.263278466901981e-06 -1994.8893946779533
24.100000000000207 -1.277942487408278e-06 -2018.0458876902114
24.150000000000208 -1.3040484560093584e-06 -2059.270780906199
24.20000000000021 -1.3407352066705714e-06 -2117.2041754322113
24.25000000000021 -1.387098274256131e-06 -2190.417797174682
24.30000000000021 -1.4421936096156408e-06 -2277.420863469676
24.35000000000021 -1.5050413244528867e-06 -2376.6659967426503
24.40000000000021 -1.5746295535416167e-06 -2486.5553234751533
24.450000000000212 -1.6499185328807728e-06 -2605.4469141694353
24.500000000000213 -1.729844984572113e-06 -2731.6617076696443
24.550000000000214 -1.8133268176933073e-06 -2863.4909344830758
24.600000000000215 -1.8992680270406878e-06 -2999.2038525646517
24.650000000000215 -1.986563607962423e-06 -3137.055508510381
24.700000000000216 -2.0741043501730222e-06 -3275.2943076457987
24.750000000000217 -2.160781476416995e-06 -3412.1693391100052
24.800000000000217 -2.2454911788550246e-06 -3545.9375394295807
24.850000000000218 -2.3271392037164757e-06 -3674.8709323116336
24.90000000000022 -2.4046454508932044e-06 -3797.2638920312115
24.95000000000022 -2.476948518363708e-06 -3911.440319698274
25.00000000000022 -2.543010215099299e-06 -4015.7607697534772
25.05000000000022 -2.601820025778191e-06 -4108.629500362057
25.10000000000022 -2.652399479733944e-06 -4188.50137258068
25.150000000000222 -2.6938063854460015e-06 -4253.888537196875
25.200000000000223 -2.7251389120457653e-06 -4303.366879985079
25.250000000000224 -2.7455395123309184e-06 -4335.582216682554
25.300000000000225 -2.7541986817455554e-06 -4349.25622893287
25.350000000000225 -2.7503585373025722e-06 -4343.192115893625
25.400000000000226 -2.7333161879130373e-06 -4316.279916447247
25.450000000000227 -2.7024268627396342e-06 -4267.501449298751
25.500000000000227 -2.657106771066145e-06 -4195.934829100601
25.550000000000228 -2.5968356792221105e-06 -4100.758535769026
25.60000000000023 -2.5211591867242937e-06 -3981.2550088225526
25.65000000000023 -2.429690658255467e-06 -3836.8136982406163
25.70000000000023 -2.3221127746644437e-06 -3666.933513704642
25.75000000000023 -2.198178680054311e-06 -3471.2246360071713
25.80000000000023 -2.0577126841746362e-06 -3249.4096262251815
25.850000000000232 -1.9006104762570133e-06 -3001.323763395641
25.900000000000233 -1.726838806902174e-06 -2726.9145421717744
25.950000000000234 -1.536434680515432e-06 -2426.2403975682287
26.000000000000234 -1.3295042882334177e-06 -2099.469019906514
26.050000000000235 -1.106221876007425e-06 -1746.875567363873
26.100000000000236 -8.668280800811242e-07 -1368.84003746504
26.150000000000237 -6.116277867518743e-07 -965.8438873527746
26.200000000000237 -3.4098764583523004e-07 -538.4661072083976
26.250000000000238 -5.533333311062239e-08 -87.37889727928675
26.30000000000024 2.4485327933457273e-07 386.6568005346657
26.35000000000024 5.590368822685895e-07 882.795659777495
26.40000000000024 8.866310869439124e-07 1400.1116924550845
26.45000000000024 1.2270005639380088e-06 1937.601626557071
26.50000000000024 1.5794631849756747e-06 2494.188288287125
26.550000000000242 1.9432923197546978e-06 3068.7242290646577
26.600000000000243 2.317719591639788e-06 3659.9960771422525
26.650000000000244 2.701938154279205e-06 4266.729711831247
26.700000000000244 3.095105722264623e-06 4887.595049327964
26.750000000000245 3.496346955425853e-06 5521.20980784102
26.800000000000246 3.9047562348510866e-06 6166.143891306782
26.850000000000247 4.319401686384427e-06 6820.925743042005
26.900000000000247 4.739330276442471e-06 7484.0503927348245
26.950000000000248 5.163572844812101e-06 8153.98740392048
27.00000000000025 5.591147677404965e-06 8829.186515849053
27.05000000000025 6.021063363014089e-06 9508.082154694677
27.10000000000025 6.452322024209387e-06 10189.09853558124
27.15000000000025 6.883922638776865e-06 10870.654907588929
27.20000000000025 7.314863868301166e-06 11551.170020472753
27.250000000000252 7.744146219290879e-06 12229.065537374841
27.300000000000253 8.17077401104618e-06 12902.769142356468
27.350000000000254 8.593757377243155e-06 13570.717701173307
27.400000000000254 9.012113613171645e-06 14231.359388748187
27.450000000000255 9.424867211324368e-06 14883.15374537116
27.500000000000256 9.831048696889047e-06 15524.569837782388
27.550000000000257 1.022969249414239e-05 16154.082889916559
27.600000000000257 1.0619834313005399e-05 16770.170155916458
27.650000000000258 1.1000511660810454e-05 17371.311728283144
27.70000000000026 1.1370761580021618e-05 17955.98696542706
27.75000000000026 1.1729617900068133e-05 18522.670151937433
27.80000000000026 1.2076109223179125e-05 19069.827317939915
27.85000000000026 1.2409255175606503e-05 19595.91031926509
27.90000000000026 1.2728061709760451e-05 20099.349418878188
27.950000000000262 1.303152003257618e-05 20578.551594623677
28.000000000000263 1.3318610258385007e-05 21031.906307608086
28.050000000000264 1.3588306563986921e-05 21457.793642764274
28.100000000000264 1.3839582013664564e-05 21854.59192820814
28.150000000000265 1.4071412647437709e-05 22220.684191151304
28.200000000000266 1.4282781111118015e-05 22554.463890253806
28.250000000000266 1.447268035423818e-05 22854.340755159777
28.300000000000267 1.4640117895541486e-05 23118.74752228853
28.350000000000268 1.4784121001613573e-05 23346.148112602066
28.40000000000027 1.490374292326648e-05 23535.04747970803
28.45000000000027 1.4998069927994769e-05 23684.002715069295
28.50000000000027 1.5066228851366683e-05 23791.63497268289
28.55000000000027 1.510739485710441e-05 23856.641723307584
28.60000000000027 1.5120799076999537e-05 23877.808818934802
28.650000000000272 1.5105735879028091e-05 23854.021970135847
28.700000000000273 1.5061569343448067e-05 23784.27697270521
28.750000000000274 1.4987739620856254e-05 23667.689747901473
28.800000000000274 1.4883769656562468e-05 23503.506961153464
28.850000000000275 1.4749272011944123e-05 23291.116793911646
28.900000000000276 1.4584126204538571e-05 23030.32898789704
28.950000000000276 1.4388373573516627e-05 22721.2088233116
29.000000000000277 1.4162065106672335e-05 22363.836816852367
29.050000000000278 1.3905247963278203e-05 21958.287439457497
29.10000000000028 1.3617986508583876e-05 21504.662332655185
29.15000000000028 1.3300405531971149e-05 21003.15855593851
29.20000000000028 1.295246065846148e-05 20453.70603515011
29.25000000000028 1.2574220329049478e-05 19856.412847976637
29.30000000000028 1.2166204608924064e-05 19212.100248446488
29.350000000000282 1.1729332758519326e-05 18522.219874451825
29.400000000000283 1.1264620912230305e-05 17788.376341112227
29.450000000000284 1.0773051865903907e-05 17012.121617422257
29.500000000000284 1.025559454675516e-05 16194.985771910839
29.550000000000285 9.713275847419654e-06 15338.590408430075
29.600000000000286 9.147227764143919e-06 14444.723103801853
29.650000000000286 8.558690252100511e-06 13515.341916750685
29.700000000000287 7.948989597558227e-06 12552.54123460387
29.750000000000288 7.319514921990515e-06 11558.514670066688
29.80000000000029 6.671707592108748e-06 10535.538338217244
29.85000000000029 6.007062245946955e-06 9485.972476834524
29.90000000000029 5.327128394453136e-06 8412.26397553004
29.95000000000029 4.633505980453217e-06 7316.939362744788
30.00000000000029 3.927835002668043e-06 6202.588420653654
30.050000000000292 3.2117816006491936e-06 5071.8422113768165
30.100000000000293 2.48702466924088e-06 3927.351939385215
30.150000000000293 1.755245751902098e-06 2771.772991674615
30.200000000000294 1.0181209597219403e-06 1607.7521767860771
30.250000000000295 2.773128799650917e-07 437.9149472931574
30.300000000000296 -4.6554026719808203e-07 -735.1517232036009
30.350000000000296 -1.2088382533465448e-06 -1908.9208552694768
30.400000000000297 -1.9510329957383938e-06 -3080.9478146256324
30.450000000000298 -2.6906403604920364e-06 -4248.888950985737
30.5000000000003 -3.4262503932686006e-06 -5410.517753702067
30.5500000000003 -4.156537960269008e-06 -6563.741655354556
30.6000000000003 -4.880272959574445e-06 -7706.618156853332
30.6500000000003 -5.5963292075642636e-06 -8837.368860307386
30.7000000000003 -6.30369172140623e-06 -9954.390969072236
30.750000000000302 -7.001462638860462e-06 -11056.266635929587
30.800000000000303 -7.688866367881954e-06 -12141.771095013708
30.850000000000303 -8.36525414531372e-06 -13209.879860611085
30.900000000000304 -9.030107565569148e-06 -14259.77429943225
30.950000000000305 -9.68304065618392e-06 -15290.844908191999
31.000000000000306 -1.0323800959025312e-05 -16302.693020986679
31.050000000000306 -1.0952270179675351e-05 -17295.13183475897
31.100000000000307 -1.1568460885644172e-05 -18268.181195325407
31.150000000000308 -1.217251077620912e-05 -19222.058548668985
31.20000000000031 -1.2764675198855206e-05 -20157.1671233756
31.25000000000031 -1.3345318151241904e-05 -21074.081721509563
31.30000000000031 -1.3914900862727795e-05 -21973.530687280054
31.35000000000031 -1.4473966899541883e-05 -22856.372386070438
31.40000000000031 -1.502312575562034e-05 -23723.5692921263
31.450000000000312 -1.5563037565573848e-05 -24576.163848241064
31.500000000000313 -1.609439972383334e-05 -25415.257335557897
31.550000000000313 -1.6617933726942448e-05 -26241.989095750792
31.600000000000314 -1.7134375960336345e-05 -27057.52198208884
31.650000000000315 -1.764447074330266e-05 -27863.031376478775
31.700000000000315 -1.8148961514543877e-05 -28659.691270262978
31.750000000000316 -1.86485778402486e-05 -29448.653748188004
31.800000000000317 -1.9144020074479258e-05 -30231.024765059756
31.850000000000318 -1.963594248212481e-05 -31007.837494578638
31.90000000000032 -2.012493308304835e-05 -31780.020500493247
31.95000000000032 -2.0611491971871675e-05 -32548.36350057642
32.00000000000032 -2.1096009846845327e-05 -33313.483460775846
32.05000000000032 -2.1578745581538317e-05 -34075.78917784609
32.100000000000314 -2.205980511647713e-05 -34835.44794636099
32.15000000000031 -2.253912923764921e-05 -35592.36625929991
32.20000000000031 -2.3016488846421606e-05 -36346.18233860268
32.250000000000306 -2.349148590134603e-05 -37096.26762240854
32.3000000000003 -2.3963559708090718e-05 -37841.736697718356
32.3500000000003 -2.4431994700334508e-05 -38581.45958749013
32.4000000000003 -2.4895923548421002e-05 -39314.066659628814
32.450000000000294 -2.5354333213388676e-05 -40037.95818712751
32.50000000000029 -2.5806072601924008e-05 -40751.316436284906
32.55000000000029 -2.6249859311606818e-05 -41452.11631836977
32.600000000000286 -2.668429058566811e-05 -42138.14268868117
32.65000000000028 -2.710785378801913e-05 -42807.00688805126
32.70000000000028 -2.7518934765473827e-05 -43456.15994793782
32.75000000000028 -2.7915821795040244e-05 -44082.89882373686
32.800000000000274 -2.8296686430590823e-05 -44684.33614905675
32.85000000000027 -2.86595710425126e-05 -45257.380559122474
32.90000000000027 -2.9002405804702017e-05 -45798.76351556265
32.950000000000266 -2.9323033100360357e-05 -46305.077846496875
33.00000000000026 -2.9619224403849258e-05 -46772.80440529343
33.05000000000026 -2.9888694005185557e-05 -47198.333743422794
33.10000000000026 -3.012911678414603e-05 -47577.99417819886
33.150000000000254 -3.0338146401317613e-05 -47908.08051893401
33.20000000000025 -3.0513431014235188e-05 -48184.87888486913
33.25000000000025 -3.065262804595927e-05 -48404.69002677675
33.300000000000246 -3.075342181534491e-05 -48563.857167565686
33.35000000000024 -3.081353122341756e-05 -48658.7781401194
33.40000000000024 -3.0830731160442895e-05 -48685.93919198559
33.45000000000024 -3.0802885557500154e-05 -48641.96717832885
33.500000000000234 -3.072797656197436e-05 -48523.67563402124
33.55000000000023 -3.06041264244037e-05 -48328.09933596638
33.60000000000023 -3.0429615165519235e-05 -48052.522201770254
33.650000000000226 -3.020289641164324e-05 -47694.50229600001
33.70000000000022 -2.992261274186689e-05 -47251.896065475514
33.75000000000022 -2.9587612999153404e-05 -46722.8856758677
33.80000000000022 -2.91969713338683e-05 -46106.00908403622
33.850000000000215 -2.8750004767041417e-05 -45400.18777282111
33.90000000000021 -2.8246287127947622e-05 -44604.74876038808
33.95000000000021 -2.7685659966351818e-05 -43719.44183215509
34.000000000000206 -2.7068240894572877e-05 -42744.45271405174
34.0500000000002 -2.6394427553537e-05 -41680.40933545967
34.1000000000002 -2.5664896136002003e-05 -40528.37949718186
34.1500000000002 -2.4880595363814525e-05 -39289.86136070837
34.200000000000195 -2.404273493308821e-05 -37966.76520157316
34.25000000000019 -2.315277267967452e-05 -36561.39314187793
34.30000000000019 -2.2212400915033397e-05 -35076.41757276398
34.350000000000186 -2.122353034415741e-05 -33514.85575861592
34.40000000000018 -2.018827149242728e-05 -31880.040507527534
34.45000000000018 -1.9108914114445922e-05 -30175.58765503584
34.50000000000018 -1.7987905098703602e-05 -28405.36117256684
34.550000000000175 -1.682782549603977e-05 -26573.43689223645
34.60000000000017 -1.5631367334755448e-05 -24684.065894743486
34.65000000000017 -1.4401313062427864e-05 -22741.64204518459
34.700000000000166 -1.3140514712433881e-05 -20750.669094146702
34.75000000000016 -1.185185755627269e-05 -18715.703279755693
34.80000000000016 -1.0538219776131188e-05 -16641.289645144203
34.85000000000016 -9.202443488059965e-06 -14531.916280085235
34.900000000000155 -7.847311545571465e-06 -12391.977690702633
34.95000000000015 -6.475937749115885e-06 -10226.390993576775
35.00000000000015 -5.091598142948622e-06 -8040.3295104358585
35.050000000000146 -3.6959677710456673e-06 -5836.438364703478
35.10000000000014 -2.2905769976250303e-06 -3617.134210687047
35.15000000000014 -8.778456014914367e-07 -1386.2382099130907
35.20000000000014 5.394687241345553e-07 851.8948630349548
35.250000000000135 1.9587482628092548e-06 3093.1312760397363
35.30000000000013 3.3777077622237144e-06 5333.862303301897
35.35000000000013 4.794336969120129e-06 7570.9134801173495
35.40000000000013 6.206776678167605e-06 9801.348867107483
35.450000000000124 7.613257366562901e-06 12022.374145864827
35.50000000000012 9.012088450293415e-06 14231.319653123592
35.55000000000012 1.040166738677969e-05 16425.654755076554
35.600000000000115 1.178048248221498e-05 18602.992280548006
35.65000000000011 1.314710599845561e-05 20761.077635831323
35.70000000000011 1.4500184825145253e-05 22897.77407469803
35.75000000000011 1.5838435187565376e-05 25011.054341370203
35.800000000000104 1.71606366393319e-05 27098.991184167266
35.8500000000001 1.8465622438153923e-05 29159.742157513334
35.9000000000001 1.9752273558559675e-05 31191.54016721304
35.950000000000095 2.1019517103309238e-05 33192.69096185502
36.00000000000009 2.2266320109497784e-05 35161.56335180221
36.05000000000009 2.3491673529359404e-05 37096.563912691185
36.10000000000009 2.4694571584132765e-05 38996.104382363665
36.150000000000084 2.5873996362099584e-05 40858.57733906369
36.20000000000008 2.7028910267988663e-05 42682.34427801443
36.25000000000008 2.8158251371893143e-05 44465.72826672272
36.300000000000075 2.9260931241388592e-05 46207.010521597105
36.35000000000007 3.0335833811586487e-05 47904.42862360789
36.40000000000007 3.1381809876405085e-05 49556.16781925073
36.45000000000007 3.239766980113821e-05 51160.34951269654
36.500000000000064 3.338217512644776e-05 52715.01800734791
36.55000000000006 3.433403488372554e-05 54218.1346872917
36.60000000000006 3.5251913496945634e-05 55667.59049540415
36.650000000000055 3.61344367997639e-05 57061.215435173595
36.70000000000005 3.698019308558169e-05 58396.780228894604
36.75000000000005 3.778772625234171e-05 59671.98549236345
36.80000000000005 3.855553753489346e-05 60884.46447052006
36.850000000000044 3.928209259674417e-05 62031.794236292146
36.90000000000004 3.996583474420888e-05 63111.51655754463
36.95000000000004 4.060520278850087e-05 64121.16610376224
37.000000000000036 4.119864634195504e-05 65058.29460087734
37.05000000000003 4.174463904983722e-05 65920.49172610561
37.10000000000003 4.2241693257643855e-05 66705.40826961734
37.15000000000003 4.268837369375817e-05 67410.77774132205
37.200000000000024 4.308330767973244e-05 68034.43249429986
37.25000000000002 4.342519245197985e-05 68574.31528675402
37.30000000000002 4.3712793424845414e-05 69028.47653916228
37.350000000000016 4.394493956910223e-05 69395.06703629075
37.40000000000001 4.412052927529759e-05 69672.34718621903
37.45000000000001 4.423852661457132e-05 69858.68111566108
37.50000000000001 4.429795314805254e-05 69952.52373588312
37.550000000000004 4.429788283919358e-05 69952.4127085833
37.6 4.4237433578525205e-05 69856.95506232168
37.65 4.411574871221817e-05 69664.79802359368
37.699999999999996 4.393197383755692e-05 69374.59237371107
37.74999999999999 4.36852425841774e-05 68984.96999543256
37.79999999999999 4.337469824783631e-05 68494.57803564289
37.84999999999999 4.299953080972749e-05 67902.13736391421
37.899999999999984 4.255901394015461e-05 67206.50100636372
37.94999999999998 4.205253811745261e-05 66406.70644495812
37.99999999999998 4.14796412752332e-05 65502.02401370389
38.049999999999976 4.084003677469019e-05 64492.00107074135
38.09999999999997 4.0133640558216993e-05 63376.50487761868
38.14999999999997 3.936059711225078e-05 62155.76359817205
38.19999999999997 3.852130359670199e-05 60830.404402193475
38.249999999999964 3.761643140063156e-05 59401.48750479186
38.29999999999996 3.664694324325913e-05 57870.53317122275
38.34999999999996 3.5614104972084364e-05 56239.54034773475
38.399999999999956 3.451949201056228e-05 54510.9968433303
38.44999999999995 3.336499357591128e-05 52687.88599026113
38.49999999999995 3.215282282562095e-05 50773.70266675118
38.54999999999995 3.088551600761242e-05 48772.45195498357
38.599999999999945 2.9565911243910677e-05 46688.615637618896
38.64999999999994 2.819711896216346e-05 44527.10550512138
38.69999999999994 2.678249254778773e-05 42293.217011486195
38.749999999999936 2.5325597936319346e-05 39992.581256402715
38.79999999999993 2.383018051072821e-05 37631.112711589914
38.84999999999993 2.2300128294364868e-05 35214.95109742733
38.89999999999993 2.0739429042644568e-05 32750.39362485844
38.949999999999925 1.915213638871827e-05 30243.841534777195
38.99999999999992 1.754234232117744e-05 27701.75663656143
39.04999999999992 1.5914152529440193e-05 25130.62237506724
39.099999999999916 1.4271663428543034e-05 22536.907549634296
39.14999999999991 1.261892335198846e-05 19927.00503228713
39.19999999999991 1.0959849850083439e-05 17307.101170505925
39.24999999999991 9.298180423325783e-06 14683.097988508647
39.299999999999905 7.637479672130823e-06 12060.62447764686
39.3499999999999 5.981158159480096e-06 9445.066383106603
39.3999999999999 4.332467773936668e-06 6841.558881475704
39.449999999999896 2.694473202324105e-06 4254.941532204051
39.49999999999989 1.0699650120760217e-06 1689.621022751541
39.54999999999989 -5.386078930825444e-07 -850.5354931246313
39.59999999999989 -2.1291033129972875e-06 -3362.1451885331135
39.649999999999885 -3.699626307165587e-06 -5842.215693373991
39.69999999999988 -5.248492576112952e-06 -8288.087268526273
39.74999999999988 -6.774219427192892e-06 -10697.418539610879
39.799999999999876 -8.275531243312949e-06 -13068.195132856634
39.84999999999987 -9.751365195175031e-06 -15398.73869550865
39.89999999999987 -1.1200869590299246e-05 -17687.704288711262
39.94999999999987 -1.2623393555155439e-05 -19934.064094183224
39.999999999999865 -1.4017517536301573e-05 -22135.576442980677
40.04999999999986 -1.538254015163291e-05 -24291.133756878386
40.09999999999986 -1.6719377482820383e-05 -26402.182654066935
40.14999999999986 -1.802892961432261e-05 -28470.14449095179
40.199999999999854 -1.93112582684829e-05 -30495.116735550728
40.24999999999985 -2.0566038821105055e-05 -32476.586761880484
40.29999999999985 -2.1792977258579284e-05 -34414.0902822583
40.349999999999845 -2.2992003317781088e-05 -36307.51634160533
40.39999999999984 -2.4163252267146482e-05 -38157.078547273806
40.44999999999984 -2.530695629469893e-05 -39963.143555893854
40.49999999999984 -2.6423354306342367e-05 -41726.0886325472
40.549999999999834 -2.75126448903191e-05 -43446.227375216324
40.59999999999983 -2.8574970489659394e-05 -45123.784720918535
40.64999999999983 -2.9610404201667928e-05 -46758.87610029065
40.699999999999825 -3.061892966120603e-05 -48351.47567054152
40.74999999999982 -3.160042669095433e-05 -49901.3936552551
40.79999999999982 -3.255466442683929e-05 -51408.26548849923
40.84999999999982 -3.3481299988909846e-05 -52871.549715958026
40.899999999999814 -3.437987587809848e-05 -54290.523884061855
40.94999999999981 -3.5249805094611815e-05 -55664.261039891644
40.99999999999981 -3.609038618263667e-05 -56991.653488826465
41.049999999999805 -3.690082636829711e-05 -58271.449332540695
41.0999999999998 -3.768025493056679e-05 -59502.273583502545
41.1499999999998 -3.842773009965878e-05 -60682.6390584746
41.1999999999998 -3.9142243678549655e-05 -61810.95367653212
41.249999999999794 -3.982272304791634e-05 -62885.523625132424
41.29999999999979 -4.0468050975438625e-05 -63904.5846417116
41.34999999999979 -4.107708409382796e-05 -64866.331193017926
41.399999999999785 -4.164866078017368e-05 -65768.92891767678
41.44999999999978 -4.2181610954710916e-05 -66610.53009978462
41.49999999999978 -4.267477143637985e-05 -67389.29791743631
41.54999999999978 -4.3127000621056065e-05 -68103.42962165734
41.599999999999774 -4.3537188454810595e-05 -68751.17228554486
41.64999999999977 -4.390426230630258e-05 -69330.83207757848
41.69999999999977 -4.422719054665503e-05 -69840.77991473344
41.749999999999766 -4.450498590071209e-05 -70279.45675457404
41.79999999999976 -4.473671101645458e-05 -70645.38239012206
41.84999999999976 -4.4921489741422586e-05 -70937.17325686956
41.89999999999976 -4.5058519132624706e-05 -71153.56139806748
41.949999999999754 -4.514707587132173e-05 -71293.40459454594
41.99999999999975 -4.5186516126791964e-05 -71355.68614958099
42.04999999999975 -4.51762723237781e-05 -71339.50978425147
42.099999999999746 -4.5115851542231894e-05 -71244.09711041696
42.14999999999974 -4.500483791398032e-05 -71068.79141538133
42.19999999999974 -4.484289967338501e-05 -70813.06879584787
42.24999999999974 -4.4629794525634414e-05 -70476.54663518642
42.299999999999734 -4.436537201503634e-05 -70058.98734329108
42.34999999999973 -4.404957119188117e-05 -69560.29467223829
42.39999999999973 -4.368242372063849e-05 -68980.5186245542
42.449999999999726 -4.326406998440807e-05 -68319.8808843443
42.49999999999972 -4.2794778409337785e-05 -67578.80533319103
42.54999999999972 -4.2274960118770995e-05 -66757.94119105588
42.59999999999972 -4.170517763267879e-05 -65858.176753872
42.649999999999714 -4.108614836639363e-05 -64880.64491852302
42.69999999999971 -4.041874300382481e-05 -63826.72061392784
42.74999999999971 -3.970397929757628e-05 -62698.01101057913
42.799999999999706 -3.8943014168344256e-05 -61496.343044412104
42.8499999999997 -3.8137139441024195e-05 -60223.75668353454
42.8999999999997 -3.7287780683378936e-05 -58882.50309432503
42.9499999999997 -3.6396492505038456e-05 -57475.03721791093
42.999999999999694 -3.546494718726183e-05 -56003.99981500815
43.04999999999969 -3.4494919028106206e-05 -54472.19274480288
43.09999999999969 -3.348826669618942e-05 -52882.55109913044
43.149999999999686 -3.244691752373517e-05 -51238.118399046405
43.19999999999968 -3.1372854787871375e-05 -49542.02651025802
43.24999999999968 -3.026810356796912e-05 -47797.47330992904
43.29999999999968 -2.913471980412576e-05 -46007.705408528775
43.349999999999675 -2.7974782572438512e-05 -44176.005951433115
43.39999999999967 -2.6790386176000587e-05 -42305.68212952622
43.44999999999967 -2.5583630575566595e-05 -40400.050067913005
43.499999999999666 -2.435661039866754e-05 -38462.41746980927
43.54999999999966 -2.3111399950599426e-05 -36496.05994684359
43.59999999999966 -2.18500422167899e-05 -34504.20365229086
43.64999999999966 -2.0574544062331855e-05 -32490.01770047958
43.699999999999655 -1.9286873559076266e-05 -30456.60994590609
43.74999999999965 -1.7988956731032046e-05 -28407.021843775983
43.79999999999965 -1.668267312486395e-05 -26344.22145521478
43.849999999999646 -1.536985073511341e-05 -24271.09543349789
43.89999999999964 -1.405226257419657e-05 -22190.443607608595
43.94999999999964 -1.2731621807700977e-05 -20104.971300206525
43.99999999999964 -1.140956861561283e-05 -18017.268579709344
44.049999999999635 -1.0087668882424483e-05 -15929.808191793414
44.09999999999963 -8.767408821726722e-06 -13844.937070890193
44.14999999999963 -7.450182961709866e-06 -11764.857367650022
44.199999999999626 -6.137289682285017e-06 -9691.619401446482
44.24999999999962 -4.82994448937206e-06 -7627.1426222918035
44.29999999999962 -3.5293090310663206e-06 -5573.261431330651
44.34999999999962 -2.2365287826573955e-06 -3531.7846906365526
44.399999999999615 -9.527528231446451e-07 -1504.526953033392
44.44999999999961 3.208709024922846e-07 506.69901942709856
44.49999999999961 1.5832109588815318e-06 2500.106535620811
44.549999999999606 2.833165578979362e-06 4473.955754769534
44.5999999999996 4.0696697224141706e-06 6426.564832531039
44.6499999999996 5.291699273037127e-06 8356.316549505373
44.6999999999996 6.498267891475851e-06 10261.653340986833
44.749999999999595 7.688409067558801e-06 12141.048955288587
44.79999999999959 8.861155354542685e-06 13992.97566174896
44.84999999999959 1.001552430396603e-05 15815.882039942488
44.89999999999959 1.1150516976967957e-05 17608.190628848726
44.949999999999584 1.2264508529259416e-05 19367.33557721227
44.99999999999958 1.3356628091222318e-05 21091.941662854642
45.04999999999958 1.4426552108704355e-05 22781.497949538152
45.099999999999575 1.5473550416514107e-05 24434.85140660891
45.14999999999957 1.6496645967252158e-05 26050.459142656782
45.19999999999957 1.749478522569258e-05 27626.657481537364
45.24999999999957 1.8466954683652555e-05 29161.845955279197
45.299999999999564 1.941221491924661e-05 30654.541088302212
45.34999999999956 2.0329677496333646e-05 32103.33991848669
45.39999999999956 2.1218469405631605e-05 33506.86384483225
45.449999999999555 2.207770812222888e-05 34863.71923985862
45.49999999999955 2.2906493384140923e-05 36172.484466822636
45.54999999999955 2.3703907684457815e-05 37431.710656886506
45.59999999999955 2.4469017557941872e-05 38639.923740831335
45.649999999999544 2.5200873524125178e-05 39795.62435920034
45.69999999999954 2.5898508388300497e-05 40897.28517933124
45.74999999999954 2.6560934163881422e-05 41943.3460353422
45.799999999999535 2.718714480429374e-05 42932.21824216178
45.84999999999953 2.7776126276704354e-05 43862.300503324004
45.89999999999953 2.832686932174874e-05 44731.99906032231
45.94999999999953 2.8838381128904482e-05 45539.74612962047
45.999999999999524 2.9309695997849096e-05 46284.016738394006
46.04999999999952 2.9739885927871842e-05 46963.3454466591
46.09999999999952 3.0128071035267404e-05 47576.342797761274
46.149999999999515 3.047342936056893e-05 48121.710805337076
46.19999999999951 3.077520374234016e-05 48598.25380797154
46.24999999999951 3.103270584844857e-05 49004.88483512951
46.29999999999951 3.12453238189142e-05 49340.637676258826
46.349999999999504 3.14125363286538e-05 49604.68908778574
46.3999999999995 3.153392703761866e-05 49796.38161185788
46.4499999999995 3.160919339573582e-05 49915.237480550226
46.499999999999496 3.163814666746729e-05 49960.95865464732
46.54999999999949 3.162069855466482e-05 49933.40569930237
46.59999999999949 3.155685223502173e-05 49832.583632527516
46.64999999999949 3.144669338548707e-05 49658.627749937725
46.699999999999484 3.1290387017176147e-05 49411.79862664176
46.74999999999948 3.108818064232629e-05 49092.48711829832
46.79999999999948 3.0840407374195733e-05 48701.219256280136
46.849999999999476 3.054748554492082e-05 48238.65564421825
46.89999999999947 3.020991567995549e-05 47705.586680228334
46.94999999999947 2.9828277012584105e-05 47102.92705285001
46.99999999999947 2.940322475165608e-05 46431.7114264263
47.049999999999464 2.8935487596449274e-05 45693.09051673316
47.09999999999946 2.842586533830697e-05 44888.32730363646
47.14999999999946 2.7875225659546557e-05 44018.79197613115
47.199999999999456 2.7284498359734094e-05 43085.95281483951
47.24999999999945 2.6654664201123388e-05 42091.358577434614
47.29999999999945 2.5986736236867033e-05 41036.60901333298
47.34999999999945 2.5281760946550607e-05 39923.356656858385
47.399999999999444 2.4540819027891337e-05 38753.308077442205
47.44999999999944 2.3765025426823882e-05 37528.22392713303
47.49999999999944 2.2955514485049418e-05 36249.89548654627
47.549999999999436 2.2113447102826557e-05 34920.155975890186
47.59999999999943 2.124002813740464e-05 33540.9080294705
47.64999999999943 2.033651979295703e-05 32114.14484022552
47.69999999999943 1.9404244059300726e-05 30641.954010797832
47.749999999999424 1.8444577316100976e-05 29126.509032835696
47.79999999999942 1.745894266169338e-05 27570.057173154517
47.84999999999942 1.6448803232007436e-05 25974.90892340375
47.899999999999416 1.541565536689941e-05 24343.42720877235
47.94999999999941 1.4361026897086997e-05 22678.024682824394
47.99999999999941 1.3286478561373268e-05 20981.16596548944
48.04999999999941 1.2193606019587492e-05 19255.370821771263
48.099999999999405 1.1084041496348449e-05 17503.216757474835
48.1499999999994 9.959455647211064e-06 15727.34196610697
48.1999999999994 8.82156095656081e-06 13930.450694616098
48.249999999999396 7.672117288367426e-06 12115.322008791181
48.29999999999939 6.512938923032955e-06 10284.820905406757
48.34999999999939 5.345901235609598e-06 8441.908858041843
48.39999999999939 4.172944416932997e-06 6589.649693258107
48.449999999999385 2.996074424455849e-06 4731.211092096113
48.49999999999938 1.817362658880984e-06 2869.8640794347543
48.54999999999938 6.389420352685917e-07 1008.9768197324613
48.599999999999376 -5.370018819309705e-07 -847.9993819678677
48.64999999999937 -1.7082439098214809e-06 -2697.5506576813086
48.69999999999937 -2.872535751561343e-06 -4536.126639343416
48.74999999999937 -4.0276270219419666e-06 -6360.173661072777
48.799999999999365 -5.17129102757304e-06 -8166.175469607805
48.84999999999936 -6.301354204806711e-06 -9950.699710813318
48.89999999999936 -7.415728376974949e-06 -11710.44886826803
48.949999999999356 -8.512444175367838e-06 -13442.313039558061
48.99999999999935 -9.589678919813512e-06 -15143.413963524043
49.04999999999935 -1.0645774093983165e-05 -16811.13261615669
49.09999999999935 -1.167924768727795e-05 -18443.128700123383
49.149999999999345 -1.2688804858200935e-05 -20037.357483690233
49.19999999999934 -1.3673349025093599e-05 -21592.087314511144
49.24999999999934 -1.4631989981889993e-05 -23105.912435513095
49.299999999999336 -1.556404413982524e-05 -24577.753366586912
49.34999999999933 -1.6469034501644913e-05 -26006.856863860336
49.39999999999933 -1.7346698268523246e-05 -27392.807932061787
49.44999999999933 -1.8196995835761648e-05 -28735.54402995806
49.499999999999325 -1.902010784112406e-05 -30035.350409272352
49.54999999999932 -1.9816418084414756e-05 -31292.833142362655
49.59999999999932 -2.058648863398235e-05 -32508.879811988514
49.64999999999932 -2.1331034672031925e-05 -33684.619788620155
49.699999999999314 -2.2050889914955258e-05 -34821.36962441269
49.74999999999931 -2.2746985560524656e-05 -35920.599807947234
49.79999999999931 -2.341965327548701e-05 -36982.83408635734
49.849999999999305 -2.407024202834908e-05 -38010.20266532481
49.8999999999993 -2.470062586875718e-05 -39005.6649254316
49.9499999999993 -2.531230471976614e-05 -39971.58945022701
49.9999999999993 -2.5906487969810567e-05 -40909.88602937774
50.049999999999294 -2.648428724115013e-05 -41822.3100663952
