# (1): time [s] (2): displacement/rotation [m/rad] (3): support force/ moment [N]/[N m]
0.05 0.0 0.0
0.1 1.347937881740838e-11 5.3214454600097755e-05
0.15000000000000002 7.433098424853786e-11 0.00029344696371066915
0.2 2.3265007058924097e-10 0.0009184656642405289
0.25 5.427563192107843e-10 0.002142716062720727
0.3 1.046362232948675e-09 0.004130872519777572
0.35 1.7530929185355247e-09 0.0069209334337187196
0.39999999999999997 2.6207665529092587e-09 0.010346371641928401
0.44999999999999996 3.538037027838506e-09 0.013967610328468811
0.49999999999999994 4.16330168425459e-09 0.016436056250392732
0.5499999999999999 3.798789536513267e-09 0.014997019971353416
0.6 1.6580370502584314e-09 0.006545667907359932
0.65 -2.804083783808116e-09 -0.011070079061478352
0.7000000000000001 -9.661304188930867e-09 -0.03814130013733405
0.7500000000000001 -1.8454201669888075e-08 -0.07285426800788716
0.8000000000000002 -2.8323196490549987e-08 -0.11181549789442032
0.8500000000000002 -3.829381641738402e-08 -0.15117792761900847
0.9000000000000002 -4.761343384200897e-08 -0.18797030247922747
0.9500000000000003 -5.602461622366946e-08 -0.22117631954018813
1.0000000000000002 -6.388757331278822e-08 -0.25221802989712544
1.0500000000000003 -7.211161473036113e-08 -0.2846852440449729
1.1000000000000003 -8.190872531312514e-08 -0.32336268633521564
1.1500000000000004 -9.443721356962541e-08 -0.3728231754693562
1.2000000000000004 -1.1044939957532442e-07 -0.43603675205851955
1.2500000000000004 -1.300701140178872e-07 -0.5134962279044536
1.3000000000000005 -1.529386326267454e-07 -0.603777520667806
1.3500000000000005 -1.783698558958071e-07 -0.7041759659083728
1.4000000000000006 -2.0573608839135816e-07 -0.812213521380103
1.4500000000000006 -2.3453080592026565e-07 -0.9258905097206751
1.5000000000000007 -2.6437991173057834e-07 -1.0437300561502927
1.5500000000000007 -2.950798352676324e-07 -1.164928496332059
1.6000000000000008 -3.266384995328393e-07 -1.2895171090218138
1.6500000000000008 -3.5930085469056396e-07 -1.418462918707663
1.7000000000000008 -3.9355035914402266e-07 -1.5536745426632572
1.7500000000000009 -4.300833166183756e-07 -1.697900877812731
1.800000000000001 -4.6975721352553545e-07 -1.854527144822039
1.850000000000001 -5.135179797472989e-07 -2.0272877251809827
1.900000000000001 -5.623143483978971e-07 -2.2199280670974315
1.950000000000001 -6.170098731789713e-07 -2.4358573439371045
2.000000000000001 -6.783042347357031e-07 -2.6778377841700176
2.0500000000000007 -7.466748825836047e-07 -2.9477542829320096
2.1000000000000005 -8.223477452276105e-07 -3.2464987702097337
2.1500000000000004 -9.053019372894272e-07 -3.5739887938345807
2.2 -9.95308653582227e-07 -3.9293210671349876
2.25 -1.0918256708391346e-06 -4.310354978454505
2.3 -1.194203831511878e-06 -4.714527756514962
2.3499999999999996 -1.3019637621199816e-06 -5.1399469106712905
2.3999999999999995 -1.4150170543366363e-06 -5.5862634188389455
2.4499999999999993 -1.53378053537739e-06 -6.055122848906351
2.499999999999999 -1.6591580885306997e-06 -6.55009358906624
2.549999999999999 -1.792395983955433e-06 -7.076095716696572
2.5999999999999988 -1.9348519778453915e-06 -7.638489438399729
2.6499999999999986 -2.087742148532449e-06 -8.242075638998244
2.6999999999999984 -2.2519344681933764e-06 -8.890280935298467
2.7499999999999982 -2.4278430113038957e-06 -9.584740027807586
2.799999999999998 -2.615446480828574e-06 -10.325368839199745
2.849999999999998 -2.814507886164637e-06 -11.11123176807648
2.8999999999999977 -3.024717123020423e-06 -11.94110457176508
2.9499999999999975 -3.245802518276532e-06 -12.813914727779592
2.9999999999999973 -3.477620627761379e-06 -13.729095941229136
3.049999999999997 -3.7202211566879496e-06 -14.686844440429251
3.099999999999997 -3.973878303632605e-06 -15.688242717970345
3.149999999999997 -4.239083700209747e-06 -16.73523165767051
3.1999999999999966 -4.516503409159079e-06 -17.830440769828613
3.2499999999999964 -4.806925362987293e-06 -18.976980687298976
3.2999999999999963 -5.111205986451827e-06 -20.178232439503688
3.349999999999996 -5.430216482438578e-06 -21.437635397577502
3.399999999999996 -5.764787590643337e-06 -22.758469190383515
3.4499999999999957 -6.115651716171295e-06 -24.143625237381556
3.4999999999999956 -6.4834010389826796e-06 -25.595441371348304
3.5499999999999954 -6.868471130728598e-06 -27.115637160237664
3.599999999999995 -7.271148216156513e-06 -28.70534257406054
3.649999999999995 -7.691593731910938e-06 -30.3651949391438
3.699999999999995 -8.129879225809994e-06 -32.0954767149517
3.7499999999999947 -8.586026002057404e-06 -33.89627200710937
3.7999999999999945 -9.060232471276968e-06 -35.76836410936315
3.8499999999999943 -9.552725595287707e-06 -37.7126490310602
3.899999999999994 -1.0063670831914805e-05 -39.72977997351238
3.949999999999994 -1.0593253525432573e-05 -41.820488646585865
3.999999999999994 -1.1141985995643397e-05 -43.986797607791225
4.049999999999994 -1.1710638184249217e-05 -46.23174646513246
4.099999999999993 -1.2299953020917357e-05 -48.55826818737531
4.149999999999993 -1.291049160117973e-05 -50.968577890892256
4.199999999999993 -1.3542570735147404e-05 -53.463926291869896
4.249999999999993 -1.4196305106600892e-05 -56.04476614372619
4.299999999999993 -1.4871718556443232e-05 -58.71119156657375
4.3499999999999925 -1.5568867052901435e-05 -61.463423514116435
4.399999999999992 -1.6287923096737868e-05 -64.30214299206762
4.449999999999992 -1.702919653299179e-05 -67.22857321961256
4.499999999999992 -1.7792935705142212e-05 -70.24369461750861
4.549999999999992 -1.857937483960825e-05 -73.34843187459458
4.599999999999992 -1.9388876807037994e-05 -76.54421754676862
4.6499999999999915 -2.022187688537144e-05 -79.83277004245963
4.699999999999991 -2.1078495563879026e-05 -83.21456503424118
4.749999999999991 -2.1958700221927935e-05 -86.68947374101671
4.799999999999991 -2.2862522730222174e-05 -90.25762198328249
4.849999999999991 -2.379012796590128e-05 -93.91966066989531
4.899999999999991 -2.474180560435046e-05 -97.67673339343784
4.94999999999999 -2.5717920596181437e-05 -101.53028092117557
4.99999999999999 -2.6718852807600184e-05 -105.4818029047798
5.04999999999999 -2.7744947343924024e-05 -109.532661765434
5.09999999999999 -2.879648638025881e-05 -113.68397148580483
5.14999999999999 -2.9873683920798043e-05 -117.93657692058429
5.1999999999999895 -3.097669792360094e-05 -122.29110166319495
5.249999999999989 -3.210565080021247e-05 -126.74802897504603
5.299999999999989 -3.326064944789052e-05 -131.30778086959623
5.349999999999989 -3.444179870719189e-05 -135.9707712407739
5.399999999999989 -3.564920595752725e-05 -140.73742400550074
5.449999999999989 -3.6882978061585894e-05 -145.60816104076414
5.4999999999999885 -3.814321415229346e-05 -150.58337370766773
5.549999999999988 -3.9429998437121884e-05 -155.66339444398585
5.599999999999988 -4.074339568858034e-05 -160.84847896133505
5.649999999999988 -4.208344872880528e-05 -166.13879631473395
5.699999999999988 -4.345017572986143e-05 -171.53441824461854
5.749999999999988 -4.484356650312682e-05 -177.0353045279215
5.799999999999987 -4.626357834895235e-05 -182.64128659318496
5.849999999999987 -4.7710132378356245e-05 -188.35205299919224
5.899999999999987 -4.918311093792722e-05 -194.16713926889304
5.949999999999987 -5.06823563997781e-05 -200.0859231123317
5.999999999999987 -5.220767148869162e-05 -206.10762571816727
6.0499999999999865 -5.375882195574384e-05 -212.23132230871542
6.099999999999986 -5.5335543598686394e-05 -218.4559698553069
6.149999999999986 -5.6937550982556394e-05 -224.7804415058753
6.199999999999986 -5.8564539513455555e-05 -231.203534771909
6.249999999999986 -6.02161784346435e-05 -237.7239438781358
6.299999999999986 -6.189209765607254e-05 -244.34020776761034
6.349999999999985 -6.359187207034105e-05 -251.05064818357977
6.399999999999985 -6.531500621785796e-05 -257.85330912997983
6.449999999999985 -6.706092147993256e-05 -264.74590631178006
6.499999999999985 -6.882894757146102e-05 -271.7257935494561
6.549999999999985 -7.061831919558576e-05 -278.7899495721145
6.5999999999999845 -7.24281771687889e-05 -285.9349824591834
6.649999999999984 -7.425757285301367e-05 -293.1571471377269
6.699999999999984 -7.610547483863844e-05 -300.4523717657685
6.749999999999984 -7.797077670437612e-05 -307.81628836714646
6.799999999999984 -7.985230447979452e-05 -315.244262292363
6.849999999999984 -8.17488224073171e-05 -322.7314149660516
6.8999999999999835 -8.365903584571791e-05 -330.2726353495159
6.949999999999983 -8.558159065046249e-05 -337.86257749441296
6.999999999999983 -8.75150690087435e-05 -345.49564410013346
7.049999999999983 -8.945798236305055e-05 -353.1659585771751
7.099999999999983 -9.14087625808071e-05 -360.8673301862664
7.149999999999983 -9.336575280489154e-05 -368.59321791767144
7.199999999999982 -9.532719939591822e-05 -376.33669868059087
7.249999999999982 -9.72913632884048e-05 -384.0909069196894
7.299999999999982 -9.925653102428454e-05 -391.8490781736564
7.349999999999982 -0.00010122085776002484 -399.6039292921524
7.399999999999982 -0.00010318227745679108 -407.34730388078736
7.4499999999999815 -0.00010513845771049274 -415.06999397729055
7.499999999999981 -0.0001070868296214536 -422.76185797224184
7.549999999999981 -0.00010902467664687466 -430.41217138453527
7.599999999999981 -0.00011094923730733727 -438.0100323304014
7.649999999999981 -0.00011285777489590186 -445.54463672389795
7.699999999999981 -0.00011474758833102943 -453.00532112252716
7.7499999999999805 -0.00011661596823650797 -460.3813893377343
7.79999999999998 -0.00011846012458470226 -467.66182678190836
7.84999999999998 -0.00012027711844069691 -474.83503100505925
7.89999999999998 -0.00012206382197680373 -481.88865383841994
7.94999999999998 -0.00012381721480756241 -488.81077127813774
7.99999999999998 -0.00012553409858596001 -495.5887567563105
8.04999999999998 -0.0001272109143844473 -502.208560190137
8.09999999999998 -0.00012884372016765567 -508.65461904776794
8.14999999999998 -0.0001304283086628249 -514.9103236821031
8.199999999999982 -0.00013196036692900455 -520.9586472847478
8.249999999999982 -0.00013343561070920624 -526.7826762870512
8.299999999999983 -0.00013484985455874433 -532.3658872156971
8.349999999999984 -0.00013619900772364644 -537.6921304213217
8.399999999999984 -0.0001374790106565126 -542.7453794531709
8.449999999999985 -0.00013868574066986712 -547.509358593463
8.499999999999986 -0.0001398149168107673 -551.9671673173965
8.549999999999986 -0.00014086202685994787 -556.1009920973235
8.599999999999987 -0.0001418222883335094 -559.8919524435873
8.649999999999988 -0.00014269064485564979 -563.3200865846399
8.699999999999989 -0.00014346179177682434 -566.3644526034842
8.74999999999999 -0.0001441302209564279 -569.0033052326169
8.79999999999999 -0.0001446902734784607 -571.2143039671353
8.84999999999999 -0.00014513618967601792 -572.9747105535065
8.899999999999991 -0.00014546214750429324 -574.2615404801127
8.949999999999992 -0.00014566228281343436 -575.0516430112777
8.999999999999993 -0.00014573068844480423 -575.3216976194487
9.049999999999994 -0.00014566139313415715 -575.0481306982738
9.099999999999994 -0.00014544832534157782 -574.2069727689252
9.149999999999995 -0.00014508527031192983 -572.7736889615447
9.199999999999996 -0.00014456582944104873 -570.7230185994032
9.249999999999996 -0.00014388338826544877 -568.0288488273287
9.299999999999997 -0.0001430311068443927 -564.6641766416401
9.349999999999998 -0.00014200192841220662 -560.6011430481161
9.399999999999999 -0.0001407886065030022 -555.8111401461073
9.45 -0.00013938374442038862 -550.2649669487126
9.5 -0.0001377798360410799 -543.9329904689649
9.55 -0.00013596929725167748 -536.7852698272733
9.600000000000001 -0.0001339444815499361 -528.7916178427525
9.650000000000002 -0.00013169767965848114 -519.9215995082407
9.700000000000003 -0.00012922110722929408 -510.14448344955224
9.750000000000004 -0.0001265068850664626 -499.42916384802595
9.800000000000004 -0.0001235470166826371 -487.7440718369661
9.850000000000005 -0.00012033337198936542 -475.0571111136655
9.900000000000006 -0.0001168576877106452 -461.33565957204377
9.950000000000006 -0.00011311159335672891 -446.5466718431205
10.000000000000007 -0.00010908666118943325 -430.65687655014955
10.050000000000008 -0.00010477260211618235 -413.62565398378297
10.100000000000009 -0.00010015839641642541 -395.4095000310419
10.15000000000001 -9.52352643224524e-05 -375.9737535583138
10.20000000000001 -8.999869405716252e-05 -355.3006027835463
10.25000000000001 -8.444800034364451e-05 -333.38734234193174
10.300000000000011 -7.85834504008435e-05 -310.23502717158084
10.350000000000012 -7.240274341806467e-05 -285.8345740359498
10.400000000000013 -6.589930273501094e-05 -260.1600193208736
10.450000000000014 -5.9063101154089675e-05 -233.17177723695573
10.500000000000014 -5.188340741658867e-05 -204.82748247291028
10.550000000000015 -4.435199987937245e-05 -175.0946772826276
10.600000000000016 -3.6465397656256946e-05 -143.95961967826682
10.650000000000016 -2.822533156782996e-05 -111.42914266562437
10.700000000000017 -1.963737057313486e-05 -77.52523161377377
10.750000000000018 -1.0707919379276827e-05 -42.273171292888236
10.800000000000018 -1.4400550522979847e-06 -5.6851094727884615
10.85000000000002 8.16981415786659e-06 32.25313350742489
10.90000000000002 1.8132222759635907e-05 71.58314622001406
10.95000000000002 2.8461085031056707e-05 112.35986003291828
11.000000000000021 3.9168650720462474e-05 154.6316350141633
11.050000000000022 5.02631443608848e-05 198.43094031871132
11.100000000000023 6.174495886135606e-05 243.75932708924844
11.150000000000023 7.360757122493617e-05 290.5910435660513
11.200000000000024 8.584465648209614e-05 338.90111977028005
11.250000000000025 9.845513200433503e-05 388.68528165592744
11.300000000000026 0.00011144329119615264 439.96047890457237
11.350000000000026 0.000124816034594042 492.7539537423513
11.400000000000027 0.00013857990445299885 547.091533956744
11.450000000000028 0.0001527393906140548 602.9909447296726
11.500000000000028 0.0001672966824834304 660.4608294904455
11.55000000000003 0.00018225239749476238 719.5036257693574
11.60000000000003 0.00019760685570946695 780.1205971182338
11.65000000000003 0.0002133610740809979 842.3157583083877
11.700000000000031 0.00022951736391870774 906.0982340234023
11.750000000000032 0.00024607931886404906 971.4822113910759
11.800000000000033 0.0002630509073268191 1038.483357065329
11.850000000000033 0.0002804351986270247 1107.1137882358605
11.900000000000034 0.000298234152140344 1177.3812402077967
11.950000000000035 0.0003164489582350577 1249.290412366747
12.000000000000036 0.00033508035422945905 1322.84421552866
12.050000000000036 0.0003541292633377483 1398.046294397109
12.100000000000037 0.0003735974525293099 1474.9036246876196
12.150000000000038 0.0003934876622297221 1553.427025166731
12.200000000000038 0.00041380326225416345 1633.62979933153
12.250000000000039 0.00043454775163058847 1715.5257607906963
12.30000000000004 0.00045572434567055323 1799.1276030854638
12.35000000000004 0.00047733572798793573 1884.445920698769
12.400000000000041 0.0004993840270277203 1971.4891163946058
12.450000000000042 0.0005218709924157986 2060.2640974191345
12.500000000000043 0.0005447982015342692 2150.7770910272757
12.550000000000043 0.000568166981346002 2243.0333358584626
12.600000000000044 0.0005919782981568027 2337.036646735107
12.650000000000045 0.0006162329038025993 2432.7899917864834
12.700000000000045 0.0006409315088370182 2530.2961761658707
12.750000000000046 0.0006660746091750414 2629.5571576671446
12.800000000000047 0.0006916621139296648 2730.572577482795
12.850000000000048 0.0007176930946936133 2833.338770407811
12.900000000000048 0.0007441657889899032 2937.848778461953
12.950000000000049 0.0007710777005603655 3044.0927468129776
13.00000000000005 0.0007984256309742189 3152.058048562279
13.05000000000005 0.0008262056167759954 3261.7290366148445
13.100000000000051 0.0008544128278024905 3373.0866422506656
13.150000000000052 0.0008830414753089558 3486.1080124214836
13.200000000000053 0.000912084744809117 3600.7662446138097
13.250000000000053 0.0009415347557002693 3717.030227455188
13.300000000000054 0.0009713825504806511 3834.8645981460954
13.350000000000055 0.001001618101496009 3954.2297690943105
13.400000000000055 0.0010322303092313596 4075.081921171062
13.450000000000056 0.0010632069791338343 4197.3729122112845
13.500000000000057 0.001094534787611255 4321.050142781379
13.550000000000058 0.0011261992536402456 4446.056444092526
13.600000000000058 0.0011581847205938127 4572.330006258857
13.650000000000059 0.001190474342807478 4699.804325262658
13.70000000000006 0.0012230500717795455 4828.408148475222
13.75000000000006 0.0012558926441555661 4958.06542722141
13.800000000000061 0.001288981581274548 5088.695314988159
13.850000000000062 0.0013222952121784667 5220.2122582623915
13.900000000000063 0.0013558107504409464 5352.5262998384915
13.950000000000063 0.0013895045328537845 5485.544021114929
14.000000000000064 0.0014233521527380016 5619.169068385197
14.050000000000065 0.0014573282718396783 5753.301410232334
14.100000000000065 0.0014914063752260922 5887.8363698976655
14.150000000000066 0.00152555866862754 6022.664220002555
14.200000000000067 0.0015597561166348388 6157.670333346099
14.250000000000068 0.0015939685533865342 6292.735619880709
14.300000000000068 0.0016281648211241592 6427.737073706347
14.350000000000069 0.001662312856097811 6562.548112212149
14.40000000000007 0.0016963797032600548 6697.038634085638
14.45000000000007 0.0017303315109065947 6831.07499815493
14.500000000000071 0.0017641335431276522 6964.520072544815
14.550000000000072 0.0017977502221676502 7097.2334019060845
14.600000000000072 0.0018311451922689986 7229.071459460691
14.650000000000073 0.001864281386159525 7359.887909483606
14.700000000000074 0.0018971210789994774 7489.533820277053
14.750000000000075 0.0019296259275399668 7617.857818761836
14.800000000000075 0.0019617570042287764 7744.706225121681
14.850000000000076 0.0019934748362268385 7869.923206834116
14.900000000000077 0.002024739453898976 7993.350970104238
14.950000000000077 0.002055510459996552 8114.830032986872
15.000000000000078 0.0020857471259643945 8234.199605591066
15.050000000000079 0.002115408493778621 8351.297992119713
15.10000000000008 0.0021444534554938763 8465.962904909456
15.15000000000008 0.0021728408049343016 8578.03166849845
15.200000000000081 0.0022005292779845712 8687.341378689003
15.250000000000082 0.0022274776023362 8793.72909893813
15.300000000000082 0.0022536445670528074 8897.032134990202
15.350000000000083 0.002278989109271307 8997.088377159524
15.400000000000084 0.0023034704096712233 9093.736677228084
15.450000000000085 0.002327047988967311 9186.817229383163
15.500000000000085 0.002349681793676948 9276.171908813416
15.550000000000086 0.0023713322504331155 9361.644486127923
15.600000000000087 0.0023919602822468577 9443.08069155781
15.650000000000087 0.002411527316695416 9520.328247281714
15.700000000000088 0.002429995325194636 9593.237022467016
15.750000000000089 0.0024473269033055945 9661.659350307713
15.80000000000009 0.0024634853715190855 9725.450425905607
15.85000000000009 0.0024784348700437825 9784.468680478978
15.900000000000091 0.002492140434222742 9838.576079095006
15.950000000000092 0.002504568051040459 9887.638343750683
16.000000000000092 0.00251568778795854 9931.537305520942
16.050000000000093 0.002525469519601848 9970.154034191768
16.100000000000094 0.002533887768387833 10003.387948298818
16.150000000000095 0.0025409179883084257 10031.142144086381
16.200000000000095 0.002546533880004522 10053.312795846316
16.250000000000096 0.0025507070687064426 10069.787884477935
16.300000000000097 0.0025534083193276837 10080.451994485875
16.350000000000097 0.00255460919506294 10085.192861862613
16.400000000000098 0.0025542834574112847 10083.906901158462
16.4500000000001 0.0025524078507691505 10076.502302930494
16.5000000000001 0.0025489622170778788 10062.899486352926
16.5500000000001 0.0025439291086370094 10043.029570665261
16.6000000000001 0.0025372931694999227 10016.831933020161
16.6500000000001 0.0025290405450368383 9984.251877531602
16.700000000000102 0.002519158493088081 9945.239100169501
16.750000000000103 0.0025076260794936766 9899.710956182897
16.800000000000104 0.0024944202318144103 9847.576359232735
16.850000000000104 0.002479529661390916 9788.790743478154
16.900000000000105 0.002462955276743439 9723.35769561332
16.950000000000106 0.002444700881659527 9651.292232389558
17.000000000000107 0.00242476710912278 9572.596852725961
17.050000000000107 0.0024031511615413407 9487.260512172566
17.100000000000108 0.0023798496822103935 9395.269958989922
17.15000000000011 0.0023548614514667175 9296.620378140635
17.20000000000011 0.0023281883926193794 9191.319362544553
17.25000000000011 0.002299835173992332 9079.38534200593
17.30000000000011 0.002269808374360806 8960.844288488357
17.35000000000011 0.002238115925996175 8835.727517344012
17.400000000000112 0.002204767010555279 8704.071276301203
17.450000000000113 0.00216977222644567 8565.917406195855
17.500000000000114 0.002133143781838193 8421.31410295465
17.550000000000114 0.002094895577301914 8270.31624382464
17.600000000000115 0.0020550431701662187 8112.985246680454
17.650000000000116 0.00201360366566241 7949.388640268553
17.700000000000117 0.0019705956239155476 7779.5996970257265
17.750000000000117 0.0019260390319004496 7603.697322365824
17.800000000000118 0.0018799553111355743 7421.7660850539905
17.85000000000012 0.0018323673212440716 7233.896231265122
17.90000000000012 0.001783299340965082 7040.183609619489
17.95000000000012 0.0017327770288207626 6840.729515902375
18.00000000000012 0.0016808273752203084 6635.640503978331
18.05000000000012 0.0016274786568619577 6425.028205777509
18.100000000000122 0.0015727603981448913 6209.009178955947
18.150000000000123 0.0015167033383874343 5987.704777478217
18.200000000000124 0.001459339400925615 5761.241029623422
18.250000000000124 0.0014007016606845126 5529.748509962014
18.300000000000125 0.0013408243088949357 5293.362200062821
18.350000000000126 0.0012797426154948371 5052.221340059779
18.400000000000126 0.0012174928905776224 4806.469276455962
18.450000000000127 0.0011541124461485253 4556.253311143796
18.500000000000128 0.001089639558901102 4301.724554452552
18.55000000000013 0.0010241134341421772 4043.037782729747
18.60000000000013 0.0009575741706475661 3780.3512995970837
18.65000000000013 0.0008900627259604632 3513.8267989539913
18.70000000000013 0.0008216208805308002 3243.6292234054795
18.75000000000013 0.0007522911982503803 2969.926608461096
18.800000000000132 0.0006821169896493291 2692.889937240337
18.850000000000133 0.000611142289035798 2412.693050223814
18.900000000000134 0.0005394118394167769 2129.512585723011
18.950000000000134 0.00046697107062803814 1843.5278935407578
19.000000000000135 0.0003938660650095928 1554.9208994633696
19.050000000000136 0.00032014351546891386 1263.8759397008844
19.100000000000136 0.000245850683962913 970.5795969804778
19.150000000000137 0.00017103536561696587 675.2205588940534
19.200000000000138 9.574585944695021e-05 377.9895023134811
19.25000000000014 2.0030943763571514e-05 79.07899629076753
19.30000000000014 -5.606014702607723e-05 -221.3165895257153
19.35000000000014 -0.00013247774415283797 -523.0011706948958
19.40000000000014 -0.00020917177313131254 -825.7770610721867
19.45000000000014 -0.0002860918006365484 -1129.4451578712228
19.500000000000142 -0.00036318708413411586 -1433.8051375955522
19.550000000000143 -0.0004404066085053815 -1738.6556006294204
19.600000000000144 -0.000517699109035778 -2043.7941619918213
19.650000000000144 -0.0005950130902749672 -2349.017525793438
19.700000000000145 -0.0006722968496020469 -2654.1215782683485
19.750000000000146 -0.0007494985070798204 -2958.9015056339595
19.800000000000146 -0.0008265660371967495 -3263.151919403211
19.850000000000147 -0.0009034472974455919 -3566.6669692085193
19.900000000000148 -0.0009800900520156234 -3869.2404363349174
19.95000000000015 -0.0010564419928148292 -4170.66581671234
20.00000000000015 -0.0011324507626161882 -4470.736412293492
20.05000000000015 -0.0012080639835522103 -4769.245443545774
20.10000000000015 -0.0012832292826059188 -5065.986150085646
20.15000000000015 -0.0013578943133662378 -5360.751876565452
20.200000000000152 -0.0014320067854089662 -5653.336188664862
20.250000000000153 -0.0015055145038333222 -5943.533029174887
20.300000000000153 -0.0015783654103536135 -6231.136880221293
20.350000000000154 -0.0016505076163306253 -6515.9428936672975
20.400000000000155 -0.0017218894229609012 -6797.7469708176495
20.450000000000156 -0.0017924593273809372 -7076.345786517027
20.500000000000156 -0.0018621660362742 -7351.536842868387
20.550000000000157 -0.0019309585265192243 -7623.118708662062
20.600000000000158 -0.001998786137824037 -7890.891385081806
20.65000000000016 -0.002065598654479431 -8154.656628453778
20.70000000000016 -0.0021313463503013657 -8414.218127672038
20.75000000000016 -0.002195979998992343 -8669.381545103612
20.80000000000016 -0.0022594508717594906 -8919.95450718506
20.85000000000016 -0.002321710745553998 -9165.746636950476
20.900000000000162 -0.002382711931805124 -9406.56966746879
20.950000000000163 -0.002442407319917031 -9642.237613562396
21.000000000000163 -0.0025007504219046136 -9872.566948022337
21.050000000000164 -0.002557695405799276 -10097.376733489025
21.100000000000165 -0.0026131971139593774 -10316.488694738991
21.150000000000166 -0.002667211081722431 -10529.727292320804
21.200000000000166 -0.002719693581366104 -10736.91989610615
21.250000000000167 -0.002770601689594522 -10937.897051715081
21.300000000000168 -0.0028198933535626535 -11132.492741169837
21.35000000000017 -0.0028675274379230007 -11320.544568627734
21.40000000000017 -0.0029134637549688147 -11501.893879381814
21.45000000000017 -0.0029576630892482634 -11676.385857033682
21.50000000000017 -0.003000087202659252 -11843.869543607045
21.55000000000017 -0.003040698811445771 -12004.197748732942
21.600000000000172 -0.0030794616079419706 -12157.227135491912
21.650000000000173 -0.0031163403549740246 -12302.818593097601
21.700000000000173 -0.003151301008417751 -12440.837720734866
21.750000000000174 -0.003184310816958265 -12571.155221395094
21.800000000000175 -0.0032153383660533013 -12693.647075436449
21.850000000000176 -0.0032443535642289844 -12808.19448648173
21.900000000000176 -0.003271327607087272 -12914.683739325463
21.950000000000177 -0.0032962329566244494 -13013.00611828658
22.000000000000178 -0.00331904335133712 -13103.057947105282
22.05000000000018 -0.0033397338486337845 -13184.740756377238
22.10000000000018 -0.003358280885242242 -13257.961522032438
22.15000000000018 -0.0033746623281837597 -13322.632866573156
22.20000000000018 -0.003388857488343573 -13378.67311264814
22.25000000000018 -0.003400848801469885 -13426.012919370656
22.300000000000182 -0.00341062191926754 -13464.595641941898
22.350000000000183 -0.00341816392328389 -13494.370280355017
22.400000000000183 -0.0034234614190943205 -13515.283955541168
22.450000000000184 -0.00342650030976158 -13527.281015022774
22.500000000000185 -0.003427266521239568 -13530.3058966929
22.550000000000185 -0.0034257470252024454 -13524.307166782732
22.600000000000186 -0.0034219307715323724 -13509.2412011756
22.650000000000187 -0.003415809266794786 -13485.074469135852
22.700000000000188 -0.003407376701861818 -13451.784037145895
22.75000000000019 -0.00339662309971152 -13409.330517501836
22.80000000000019 -0.003383537578677335 -13357.670951106022
22.85000000000019 -0.0033681172409517255 -13296.793897872836
22.90000000000019 -0.0033503679643052692 -13226.72256231043
22.95000000000019 -0.0033302979796008226 -13147.489438562909
23.000000000000192 -0.003307913523685352 -13059.119148715181
23.050000000000193 -0.0032832185652388727 -12961.627360487944
23.100000000000193 -0.0032562168801435892 -12855.02898046665
23.150000000000194 -0.0032269140758974077 -12739.3461461657
23.200000000000195 -0.003195318345087092 -12614.61120062125
23.250000000000195 -0.0031614401057129126 -12480.865272449826
23.300000000000196 -0.003125291292802345 -12338.155479251309
23.350000000000197 -0.0030868849102158847 -12186.533158209208
23.400000000000198 -0.00304623500000663 -12026.05374512715
23.4500000000002 -0.003003356854249891 -11856.777610698644
23.5000000000002 -0.0029582672230495273 -11678.770881683202
23.5500000000002 -0.0029109843824189417 -11492.105708889749
23.6000000000002 -0.002861528069195095 -11296.860010227456
23.6500000000002 -0.0028099193674789606 -11093.117022390628
23.700000000000202 -0.002756180625508415 -10880.964972686028
23.750000000000203 -0.002700335432448334 -10660.496987403843
23.800000000000203 -0.0026424086378868603 -10431.811168785876
23.850000000000204 -0.0025824263774613557 -10195.010696192736
23.900000000000205 -0.0025204160768879545 -9950.203842011892
23.950000000000205 -0.0024564064280749582 -9697.503877357118
24.000000000000206 -0.00239042734787949 -9437.02890924631
24.050000000000207 -0.0023225099350004286 -9168.901710421595
24.100000000000207 -0.002252686436086882 -8893.249585550957
24.150000000000208 -0.002180990226205274 -8610.204294115378
24.20000000000021 -0.0021074558039328862 -8319.90203103893
24.25000000000021 -0.002032118783277542 -8022.483394788951
24.30000000000021 -0.0019550158672120878 -7718.093282894379
24.35000000000021 -0.0018761848201197776 -7406.88078316448
24.40000000000021 -0.0017956644490605526 -7088.999099731091
24.450000000000212 -0.0017134945876636197 -6764.605489459062
24.500000000000213 -0.001629716074330302 -6433.861175894567
24.550000000000214 -0.0015443707231056504 -6096.931234270832
24.600000000000215 -0.0014575012921940436 -5753.984467212703
24.650000000000215 -0.001369151456605028 -5405.193296746756
24.700000000000216 -0.0012793657874411463 -5050.733682532916
24.750000000000217 -0.0011881897353693874 -4690.785056612362
24.800000000000217 -0.0010956696139335456 -4325.530257527359
24.850000000000218 -0.0010018525812887148 -3955.155458211933
24.90000000000022 -0.0009067866189657594 -3579.850082157359
24.95000000000022 -0.000810520508004589 -3199.8067091901094
25.00000000000022 -0.0007131038059310888 -2815.2209845804177
25.05000000000022 -0.0006145868263252402 -2426.2915383804525
25.10000000000022 -0.000515020619627781 -2033.219909652046
25.150000000000222 -0.0004144569523556701 -1636.2104644126414
25.200000000000223 -0.0003129482825549229 -1235.470298726969
25.250000000000224 -0.00021054773112729928 -831.2091255093486
25.300000000000225 -0.00010730905031463843 -423.63915010482987
25.350000000000225 -3.2865913656823807e-06 -12.974942642928442
25.400000000000226 0.00010146472667095215 400.5666851627832
25.450000000000227 0.00020688944533835455 816.766792100144
25.500000000000227 0.00031293159037733303 1235.4044006512072
25.550000000000228 0.0004195346879487374 1656.2565610354036
25.60000000000023 0.000526641774311606 2079.098389417334
25.65000000000023 0.0006341954098952067 2503.7031234609603
25.70000000000023 0.0007421377079327799 2929.842235371093
25.75000000000023 0.0008504103752085086 3357.285592755979
25.80000000000023 0.000958954755237418 3785.8016290947153
25.850000000000232 0.0010677118665950054 4215.157495056559
25.900000000000233 0.001176622431679978 4645.119172051669
25.950000000000234 0.001285626894213773 5075.451541316438
26.000000000000234 0.0013946654256986586 5505.918409409057
26.050000000000235 0.0015036779246006765 5936.282504983899
26.100000000000236 0.0016126040495526893 6366.305609871897
26.150000000000237 0.0017213832558010751 6795.748702966327
26.200000000000237 0.0018299548233688542 7224.372071406376
26.250000000000238 0.0019382578841877364 7651.935417690172
26.30000000000024 0.002046231446381326 8078.19795554103
26.35000000000024 0.002153814410742447 8502.918474957334
26.40000000000024 0.0022609455811987405 8925.85538352905
26.45000000000024 0.0023675636621441902 9346.766695903014
26.50000000000024 0.0024736072422498682 9765.409969870323
26.550000000000242 0.0025790147793728875 10181.542246789259
26.600000000000243 0.0026837246095032332 10594.920086905971
26.650000000000244 0.0027876749814715906 11005.299706375481
26.700000000000244 0.0028908040881598213 11412.43710047571
26.750000000000245 0.002993050075525101 11816.088079233348
26.800000000000246 0.0030943510476142775 12216.008287219734
26.850000000000247 0.003194645085454977 12611.953278129971
26.900000000000247 0.003293870281003461 13003.678648803678
26.950000000000248 0.0033919648173673443 13390.9403559316
27.00000000000025 0.003488867045589944 13773.495019188053
27.05000000000025 0.00358451553797664 14151.100131754973
27.10000000000025 0.0036788491474173766 14523.514294517747
27.15000000000025 0.003771807038747634 14890.497339873385
27.20000000000025 0.003863328641129709 15251.810143739336
27.250000000000252 0.0039533535622287876 15607.214286734212
27.300000000000253 0.004041821538677736 15956.471858620616
27.350000000000254 0.004128672409320941 16299.345352676062
27.400000000000254 0.004213846133525131 16635.597737981203
27.450000000000255 0.00429728285859076 16964.992725549284
27.500000000000256 0.004378922999453789 17287.29508297621
27.550000000000257 0.004458707287088123 17602.27082552565
27.600000000000257 0.004536576796163527 17909.687325318162
27.650000000000258 0.004612472928277985 18209.313245135167
27.70000000000026 0.004686337339175518 18500.91825108643
27.75000000000026 0.00475811197009178 18784.273136357515
27.80000000000026 0.004827739241358427 19059.150585529173
27.85000000000026 0.0048951622971218295 19325.326140688117
27.90000000000026 0.004960325148414805 19582.578766251594
27.950000000000262 0.005023172699397495 19830.69095256217
28.000000000000263 0.005083650716724931 20069.448594955775
28.050000000000264 0.0051417057606253334 20298.640721669715
28.100000000000264 0.005197285106938375 20518.059186062063
28.150000000000265 0.005250336772293175 20727.498766010405
28.200000000000266 0.005300809653103242 20926.75771264188
28.250000000000266 0.005348653650755767 21115.63824456071
28.300000000000267 0.005393819708230912 21293.946692415328
28.350000000000268 0.005436259791983976 21461.493427372065
28.40000000000027 0.005475926873583954 21618.09278862707
28.45000000000027 0.005512774919686299 21763.56304382037
28.50000000000027 0.005546758905454284 21897.726442021274
28.55000000000027 0.005577834844855078 22020.409333332496
28.60000000000027 0.005605959823971845 22131.442300401057
28.650000000000272 0.005631092021402305 22230.66023894854
28.700000000000273 0.0056531906251284575 22317.902029585966
28.750000000000274 0.005672215777103115 22393.010319050158
28.800000000000274 0.0056881286363285495 22455.83176922826
28.850000000000275 0.005700891507274226 22506.217564130653
28.900000000000276 0.005710477569166947 22544.061819588864
28.950000000000276 0.005716863045133374 22569.27066826938
29.000000000000277 0.005720021167756694 22581.7384366463
29.050000000000278 0.005719919609197149 22581.337499523797
29.10000000000028 0.005716521684901331 22567.92303208997
29.15000000000028 0.005709789134435111 22541.343988205186
29.20000000000028 0.0056996658421228155 22501.378832061608
29.25000000000028 0.005686094737711811 22447.80225933261
29.30000000000028 0.005669047862125281 22380.503892007153
29.350000000000282 0.005648521952780098 22299.47084992332
29.400000000000283 0.00562451534019257 22204.69654222368
29.450000000000284 0.005597013827588716 22096.12492229103
29.500000000000284 0.005565991472031851 21973.653571516556
29.550000000000285 0.005531419102469598 21837.167327201474
29.600000000000286 0.005493271688571927 21686.567373563623
29.650000000000286 0.005451530508044159 21521.779797946212
29.700000000000287 0.005406181172583438 21342.74779760637
29.750000000000288 0.005357210619493387 21149.41980308583
29.80000000000029 0.005304605412710818 20941.742770933248
29.85000000000029 0.005248351887538961 20719.662755088066
29.90000000000029 0.00518843732530012 20483.129544223342
29.95000000000029 0.00512485105205202 20232.100999304017
30.00000000000029 0.005057584856966769 19966.54470528084
30.050000000000292 0.00498663276451618 19686.43707171411
30.100000000000293 0.0049119905795769175 19391.761536920723
30.150000000000293 0.004833655593578701 19082.507407893816
30.200000000000294 0.004751626631726216 18758.670046727384
30.250000000000295 0.0046659043610466355 18420.252086739158
30.300000000000296 0.004576491614709251 18067.264712833185
30.350000000000296 0.0044833935663059965 17699.72834953175
30.400000000000297 0.004386617750245273 17317.672741486975
30.450000000000298 0.004286174034519906 16921.136845973037
30.5000000000003 0.004182074613301398 16510.16880364942
30.5500000000003 0.004074334030899588 16084.826033149886
30.6000000000003 0.00396296925532532 15645.175521496236
30.6500000000003 0.0038479997891750863 15191.29426185334
30.7000000000003 0.0037294477859415955 14723.269712704852
30.750000000000302 0.003607338144681852 14241.200171587809
30.800000000000303 0.003481698584995219 13745.19507109416
30.850000000000303 0.003352559711539792 13235.3752335712
30.900000000000304 0.003219955072094571 12711.873100341829
30.950000000000305 0.0030839212154362672 12174.832960193049
31.000000000000306 0.0029444977729649164 11624.41127162094
31.050000000000306 0.002801727581601223 11060.777148009947
31.100000000000307 0.002655656739697927 10484.11257836211
31.150000000000308 0.00250633462025492 9894.612479468233
31.20000000000031 0.0023538138945106814 9292.484789043161
31.25000000000031 0.0021981505806477454 8677.950658007245
31.30000000000031 0.0020394040894100595 8051.244630576462
31.35000000000031 0.0018776372112687112 7412.614593594728
31.40000000000031 0.0017129160858644942 6762.321655897987
31.450000000000312 0.0015453102416563135 6100.640304839843
31.500000000000313 0.001374892722502615 5427.858906015014
31.550000000000313 0.0012017401830947375 4744.2800800151
31.600000000000314 0.0010259329664263617 4050.2210082657116
31.650000000000315 0.0008475550751087956 3346.013319783756
31.700000000000315 0.0006666942411092569 2632.00336649314
31.750000000000316 0.00048344217594337375 1908.5532109451747
31.800000000000317 0.00029789485470417396 1176.041747620076
31.850000000000318 0.0001101526103349347 434.865075101261
31.90000000000032 -7.968004964225757e-05 -314.5642274512975
31.95000000000032 -0.000271494705981742 -1071.8181380119447
32.00000000000032 -0.00046517910842310727 -1836.453510315009
32.05000000000032 -0.0006606171463710193 -2608.011958103402
32.100000000000314 -0.00085768890365295 -3386.020071303464
32.15000000000031 -0.001056270763364084 -4169.989829936071
32.20000000000031 -0.0012562354047983989 -4959.418592001019
32.250000000000306 -0.0014574517095003999 -5753.788722584141
32.3000000000003 -0.0016597846697787265 -6552.567232683506
32.3500000000003 -0.001863095409859833 -7355.205862720795
32.4000000000003 -0.002067240964935108 -8161.140210254301
32.450000000000294 -0.0022720743393616497 -8969.789959746373
32.50000000000029 -0.002477444805081491 -9780.5600606753
32.55000000000029 -0.0026831981712731622 -10592.841792077006
32.600000000000286 -0.0028891769982332164 -11406.013606915476
32.65000000000028 -0.0030952205408264957 -12219.440908833345
32.70000000000028 -0.0033011644529200093 -13032.474885303625
32.75000000000028 -0.0035068406309692224 -13844.451890133127
32.800000000000274 -0.003712077623811613 -14654.695061262566
32.85000000000027 -0.0039167009890735 -15462.51572780434
32.90000000000027 -0.004120532751464354 -16267.21127147417
32.950000000000266 -0.0043233909414995535 -17068.063305541542
33.00000000000026 -0.004525090258871559 -17864.340293714125
33.05000000000026 -0.004725443096143683 -18655.301591518804
33.10000000000026 -0.004924260103344738 -19440.199675231983
33.150000000000254 -0.005121350242151167 -20218.28035578208
33.20000000000025 -0.005316520607761982 -20988.78207553997
33.25000000000025 -0.005509576207785224 -21750.935035397702
33.300000000000246 -0.005700320039038865 -22503.961497966335
33.35000000000024 -0.0058885539210226994 -23247.07907799105
33.40000000000024 -0.006074079075464623 -23979.503030308166
33.45000000000024 -0.006256695898844391 -24700.445351804934
33.500000000000234 -0.00643620344374914 -25409.112733893195
33.55000000000023 -0.006612399212412675 -26104.705747435175
33.60000000000023 -0.006785079444281036 -26786.419978006816
33.650000000000226 -0.006954039682209488 -27453.44826115392
33.70000000000022 -0.00711907530829945 -28104.98279779153
33.75000000000022 -0.0072799817733556005 -28740.216060064293
33.80000000000022 -0.007436554514207019 -29358.340464943405
33.850000000000215 -0.0075885888296805945 -29958.54788458925
33.90000000000021 -0.007735880003084008 -30540.030129894832
33.95000000000021 -0.007878223723172309 -31101.9806123952
34.000000000000206 -0.008015416618375052 -31643.59645331167
34.0500000000002 -0.00814725669997674 -32164.080233158074
34.1000000000002 -0.008273543646525933 -32662.641114542894
34.1500000000002 -0.008394079008013701 -33138.495648233526
34.200000000000195 -0.008508666424224652 -33590.868635171544
34.25000000000019 -0.00861711185007219 -34018.99401606069
34.30000000000019 -0.008719223710229962 -34422.11548182732
34.350000000000186 -0.008814813031912923 -34799.48699781904
34.40000000000018 -0.008903693664771218 -35150.37367191097
34.45000000000018 -0.008985682621115511 -35474.05309766152
34.50000000000018 -0.009060600507008288 -35769.81705619258
34.550000000000175 -0.009128272008933399 -36036.973437483946
34.60000000000017 -0.009188526366934962 -36274.848108250764
34.65000000000017 -0.0092411976680249 -36482.78607027011
34.700000000000166 -0.009286124885803224 -36660.15161679556
34.75000000000016 -0.009323152368344346 -36806.33025865521
34.80000000000016 -0.009352130488871712 -36920.73129301208
34.85000000000016 -0.009372915991005345 -37002.78916634686
34.900000000000155 -0.009385372297914552 -37051.96469494384
34.95000000000015 -0.009389406712936922 -37067.891927048084
35.00000000000015 -0.00938494009756263 -37050.25843634564
35.050000000000146 -0.009371794309200423 -36998.36094407547
35.10000000000014 -0.009349795335574836 -36911.51247730966
35.15000000000014 -0.009318836227690112 -36789.29081833651
35.20000000000014 -0.00927885648574736 -36631.45712352346
35.250000000000135 -0.009229803768334079 -36437.80475725646
35.30000000000013 -0.009171615100929339 -36208.08510609192
35.35000000000013 -0.009104219629187229 -35942.01844828415
35.40000000000013 -0.009027549938753798 -35639.338642631374
35.450000000000124 -0.008941551146735007 -35299.82902015257
35.50000000000012 -0.008846183911724925 -34923.334267202474
35.55000000000012 -0.008741422306954695 -34509.752029000294
35.600000000000115 -0.008627250504577194 -34059.01981971018
35.65000000000011 -0.008503660922923548 -33571.10770810313
35.70000000000011 -0.008370654446422161 -33046.01918576255
35.75000000000011 -0.008228241545185373 -32483.79558703514
35.800000000000104 -0.008076443651299172 -31884.521522405
35.8500000000001 -0.007915294451722031 -31248.32998265357
35.9000000000001 -0.007744840364333008 -30575.404218222222
35.950000000000095 -0.0075651399785345045 -29865.975530800475
36.00000000000009 -0.007376263292088554 -29120.320260476423
36.05000000000009 -0.007178291356312332 -28338.758385024754
36.10000000000009 -0.006971316310303817 -27521.65365502423
36.150000000000084 -0.006755441736133574 -26669.41499609866
36.20000000000008 -0.006530782825993051 -25782.49716879192
36.25000000000008 -0.0062974666958056985 -24861.40200665503
36.300000000000075 -0.006055632709372008 -23906.679695919454
36.35000000000007 -0.005805432566412896 -22918.92912307848
36.40000000000007 -0.005547030181624108 -21898.797397413116
36.45000000000007 -0.00528060145729763 -20846.978953337424
36.500000000000064 -0.00500633413964991 -19764.21498320506
36.55000000000006 -0.004724427657412009 -18651.292800088737
36.60000000000006 -0.004435092827180555 -17509.044674552417
36.650000000000055 -0.004138551681334239 -16338.347155292864
36.70000000000005 -0.0038350374388119394 -15140.12095377631
36.75000000000005 -0.0035247946929468283 -13915.33168577777
36.80000000000005 -0.003208079279430075 -12664.989350122656
36.850000000000044 -0.0028851579710016326 -11390.147123374301
36.90000000000004 -0.0025563081119591925 -10091.89991693315
36.95000000000004 -0.0022218172487823433 -8771.382918799385
37.000000000000036 -0.001881982824578771 -7429.770387294887
37.05000000000003 -0.0015371118573816699 -6068.274381032306
37.10000000000003 -0.001187520569362903 -4688.143295107298
37.15000000000003 -0.000833534179782533 -3290.6610436960377
37.200000000000024 -0.0004754868161175129 -1877.1467092053483
37.25000000000002 -0.00011372131641942226 -448.9537620123221
37.30000000000002 0.000251410870427401 992.5303333007931
37.350000000000016 0.0006195499959832269 2445.88534682038
37.40000000000001 0.0009903289611309565 3909.6620293217356
37.45000000000001 0.001363374537897146 5382.386935825136
37.50000000000001 0.001738308167583938 6862.565576494404
37.550000000000004 0.002114746238423013 8348.683512770773
37.6 0.002492300338646532 9839.207356456924
37.65 0.002870577867350189 11332.58718130765
37.699999999999996 0.003249183046059186 12827.260516532266
37.74999999999999 0.003627717853343114 14321.656036506252
37.79999999999999 0.00400578242566395 15814.195143255727
37.84999999999999 0.0043829751797733385 17303.292449662542
37.899999999999984 0.004758893018367297 18787.356591356518
37.94999999999998 0.005133131684465193 20264.791625747555
37.99999999999998 0.005505286107531099 21733.998398458014
38.049999999999976 0.005874950885560259 23193.37644652374
38.09999999999997 0.006241720880474364 24641.326348920447
38.14999999999997 0.006605191789723155 26076.251983156373
38.19999999999997 0.006964960618737748 27496.56239044325
38.249999999999964 0.007320626054204109 28900.673249320917
38.29999999999996 0.007671788778274285 30287.00811611353
38.34999999999996 0.008018051788680081 31653.999688687727
38.399999999999956 0.008359020647769073 33000.09078960738
38.44999999999995 0.00869430386762377 34323.735886523114
38.49999999999995 0.009023513500808083 35623.403424345874
38.54999999999995 0.009346265637685825 36897.5777885817
38.599999999999945 0.009662180735144693 38144.760603081944
38.64999999999994 0.00997088392510061 39363.47194796964
38.69999999999994 0.01027200541033918 40552.251922358904
38.749999999999936 0.010565180906991586 41709.662391179765
38.79999999999993 0.010850052103381538 42834.28879663331
38.84999999999993 0.011126267166831039 43924.742158980654
38.89999999999993 0.011393481354604067 44979.66148845193
38.949999999999925 0.01165135770432645 45997.71651091469
38.99999999999992 0.011899567578486248 46977.60981747524
39.04999999999992 0.012137791003952767 47918.07820484602
39.099999999999916 0.012365716943423253 48817.89374697415
39.14999999999991 0.012583043827765832 49675.86589664717
39.19999999999991 0.01278948064229477 50490.84577393584
39.24999999999991 0.012984747383680413 51261.72797000229
39.299999999999905 0.013168574722061222 51987.4492131718
39.3499999999999 0.013340703812855046 52666.98762599349
39.3999999999999 0.013500886545028503 53299.36370536856
39.449999999999896 0.013648886023665482 53883.64222765434
39.49999999999989 0.013784478304549737 54418.939096521935
39.54999999999989 0.01390745379038243 54904.426855002115
39.59999999999989 0.014017616475624292 55339.331704241675
39.649999999999885 0.014114782884297891 55722.92931011488
39.69999999999988 0.01419878181893332 56054.54381210073
39.74999999999988 0.014269454806474867 56333.54958365201
39.799999999999876 0.01432665684790001 56559.374191572366
39.84999999999987 0.014370257153392204 56731.50129836221
39.89999999999987 0.014400139631356737 56849.47259277589
39.94999999999987 0.014416203076411888 56912.88853198108
39.999999999999865 0.014418389245320235 56921.519180892814
40.04999999999986 0.014406630674081733 56875.0982023144
40.09999999999986 0.014380835576321497 56773.26323816202
40.14999999999986 0.014340936943466425 56615.74974919247
40.199999999999854 0.014286912359304132 56402.469239746395
40.24999999999985 0.014218768632960906 56133.4485911769
40.29999999999985 0.01413652426131207 55808.76082622083
40.349999999999845 0.01404020313964292 55428.50027968335
40.39999999999984 0.013929837613815298 54992.79464790861
40.44999999999984 0.01380547402761791 54501.82688884101
40.49999999999984 0.013667176099280457 53955.848551968666
40.549999999999834 0.013515025609847343 53355.18249591388
40.59999999999983 0.013349121307221315 52700.21856177088
40.64999999999983 0.013169577235167082 51991.40697627649
40.699999999999825 0.012976521524972416 51229.25358147941
40.74999999999982 0.012770096184684013 50414.3190026767
40.79999999999982 0.012550457579784681 49547.22054605127
40.84999999999982 0.01231777696508615 48628.63429850055
40.899999999999814 0.012072240334503541 47659.29453456984
40.94999999999981 0.011814047319721138 46639.989368559065
40.99999999999981 0.01154341146261593 45571.561830007806
41.049999999999805 0.011260561240354693 44454.913910616364
41.0999999999998 0.010965740138103903 43291.006851293
41.1499999999998 0.010659205625162128 42080.85710008663
41.1999999999998 0.010341228129893234 40825.53226538533
41.249999999999794 0.01001209081591473 39526.15023234334
41.29999999999979 0.009672089113516013 38183.87731299444
41.34999999999979 0.009321530370311958 36799.926867087604
41.399999999999785 0.008960733697178124 35375.55869386357
41.44999999999978 0.008590030127013065 33912.07965882333
41.49999999999978 0.008209762926619119 32410.844924984118
41.54999999999978 0.007820287580179986 30873.257887651533
41.599999999999774 0.007421971333522158 29300.768375235733
41.64999999999977 0.007015192591335202 27694.870269572544
41.69999999999977 0.006600340476964587 26057.099768055166
41.749999999999766 0.006177814557702217 24389.03429912468
41.79999999999976 0.005748024413127402 22692.29081814851
41.84999999999976 0.005311389015845038 20968.523362672742
41.89999999999976 0.004868336126009502 19219.420662098277
41.949999999999754 0.004419301808582648 17446.704231891785
41.99999999999975 0.0039647300302087666 15652.126782111833
42.04999999999975 0.0035050722250896727 13837.47050355244
42.099999999999746 0.003040786767404203 12004.54498493872
42.14999999999974 0.0025723383901304626 10155.18491852909
42.19999999999974 0.002100197612022731 8291.247837910762
42.24999999999974 0.0016248402435004765 6414.612167327762
42.299999999999734 0.0011467469194241212 4527.175377153588
42.34999999999973 0.0006664025100835754 2630.85165856714
42.39999999999973 0.0001842955104702922 727.5695124954423
42.449999999999726 -0.0002990824421775896 -1180.7301550417967
42.49999999999972 -0.0007832369789754007 -3092.095653916619
42.54999999999972 -0.0012676712844784809 -5004.565635369365
42.59999999999972 -0.0017518864833760567 -6916.170618614914
42.649999999999714 -0.0022353823171059424 -8824.935662010454
42.69999999999971 -0.0027176578714585456 -10728.883235520958
42.74999999999971 -0.00319821209826899 -12626.03528027714
42.799999999999706 -0.0036765441596360014 -14514.41456749714
42.8499999999997 -0.004152153851592039 -16392.046371069162
42.8999999999997 -0.00462454221099591 -18256.960863467495
42.9499999999997 -0.00509321223022738 -20107.195937253717
42.999999999999694 -0.0055576695511958 -21940.799944912953
43.04999999999969 -0.006017423040400058 -23755.833969099567
43.09999999999969 -0.0064719851823597414 -25550.37337584112
43.149999999999686 -0.006920872463202453 -27322.509328880427
43.19999999999968 -0.007363605965187119 -29070.351136759455
43.24999999999968 -0.007799712100209655 -30792.02914858365
43.29999999999968 -0.008228723257896961 -32485.69731259448
43.349999999999675 -0.008650178292042475 -34149.535096540014
43.39999999999967 -0.009063622907451814 -35781.7490148803
43.44999999999967 -0.009468610031841893 -37380.57409698623
43.499999999999666 -0.009864700216802856 -38944.27547007384
43.54999999999966 -0.010251462235206597 -40471.150717678545
43.59999999999966 -0.010628473595052774 -41959.53190823795
43.64999999999966 -0.010995320898908902 -43407.78701410443
43.699999999999655 -0.011351600190174223 -44814.32127854012
43.74999999999965 -0.01169691734627929 -46177.578768006606
43.79999999999965 -0.012030888497841515 -47496.04402692478
43.849999999999646 -0.012353140428942741 -48768.24365790726
43.89999999999964 -0.012663310806462573 -49992.74722713017
43.94999999999964 -0.012961048317886945 -51168.16780837952
43.99999999999964 -0.013246013271818992 -52293.1643537731
44.049999999999635 -0.013517877953173444 -53366.44309601177
44.09999999999963 -0.013776327301468301 -54386.76022616761
44.14999999999963 -0.014021059871328102 -55352.925685598886
44.199999999999626 -0.014251788473664252 -56263.805697228505
44.24999999999962 -0.014468240134554177 -57118.32260320543
44.29999999999962 -0.014670155570399065 -57915.452792910466
44.34999999999962 -0.014857288598315262 -58654.22437527481
44.399999999999615 -0.015029406326341213 -59333.71792968699
44.44999999999961 -0.015186289749286645 -59953.06885831107
44.49999999999961 -0.015327734280691046 -60511.469486174625
44.549999999999606 -0.015453550164498921 -61008.17068639748
44.5999999999996 -0.015563562909547274 -61442.48359547954
44.6499999999996 -0.015657613986667877 -61813.78236535022
44.6999999999996 -0.01573556109457622 -62121.50521305597
44.749999999999595 -0.015797277740143556 -62365.152763740705
44.79999999999959 -0.01584265286949601 -62544.2865942835
44.84999999999959 -0.015871590960099588 -62658.52959683558
44.89999999999959 -0.015884012544670492 -62707.56804713538
44.949999999999584 -0.015879880669486146 -62691.256057733706
44.99999999999958 -0.01585913733481318 -62609.36465486108
45.04999999999958 -0.015821729179245073 -62461.68317612843
45.099999999999575 -0.015767636086164563 -62248.13220431405
45.14999999999957 -0.01569687065609422 -61968.761484287155
45.19999999999957 -0.015609466588703795 -61623.704057011295
45.24999999999957 -0.015505469952765175 -61213.14179470798
45.299999999999564 -0.0153849372382467 -60737.29771083326
45.34999999999956 -0.01524793768817242 -60196.44516588911
45.39999999999956 -0.015094556474726564 -59590.920406181256
45.449999999999555 -0.014924896692716108 -58921.13043369396
45.49999999999955 -0.014739080035486025 -58187.55567449646
45.54999999999955 -0.014537246451410371 -57390.748622624174
45.59999999999955 -0.014319553210389137 -56531.330154755946
45.649999999999544 -0.014086173964398822 -55609.98582141637
45.69999999999954 -0.013837298260592138 -54627.463924770505
45.74999999999954 -0.013573131656159898 -53584.5759720804
45.799999999999535 -0.013293895954156063 -52482.19760670507
45.84999999999953 -0.012999829220351764 -51321.26867463752
45.89999999999953 -0.012691185617920715 -50102.7925718689
45.94999999999953 -0.012368235169480898 -48827.835304966735
45.999999999999524 -0.012031263434978177 -47497.52421941043
46.04999999999952 -0.011680571232763557 -46113.046898448374
46.09999999999952 -0.011316474582143849 -44675.65093629711
46.149999999999515 -0.010939304704609102 -43186.643942987
46.19999999999951 -0.010549407912338436 -41647.39310420093
46.24999999999951 -0.010147145310173663 -40059.324004713286
46.29999999999951 -0.009732892375175337 -38423.91896854382
46.349999999999504 -0.009307038543632249 -36742.715428536445
46.3999999999995 -0.008869986856793854 -35017.30452776695
46.4499999999995 -0.00842215366196998 -33249.329939531905
46.499999999999496 -0.007963968343578915 -31440.48680556911
46.54999999999949 -0.007495872936976016 -29592.520211514035
46.59999999999949 -0.007018321904936642 -27707.22430448981
46.64999999999949 -0.006531782235122142 -25786.44267788751
46.699999999999484 -0.006036732995471362 -23832.066616122196
46.74999999999948 -0.005533664338552589 -21846.031163971944
46.79999999999948 -0.005023076537350748 -19830.311320018252
46.849999999999476 -0.00450547937069289 -17786.919610403143
46.89999999999947 -0.003981391814186164 -15717.90486870116
46.94999999999947 -0.0034513417735936264 -13625.351183329281
46.99999999999947 -0.002915865640259294 -11511.376142435345
47.049999999999464 -0.0023755076200851224 -9378.128184805371
47.09999999999946 -0.0018308189959920845 -7227.78368817659
47.14999999999946 -0.0012823574453428204 -5062.544274530082
47.199999999999456 -0.0007306862425790313 -2884.633662229381
47.24999999999945 -0.00017637357043686323 -696.2949468078036
47.29999999999945 0.0003800078949677069 1500.2110370487928
47.34999999999945 0.0009378815676640916 3702.6080191672418
47.399999999999444 0.001496667853745048 5908.6078545164355
47.44999999999944 0.002055785005521401 8115.913895275012
47.49999999999944 0.002614649764317902 10322.223528487686
47.549999999999436 0.0031726778169853657 12525.229978302936
47.59999999999943 0.0037292841430019686 14722.623676273992
47.64999999999943 0.004283883487430467 16912.094128519104
47.69999999999943 0.004835891050032462 19091.332636235606
47.749999999999424 0.005384723267569308 21258.035384100123
47.79999999999942 0.005929798513692255 23409.906203324084
47.84999999999942 0.006470537748124798 25544.65913452293
47.899999999999416 0.007006365114349757 27660.02078729012
47.94999999999941 0.007536708533563373 29753.732685033912
47.99999999999941 0.008061000277803345 31823.55352759617
48.04999999999941 0.008578677549401548 33867.261478839995
48.099999999999405 0.009089183071153608 35882.65649654581
48.1499999999994 0.009591965628331102 37867.56247218979
48.1999999999994 0.010086480613338803 39819.829381164454
48.249999999999396 0.010572190569615445 41737.3354300128
48.29999999999939 0.011048565705673773 43617.989085777124
48.34999999999939 0.01151508435221393 45459.73088061032
48.39999999999939 0.011971233307176985 47260.534773992586
48.449999999999385 0.012416508086310953 49018.409141926466
48.49999999999938 0.012850413403700614 50731.3986739925
48.54999999999938 0.013272463776411754 52397.58676038901
48.599999999999376 0.013682184070221962 54015.09764639095
48.64999999999937 0.01407910993419478 55582.09814797987
48.69999999999937 0.014462788194123881 57096.7992050993
48.74999999999937 0.0148327773231459 58557.45773955968
48.799999999999365 0.015188648036166937 59962.37900174017
48.84999999999936 0.015529983934277371 61309.91911463638
48.89999999999936 0.01585638214461117 62598.48759992364
48.949999999999356 0.016167453957847237 63826.549894711454
48.99999999999935 0.016462825354263418 64992.629428321474
49.04999999999935 0.01674213733704038 66095.30893811847
49.09999999999935 0.017005046263415053 67133.23177685174
49.149999999999345 0.017251224181332563 68105.1032417036
49.19999999999934 0.017480359001690243 69009.69125428158
49.24999999999934 0.017692154746382985 69845.82733986218
49.299999999999336 0.017886331845843116 70612.40780203117
49.34999999999933 0.018062627585567235 71308.39548550097
49.39999999999933 0.01822079676172372 71932.82236434525
49.44999999999933 0.018360611984554527 72484.79073978134
49.499999999999325 0.018481863907888113 72963.47414625082
49.54999999999932 0.01858436158250774 73368.11874646174
49.59999999999932 0.018667932936948878 73698.04522950064
49.64999999999932 0.018732425249739743 73952.6506751635
49.699999999999314 0.018777704904527875 74131.40758723421
49.74999999999931 0.01880365728758947 74233.8634888676
49.79999999999931 0.018810220335629846 74259.77336399714
49.849999999999305 0.018797301619270342 74208.77231606186
49.8999999999993 0.01876481609910395 74080.52462293951
49.9499999999993 0.018712719418416103 73874.85517133994
49.9999999999993 0.018641005775997473 73591.74105900672
50.049999999999294 0.018549693149407204 73231.25325849857
