# (1): time [s] (2): displacement/rotation [m/rad] (3): support force/ moment [N]/[N m]
0.05 0.0 0.0
0.1 1.1711419428029992e-07 4.161134762275976
0.15000000000000002 5.866838245659432e-07 20.84521412514229
0.2 1.7241974753827992e-06 61.26172916898685
0.25 3.886263863682852e-06 138.08119295807572
0.3 7.431844359237646e-06 264.0577096661148
0.35 1.2684038835000031e-05 450.6712038342167
0.39999999999999997 1.9894333522178082e-05 706.8571260740221
0.44999999999999996 2.921220414918474e-05 1037.9264350907324
0.49999999999999994 4.06762541847537e-05 1445.2507343580282
0.5499999999999999 5.4104966213712035e-05 1922.3806055891162
0.6 6.907953509298071e-05 2454.435660884001
0.65 8.504245268493514e-05 3021.60731507521
0.7000000000000001 0.00010144162305430815 3604.2792816616106
0.7500000000000001 0.00011785156354859972 4187.333916988279
0.8000000000000002 0.00013403383244808497 4762.299249448175
0.8500000000000002 0.00014992906278720757 5327.065936568976
0.9000000000000002 0.0001655966672246289 5883.744944325339
0.9500000000000003 0.00018113081481621385 6435.682153498821
1.0000000000000002 0.00019658279949755352 6984.700067158276
1.0500000000000003 0.00021191272366644854 7529.381100522769
1.1000000000000003 0.0002269806020950511 8064.751497837224
1.1500000000000004 0.00024157277215340576 8583.219702822997
1.2000000000000004 0.0002554486851014267 9076.23888022631
1.2500000000000004 0.0002683891742944913 9536.02191295794
1.3000000000000005 0.0002802329817615446 9956.839212446885
1.3500000000000005 0.000290878212767637 10335.070400084918
1.4000000000000006 0.0003002602158700233 10668.418372882163
1.4500000000000006 0.00030834206693445025 10955.571195086064
1.5000000000000007 0.00031511001109691566 11196.040148457967
1.5500000000000007 0.0003205677871832721 11389.958075633396
1.6000000000000008 0.00032473054781527146 11537.863357988741
1.6500000000000008 0.00032761918574422867 11640.498327009185
1.7000000000000008 0.00032925579088365976 11698.647850042293
1.7500000000000009 0.0003296607572447632 11713.036538049717
1.800000000000001 0.0003288517858725709 11684.293319354476
1.850000000000001 0.00032684474702530865 11612.982073370127
1.900000000000001 0.00032365610406789554 11499.687752932574
1.950000000000001 0.0003193063996806636 11345.140251303392
2.000000000000001 0.0003138241884101709 11150.354127964749
2.0500000000000007 0.00030724977949511006 10916.761593379224
2.1000000000000005 0.0002996382254861022 10646.318696372064
2.1500000000000004 0.0002910611368909728 10341.569799522782
2.2 0.00028160709325079713 10005.662184933775
2.25 0.00027138820630395326 9642.579247228477
2.3 0.0002605334794942569 9256.90455305151
2.3499999999999996 0.00024917954102465713 8853.492581130176
2.3999999999999995 0.00023746299362027812 8437.196904949984
2.4499999999999993 0.0002255154483763726 8012.6937425127135
2.499999999999999 0.00021346122978054636 7584.400414454498
2.549999999999999 0.00020141728384172772 7156.47207981521
2.5999999999999988 0.00018949446093016243 6732.847316082192
2.6499999999999986 0.00017779927586507652 6317.310656118457
2.6999999999999984 0.00016643543995937843 5913.54702259317
2.7499999999999982 0.0001555047681937976 5525.173960401187
2.799999999999998 0.000145107352274368 5155.747785495095
2.849999999999998 0.00013533847731853112 4808.654032966945
2.8999999999999977 0.000126289078439319 4487.123679747199
2.9499999999999975 0.00011804593705842784 4194.240119721277
2.9999999999999973 0.0001106911725169081 3932.9211003646233
3.049999999999997 0.00010430105164253269 3705.876425985801
3.099999999999997 9.894448286784958e-05 3515.55445287374
3.149999999999997 9.468139804836196e-05 3364.0845943658637
3.1999999999999966 9.156119097144791e-05 3253.221840170828
3.2499999999999964 8.962141007729085e-05 3184.30030799039
3.2999999999999963 8.88868420141694e-05 3158.200681711131
3.349999999999996 8.936907235152752e-05 3175.3346032868735
3.399999999999996 9.106655134064097e-05 3235.6470092530326
3.4499999999999957 9.396512935810084e-05 3338.6351553419145
3.4999999999999956 9.803897076296222e-05 3483.3810863534504
3.5499999999999954 0.00010325171245951266 3668.592800557509
3.599999999999995 0.0001095577151372883 3892.6487069721898
3.649999999999995 0.00011690326372932096 4153.640278336618
3.699999999999995 0.00012522760446636403 4449.408898244774
3.7499999999999947 0.0001344637533338553 4777.574586086924
3.7999999999999945 0.00014454534459567995 5135.7793290426025
3.8499999999999943 0.00015540119697686245 5521.494015422625
3.899999999999994 0.00016695031221481614 5931.840730314931
3.949999999999994 0.0001791012981646754 6363.572258184832
3.999999999999994 0.0001917553693067903 6813.1786926341265
4.049999999999994 0.00020480934938089685 7276.994121722211
4.099999999999993 0.0002181567432697215 7751.234712607792
4.149999999999993 0.00023169020180096306 8232.08628738264
4.199999999999993 0.0002453030838654821 8715.759826030395
4.249999999999993 0.0002588904164670637 9198.52557754748
4.299999999999993 0.00027234953063264895 9676.735654199807
4.3499999999999925 0.0002855805800744409 10146.842459886075
4.399999999999992 0.0002984870409962748 10605.416448545904
4.449999999999992 0.0003109761995545978 11049.163443929165
4.499999999999992 0.00032295799913680125 11474.883682731313
4.549999999999992 0.00033434655343282123 11879.525574898671
4.599999999999992 0.0003450633505854163 12260.299548932873
4.6499999999999915 0.00035503782221878735 12614.69826980541
4.699999999999991 0.0003642038544085642 12940.372671712104
4.749999999999991 0.00037250241358827325 13235.225258042028
4.799999999999991 0.0003798844042955929 13497.511638747575
4.849999999999991 0.0003863115778135708 13725.872814890132
4.899999999999991 0.0003917564213415496 13919.33124081927
4.94999999999999 0.0003962014326996127 14077.265054004023
4.99999999999999 0.00039963813720299 14199.373144014418
5.04999999999999 0.0004020661479259286 14285.641763155643
5.09999999999999 0.0004034924869363999 14336.320409546339
5.14999999999999 0.0004039312792778141 14351.910954112687
5.1999999999999895 0.00040340381176550663 14333.169729661442
5.249999999999989 0.000401938843213749 14281.118553424258
5.299999999999989 0.0003995729869617669 14197.058318427391
5.349999999999989 0.0003963509739703298 14082.578341465034
5.399999999999989 0.00039232564319972076 13939.55602122304
5.449999999999989 0.0003875575797572197 13770.143981450623
5.4999999999999885 0.0003821144068639277 13576.744914133935
5.549999999999988 0.0003760698111917958 13361.97694915941
5.599999999999988 0.0003695024255405424 13128.633955181269
5.649999999999988 0.00036249470121500846 12879.645474539591
5.699999999999988 0.0003551318766628954 12618.040078365248
5.749999999999988 0.0003475011000135 12346.914189875879
5.799999999999987 0.000339690708722318 12069.40648973383
5.849999999999987 0.0003317896255423806 11788.676454559933
5.899999999999987 0.0003238868063128591 11507.884736544614
5.949999999999987 0.00031607067431972023 11230.17306595629
5.999999999999987 0.00030842849473386176 10958.642024568077
6.0499999999999865 0.00030104567356903773 10696.326137229187
6.099999999999986 0.00029400499842467253 10446.166895019904
6.149999999999986 0.00028738584939621707 10210.984718442147
6.199999999999986 0.000281263406577905 9993.450799536036
6.249999999999986 0.0002757078953675179 9796.06028712362
6.299999999999986 0.00027078391354253104 9621.108377436833
6.349999999999985 0.0002665498686756944 9470.670325169127
6.399999999999985 0.0002630575336045962 9346.585649053084
6.449999999999985 0.00026035171026915564 9250.44618781296
6.499999999999985 0.000258469982340689 9183.58731093295
6.549999999999985 0.00025744253545759404 9147.081531527545
6.5999999999999845 0.00025729202746308357 9141.733895813473
6.649999999999984 0.0002580334976007105 9168.07875677443
6.699999999999984 0.00025967431249313114 9226.377854755418
6.749999999999984 0.00026221415490901404 9316.619918344555
6.799999999999984 0.00026564506605220435 9438.522166931434
6.849999999999984 0.0002699515526214294 9591.534114600116
6.8999999999999835 0.00027511076686038196 9774.84396741226
6.949999999999983 0.0002810927627937014 9987.387727619096
6.999999999999983 0.00028786082647346434 10227.860927509406
7.049999999999983 0.00029537187371108146 10494.73276105284
7.099999999999983 0.00030357690621774257 10786.262290832605
7.149999999999983 0.0003124215164369248 11100.516385035184
7.199999999999982 0.0003218464322091736 11435.389069703644
7.249999999999982 0.0003317960160915156 11788.903514450656
7.299999999999982 0.0003422083234054579 12158.858789178905
7.349999999999982 0.00035300949755674645 12542.630726564668
7.399999999999982 0.00036411712495628995 12937.291124330171
7.4499999999999815 0.0003754468107439073 13339.841384494912
7.499999999999981 0.000386917475336489 13747.400702781822
7.549999999999981 0.00039845329172371897 14157.274901849853
7.599999999999981 0.00040998259842598117 14566.917808062413
7.649999999999981 0.00042143554148766905 14973.847470151832
7.699999999999981 0.00043274227753301037 15375.582312758035
7.7499999999999805 0.00044383271343311056 15769.631886648696
7.79999999999998 0.00045463769376217876 16153.539059722736
7.84999999999998 0.0004650908690238361 16524.94639616686
7.89999999999998 0.0004751303922748042 16881.656438472197
7.94999999999998 0.0004846945720757803 17221.47725427568
7.99999999999998 0.000493727139181503 17542.409564890873
8.04999999999998 0.0005021820456086487 17842.817258953834
8.09999999999998 0.0005100243396177077 18121.458481033038
8.14999999999998 0.000517228675514683 18377.432684025607
8.199999999999982 0.0005237767109445412 18610.088153494868
8.249999999999982 0.0005296545389188648 18818.930766134097
8.299999999999983 0.0005348510062987735 19003.56424449641
8.349999999999984 0.0005393573210923254 19163.676204045292
8.399999999999984 0.0005431678782658651 19299.067494707342
8.449999999999985 0.0005462818640019421 19409.709201079917
8.499999999999986 0.000548705024163324 19495.805476975867
8.549999999999986 0.0005504510238248413 19557.841850372868
8.599999999999987 0.0005515420306182692 19596.605949992994
8.649999999999988 0.0005520084326042494 19613.17748112962
8.699999999999989 0.000551887853830578 19608.89324786652
8.74999999999999 0.0005512237869391064 19585.29856881365
8.79999999999999 0.0005500641950227984 19544.097600283272
8.84999999999999 0.0005484603602483263 19487.11242718777
8.899999999999991 0.0005464661193520308 19416.25589977089
8.949999999999992 0.000544137479793546 19333.517995324994
8.999999999999993 0.0005415324995916334 19240.961548689025
9.049999999999994 0.000538711262511749 19140.721370648505
9.099999999999994 0.0005357357891768339 19035.001089650737
9.149999999999995 0.0005326697769832754 18926.06391086912
9.199999999999996 0.0005295781324542893 18816.216000449534
9.249999999999996 0.0005265263256690702 18707.78354800631
9.299999999999997 0.0005235796306265107 18603.085776307744
9.349999999999998 0.000520802338238804 18504.406978485586
9.399999999999999 0.0005182570153530314 18413.97019064537
9.45 0.000516003855548428 18333.914125319436
9.5 0.0005141001347041234 18266.273827475212
9.55 0.0005125997585573788 18212.964598998893
9.600000000000001 0.0005115528789912524 18175.768365175187
9.650000000000002 0.0005110055565176405 18156.321682515438
9.700000000000003 0.0005109994530330455 18156.104822193123
9.750000000000004 0.0005115715465550079 18176.431634465025
9.800000000000004 0.0005127538670968123 18218.440164147432
9.850000000000005 0.0005145732574642382 18283.08415158696
9.900000000000006 0.0005170511637674465 18371.125589427233
9.950000000000006 0.0005202034582889318 18483.128429005243
10.000000000000007 0.0005240402974935925 18619.453535367375
10.050000000000008 0.0005284055822175125 18774.554615330926
10.100000000000009 0.0005329349337212003 18935.485082456486
10.15000000000001 0.0005371356675500632 19084.739574363026
10.20000000000001 0.0005405101973360221 19204.638560860614
10.25000000000001 0.0005426671986461174 19281.27805950439
10.300000000000011 0.0005433905687896912 19306.97981725387
10.350000000000012 0.0005426570564642645 19280.917701942843
10.400000000000013 0.0005406091719593074 19208.155186219876
10.450000000000014 0.0005374988543194723 19097.643809419027
10.500000000000014 0.0005336204934408588 18959.84341407135
10.550000000000015 0.0005292503145045627 18804.568439923773
10.600000000000016 0.0005246038078072958 18639.475381307242
10.650000000000016 0.000519816031601086 18469.36293568878
10.700000000000017 0.0005149434627684189 18296.237759224972
10.750000000000018 0.0005099438890189664 18118.600024932774
10.800000000000018 0.0005047323812297788 17933.432152167854
10.85000000000002 0.0004992477806841551 17738.561136507957
10.90000000000002 0.0004934903932756829 17533.997846528397
10.95000000000002 0.0004875265991479944 17322.100806957023
11.000000000000021 0.00048146929265596527 17106.881219232102
11.050000000000022 0.0004754647702831797 16893.53708165932
11.100000000000023 0.00046964138908201766 16686.628994223363
11.150000000000023 0.0004640821729499349 16489.106843809644
11.200000000000024 0.0004588304082284632 16302.508619058963
11.250000000000025 0.00045391134075078077 16127.731318961798
11.300000000000026 0.00044935245825109227 15965.75159854309
11.350000000000026 0.0004451930405905363 15817.965093888157
11.400000000000027 0.00044148279154536635 15686.13780878891
11.450000000000028 0.0004382745066764134 15572.14559992367
11.500000000000028 0.0004356162484006785 15477.696152644938
11.55000000000003 0.0004335463899139462 15404.152888695913
11.60000000000003 0.0004320924273807848 15352.492762637201
11.65000000000003 0.00043127248045336374 15323.359576144476
11.700000000000031 0.0004310974630156144 15317.141105798515
11.750000000000032 0.00043157292634586706 15334.034591715059
11.800000000000033 0.0004327000923003781 15374.0834471505
11.850000000000033 0.00043447605434813287 15437.184401384178
11.900000000000034 0.0004368932860127424 15523.070034375916
11.950000000000035 0.0004399387394684555 15631.276749363264
12.000000000000036 0.0004435928382853338 15761.108984517543
12.050000000000036 0.0004478292614444211 15911.631538878439
12.100000000000037 0.00045261563660736525 16081.69420462289
12.150000000000038 0.00045791460955646354 16269.969764885716
12.200000000000038 0.0004636848455964864 16474.989574143077
12.250000000000039 0.0004698818346750683 16695.172164603588
12.30000000000004 0.0004764582422254501 16928.835711852968
12.35000000000004 0.00048336392141268205 17174.198469968702
12.400000000000041 0.0004905459100451081 17429.3786617833
12.450000000000042 0.0004979486285856161 17692.401514338024
12.500000000000043 0.0005055143247782506 17961.215056722496
12.550000000000043 0.000513183643515581 18233.71036779042
12.600000000000044 0.0005208963086485393 18507.74580125577
12.650000000000045 0.0005285918137528348 18781.171529021223
12.700000000000045 0.0005362100263555845 19051.85100969834
12.750000000000046 0.0005436917786060673 19317.681975479554
12.800000000000047 0.0005509793519621416 19576.613653325694
12.850000000000048 0.0005580168852674135 19826.66126418278
12.900000000000048 0.0005647508038137606 20065.921267820562
12.950000000000049 0.0005711302420402099 20292.58638156703
13.00000000000005 0.0005771074170571129 20504.958851837495
13.05000000000005 0.0005826379668795697 20701.462471762883
13.100000000000051 0.0005876812849359233 20880.65446646918
13.150000000000052 0.000592200855623087 21041.23741555141
13.200000000000053 0.000596164568996073 21182.070434173856
13.250000000000053 0.0005995449925048733 21302.178828037864
13.300000000000054 0.0006023195927744915 21400.7619733541
13.350000000000055 0.0006044709072726075 21477.199416293537
13.400000000000055 0.000605986664135693 21531.05513047834
13.450000000000056 0.0006068598467362322 21562.07981109239
13.500000000000057 0.0006070887004037444 21570.211113683094
13.550000000000058 0.0006066766863763204 21555.572018032944
13.600000000000058 0.0006056323967253325 21518.4678053855
13.650000000000059 0.0006039694419305364 21459.382063923982
13.70000000000006 0.000601706312057351 21378.971756320123
13.75000000000006 0.000598866204859906 21278.061112136438
13.800000000000061 0.0005954768149325957 21157.634136259512
13.850000000000062 0.0005915700822680349 21018.82567501941
13.900000000000063 0.0005871819072106493 20862.911288326562
13.950000000000063 0.0005823518564435701 20691.296803216865
14.000000000000064 0.0005771227864950448 20505.504936817615
14.050000000000065 0.0005715403314204356 20307.15709339393
14.100000000000065 0.000565652360775303 20097.95410582026
14.150000000000066 0.0005595085223548198 19879.659988848478
14.200000000000067 0.0005531598842043325 19654.089219536974
14.250000000000068 0.0005466586116948486 19423.095263556756
14.300000000000068 0.000540057630989369 19188.55861795645
14.350000000000069 0.0005334102304665878 18952.372649516845
14.40000000000007 0.0005267696003351443 18716.427236980162
14.45000000000007 0.0005201883518618107 18482.591688950688
14.500000000000071 0.00051371804802812 18252.698067854526
14.550000000000072 0.0005074087590003995 18028.525395533878
14.600000000000072 0.000501308642516557 17811.784744147953
14.650000000000073 0.0004954635459627616 17604.10509772828
14.700000000000074 0.0004899166321043768 17407.020054183242
14.750000000000075 0.00048470803716969146 17221.95567681614
14.800000000000075 0.0004798745711695333 17050.219846508502
14.850000000000076 0.00047544946220838574 16892.993176946828
14.900000000000077 0.0004714621368380134 16751.32121046042
14.950000000000077 0.00046793802810820407 16626.107597953705
15.000000000000078 0.0004648984054810514 16518.108055662757
15.050000000000079 0.0004623602303983018 16427.92523337997
15.10000000000008 0.00046033604673769313 16356.004822304687
15.15000000000008 0.0004588339112744211 16302.633084299056
15.200000000000081 0.00045785736298095865 16267.935761092935
15.250000000000082 0.00045740542778520947 16251.878243343832
15.300000000000082 0.0004574726571392906 16254.266941007947
15.350000000000083 0.0004580492004774351 16274.7518578112
15.400000000000084 0.00045912091057976457 16312.830334884713
15.450000000000085 0.00046066947985954753 16367.85189312961
15.500000000000085 0.0004626726122985311 16439.024342178334
15.550000000000086 0.0004651042481253792 16525.42176334896
15.600000000000087 0.00046793485116240817 16625.994719240152
15.650000000000087 0.0004711317380178472 16739.581950121763
15.700000000000088 0.00047465941260868024 16864.922259724033
15.750000000000089 0.00047847988575813017 17000.66587072023
15.80000000000009 0.0004825529860433114 17145.385469322762
15.85000000000009 0.0004868366813838551 17297.587631512204
15.900000000000091 0.00049128742662146 17455.725172738898
15.950000000000092 0.000495860540181049 17618.21053091074
16.000000000000092 0.0005005111788423494 17783.45040058875
16.050000000000093 0.000505193667951579 17949.821935022566
16.100000000000094 0.0005098629852912861 18115.72546890037
16.150000000000095 0.0005144741155048962 18279.561580681246
16.200000000000095 0.0005189818694152205 18439.724672877757
16.250000000000096 0.0005233412763255253 18594.616910738856
16.300000000000097 0.0005275084350923261 18742.678461356336
16.350000000000097 0.0005314414977767437 18882.422443363932
16.400000000000098 0.000535101534705589 19012.465663055824
16.4500000000001 0.0005384531217712059 19131.549481488233
16.5000000000001 0.0005414645990386727 19238.549002942207
16.5500000000001 0.0005441080517692583 19332.472400676103
16.6000000000001 0.0005463591293815842 19412.4544845114
16.6500000000001 0.0005481968334143657 19477.749167026825
16.700000000000102 0.0005496033786376111 19527.724528759252
16.750000000000103 0.0005505616637936242 19561.77295217508
16.800000000000104 0.0005510569904416884 19579.37219321164
16.850000000000104 0.0005510817665454665 19580.252502446045
16.900000000000105 0.0005506354753062436 19564.395517722358
16.950000000000106 0.000549722026558139 19531.940157698293
17.000000000000107 0.0005483476328278894 19483.107157026247
17.050000000000107 0.0005465203628721732 19418.183203277353
17.100000000000108 0.0005442508711477753 19337.54685543648
17.15000000000011 0.0005415533250573484 19241.701489478095
17.20000000000011 0.0005384458796922999 19131.292166254396
17.25000000000011 0.0005349505749294058 19007.101975278765
17.30000000000011 0.0005310928650066618 18870.035320284864
17.35000000000011 0.0005269010587282322 18721.098029386092
17.400000000000112 0.0005224058520497887 18561.38074756355
17.450000000000113 0.000517640002527816 18392.047369662385
17.500000000000114 0.0005126381034847347 18214.327016348543
17.550000000000114 0.0005074363835126989 18029.506910363285
17.600000000000115 0.0005020724681028496 17838.92390707325
17.650000000000116 0.0004965850591213222 17643.953106068475
17.700000000000117 0.0004910135795715472 17445.995229362336
17.750000000000117 0.0004853978359059625 17246.464623132255
17.800000000000118 0.0004797776874802018 17046.77751323667
17.85000000000012 0.000474192709086532 16848.34001483372
17.90000000000012 0.0004686818501618173 16652.53602384399
17.95000000000012 0.00046328310285289573 16460.715423122187
18.00000000000012 0.00045803318859628187 16274.18294645348
18.05000000000012 0.0004529672660761772 16094.18780213347
18.100000000000122 0.00044811865870490405 15921.913990191053
18.150000000000123 0.00044351859929053967 15758.471230282434
18.200000000000124 0.0004391959918243396 15604.88649786111
18.250000000000124 0.00043517719272522995 15462.09625166871
18.300000000000125 0.0004314858148542025 15330.939470253596
18.350000000000126 0.0004281425571685531 15212.151599487855
18.400000000000126 0.0004251650618533762 15106.359476367039
18.450000000000127 0.00042256779987308486 15014.077262589764
18.500000000000128 0.0004203619853728538 14935.703403191683
18.55000000000013 0.00041855551914525454 14871.518617882484
18.60000000000013 0.0004171529613529305 14821.68493186683
18.65000000000013 0.0004161555337476103 14786.245754687181
18.70000000000013 0.0004155611515095853 14765.127011498755
18.75000000000013 0.0004153644837567565 14758.139292990816
18.800000000000132 0.0004155570373212836 14764.980832019264
18.850000000000133 0.00041612725861667 14785.241123002808
18.900000000000134 0.00041706065891093094 14818.405372950787
18.950000000000134 0.00041833997067995703 14863.86005678819
19.000000000000135 0.0004199453348059986 14920.89956862562
19.050000000000136 0.0004218545111968573 14988.73370518045
19.100000000000136 0.00042404310441491593 15066.495682506174
19.150000000000137 0.0004264847992188335 15153.25050492448
19.200000000000138 0.0004291516044694334 15248.003631141886
19.25000000000014 0.0004320141058991005 15349.709955292008
19.30000000000014 0.0004350417309665409 15457.283217377657
19.35000000000014 0.0004382030330617059 15569.606101235466
19.40000000000014 0.0004414659912550542 15685.540884799773
19.45000000000014 0.00044479830891151203 15803.940050028588
19.500000000000142 0.00044816770372536105 15923.656588010166
19.550000000000143 0.00045154218780832866 16043.553950654154
19.600000000000144 0.00045489033806558513 16162.51565730645
19.650000000000144 0.0004581815572004401 16279.45456839638
19.700000000000145 0.0004613863255988949 16393.321835039882
19.750000000000146 0.00046447644409288775 16503.1155245574
19.800000000000146 0.00046742526642033907 16607.88887991316
19.850000000000147 0.00047020791848518954 16706.758110150575
19.900000000000148 0.0004728015006944789 16798.909579545176
19.95000000000015 0.00047518527083436956 16883.606305295038
20.00000000000015 0.0004773408091647331 16960.1938234265
20.05000000000015 0.00047925216855978164 17028.105523377264
20.10000000000015 0.0004809059857798956 17086.866601548507
20.15000000000015 0.00048229153896894205 17136.096104217708
20.200000000000152 0.00048340077486939487 17175.507894507547
20.250000000000153 0.0004842283312406027 17204.91144891987
20.300000000000153 0.0004847715596653294 17224.212667665193
20.350000000000154 0.00048503053766481177 17233.414305117713
20.400000000000155 0.0004850080562244597 17232.6155265962
20.450000000000156 0.0004847095758787801 17222.01034803611
20.500000000000156 0.00048414313941171967 17201.88453418246
20.550000000000157 0.00048331923146793934 17172.610610497562
20.600000000000158 0.0004822506177411372 17134.64214942956
20.65000000000016 0.00048095219625736066 17088.508486422863
20.70000000000016 0.0004794408577471092 17034.809758858533
20.75000000000016 0.0004777353288403166 16974.21133468174
20.80000000000016 0.0004758559817241848 16907.437049434964
20.85000000000016 0.00047382461632097377 16835.261466909455
20.900000000000162 0.0004716642309521429 16758.501730710108
20.950000000000163 0.00046939879271488125 16678.009405601366
21.000000000000163 0.0004670530094922372 16594.662376895812
21.050000000000164 0.00046465209953382603 16509.356663524057
21.100000000000165 0.0004622215541555531 16422.997986619237
21.150000000000166 0.0004597868946848152 16336.493133640062
21.200000000000166 0.00045737343114597804 16250.741384326868
21.250000000000167 0.00045500602836998647 16166.62620044139
21.300000000000168 0.00045270888032657077 16085.007207660092
21.35000000000017 0.0004505052935467768 16006.712500451958
21.40000000000017 0.00044841748270226813 15932.53137889338
21.45000000000017 0.0004464663805230304 15863.207594934735
21.50000000000017 0.00044467145148130655 15799.432732483307
21.55000000000017 0.0004430504962433047 15741.83925945988
21.600000000000172 0.0004416195105309074 15690.99551307398
21.650000000000173 0.0004403925918704902 15647.402386555703
21.700000000000173 0.0004393818620076846 15611.490572507573
21.750000000000174 0.0004385973900311223 15583.617831446894
21.800000000000175 0.00043804712562047843 15564.066620070302
21.850000000000176 0.00043773684392056184 15553.042132598433
21.900000000000176 0.0004376700928105733 15550.67042722232
21.950000000000177 0.0004378481487638469 15556.99685777457
22.000000000000178 0.0004382699983182606 15571.985415362391
22.05000000000018 0.00043893234839632926 15595.519095046437
22.10000000000018 0.0004398296629082832 15627.401196369268
22.15000000000018 0.00044095422767594084 15667.357630137929
22.20000000000018 0.0004422962447767135 15715.040270520773
22.25000000000018 0.0004438437819096707 15770.025155994594
22.300000000000182 0.0004455826578050195 15831.808417877452
22.350000000000183 0.00044749702075819154 15899.826835977923
22.400000000000183 0.00044956971033029635 15973.4706900205
22.450000000000184 0.0004517824491125314 16052.09057314549
22.500000000000185 0.00045411598684166963 16135.002512415287
22.550000000000185 0.00045655022571677335 16221.492421389383
22.600000000000186 0.00045906432833973135 16310.819935313795
22.650000000000187 0.00046163680164916407 16402.221393341057
22.700000000000188 0.00046424556323711527 16494.91219480047
22.75000000000019 0.0004668681271585252 16588.093401115657
22.80000000000019 0.0004694812702150169 16680.93987867535
22.85000000000019 0.00047206149231013474 16772.616655520098
22.90000000000019 0.00047458517236343784 16862.284461059775
22.95000000000019 0.0004770290050977696 16949.11524537681
23.000000000000192 0.0004793704225445745 17032.307155552793
23.050000000000193 0.00048158799763840695 17111.0988756138
23.100000000000193 0.0004836617049991799 17184.77889227384
23.150000000000194 0.00048557299692696907 17252.688195074028
23.200000000000195 0.00048730477706167215 17314.219340495092
23.250000000000195 0.0004888413895975613 17368.816068744225
23.300000000000196 0.0004901686902260927 17415.975824393943
23.350000000000197 0.0004912741889670483 17455.254831254824
23.400000000000198 0.0004921472125322216 17486.27386125075
23.4500000000002 0.0004927790385703436 17508.723004218406
23.5000000000002 0.000493162983004141 17522.364771043296
23.5500000000002 0.000493294445640074 17527.035714199956
23.6000000000002 0.0004931709268055913 17522.647018883214
23.6500000000002 0.0004927920238957761 17509.184380308543
23.700000000000202 0.0004921594095188833 17486.707227210398
23.750000000000203 0.0004912767936160257 17455.347375932863
23.800000000000203 0.0004901498804307492 17415.307501533884
23.850000000000204 0.0004887863192435446 17366.859387354085
23.900000000000205 0.00048719563965752226 17310.34162567954
23.950000000000205 0.00048538916497597496 17246.156539996697
24.000000000000206 0.00048337990350722486 17174.766322991003
24.050000000000207 0.000481182422431759 17096.688554973578
24.100000000000207 0.0004788127104244256 17012.49132276877
24.150000000000208 0.00047628803044745446 16922.787989365363
24.20000000000021 0.0004736267338348733 16828.23058822888
24.25000000000021 0.0004708481215675866 16729.504894325197
24.30000000000021 0.0004679723372456781 16627.326621364864
24.35000000000021 0.0004650202345015907 16522.43671091702
24.40000000000021 0.0004620131979023315 16415.59496896159
24.450000000000212 0.00045897293508551025 16307.57268036307
24.500000000000213 0.00045592126720669945 16199.145163344521
24.550000000000214 0.0004528799346759904 16091.08486719558
24.600000000000215 0.00044987042236115424 15984.155161640076
24.650000000000215 0.0004469137996575288 15879.10465442705
24.700000000000216 0.00044403056826486755 15776.661782754525
24.750000000000217 0.0004412405129487469 15677.529510736364
24.800000000000217 0.00043856255468102456 15582.380111398197
24.850000000000218 0.00043601460539513667 15491.850006049492
24.90000000000022 0.0004336134327014788 15406.534957543128
24.95000000000022 0.000431374542511007 15326.985899824354
25.00000000000022 0.00042931207856131614 15253.70536803451
25.05000000000022 0.00042743873606388517 15187.144430347898
25.10000000000022 0.00042576568727103727 15127.700043323033
25.150000000000222 0.00042430251772490694 15075.712786791733
25.200000000000223 0.00042305717318649684 15031.46497821794
25.250000000000224 0.00042203591824786324 14995.17920216484
25.300000000000225 0.00042124330797742093 14967.017302836217
25.350000000000225 0.00042068217367495156 14947.079877943703
25.400000000000226 0.0004203536232598877 14935.406292502725
25.450000000000227 0.00042025705628098345 14931.97521213475
25.500000000000227 0.0004203901930348025 14936.70563766393
25.550000000000228 0.00042074911695159434 14949.4584111117
25.60000000000023 0.00042132833183823305 14970.038249571346
25.65000000000023 0.0004221208406845696 14998.196545243085
25.70000000000023 0.0004231182472974196 15033.634976548183
25.75000000000023 0.00042431087160765363 15076.009605056257
25.80000000000023 0.00042568786848073303 15124.935096892046
25.850000000000232 0.0004272373452934948 15179.988900306278
25.900000000000233 0.00042894647995373077 15240.715438979267
25.950000000000234 0.00043080164428802774 15306.630496061944
26.000000000000234 0.0004327885370563838 15377.225940261758
26.050000000000235 0.00043489232836168114 15451.974856794408
26.100000000000236 0.0004370978183249368 15530.33718520687
26.150000000000237 0.00043938959102299426 15611.76518887223
26.200000000000237 0.0004417521560559176 15695.70848496071
26.250000000000238 0.0004441700856078316 15781.618914290251
26.30000000000024 0.0004466281515105831 15868.955411277322
26.35000000000024 0.0004491114582028887 15957.188728052004
26.40000000000024 0.0004516055494577722 16045.805226545303
26.45000000000024 0.0004540965242736563 16134.310996166372
26.50000000000024 0.0004565711741627153 16222.236731736735
26.550000000000242 0.0004590171208128845 16309.142624700758
26.600000000000243 0.0004614229558014091 16394.62332722849
26.650000000000244 0.00046377837298933005 16478.312656267994
26.700000000000244 0.0004660742680173706 16559.887128691473
26.750000000000245 0.0004683028054867033 16639.068348266617
26.800000000000246 0.0004704574700704216 16715.624821676633
26.850000000000247 0.00047253310047712616 16789.373165266
26.900000000000247 0.0004745258998599414 16860.178474878838
26.950000000000248 0.00047643342471015047 16927.953931243355
27.00000000000025 0.00047825455196247356 16992.659631203453
27.05000000000025 0.00047998942826454465 17054.300785234012
27.10000000000025 0.0004816394162589242 17112.925808809876
27.15000000000025 0.00048320703475798803 17168.6241967852
27.20000000000025 0.0004846958644418671 17221.523172786947
27.250000000000252 0.000486110388624029 17271.78203152431
27.300000000000253 0.0004874557901744883 17319.584923353435
27.350000000000254 0.0004887378770931665 17365.138209856028
27.400000000000254 0.0004899631018104104 17408.671149597914
27.450000000000255 0.0004911385828323433 17450.43666720079
27.500000000000256 0.0004922720638313979 17490.709899805344
27.550000000000257 0.0004933717959039022 17529.78401361545
27.600000000000257 0.0004944463771250232 17567.964503192943
27.650000000000258 0.0004955045353539591 17605.56147440102
27.70000000000026 0.0004965549090801336 17642.881857743327
27.75000000000026 0.0004976059182214299 17680.22481775081
27.80000000000026 0.000498665745239249 17717.881081988868
27.85000000000026 0.0004997423611535169 17756.13386538554
27.90000000000026 0.0005008435329154951 17795.259132191688
27.950000000000262 0.0005019767478511271 17835.522911409626
28.000000000000263 0.0005031490575762821 17877.175751011815
28.050000000000264 0.0005043669048178868 17920.44656479596
28.100000000000264 0.0005056359662835584 17965.537049452603
28.150000000000265 0.0005069610228137917 18012.617070997538
28.200000000000266 0.0005083458510369814 18061.820815212388
28.250000000000266 0.0005097931906357961 18113.245624599982
28.300000000000267 0.0005113047999677213 18166.95397461433
28.350000000000268 0.0005128815230232355 18222.97585272314
28.40000000000027 0.0005145232982245794 18281.309071033156
28.45000000000027 0.0005162290942389465 18341.916985695887
28.50000000000027 0.0005179968158741027 18404.725153324747
28.55000000000027 0.0005198232278218394 18469.61862155605
28.60000000000027 0.0005217039181012644 18536.440630168083
28.650000000000272 0.0005236332919857425 18604.992395301815
28.700000000000273 0.0005256045741550117 18675.033185926804
28.750000000000274 0.0005276098043244063 18746.280168545
28.800000000000274 0.000529639888993756 18818.410245858915
28.850000000000275 0.0005316847455954655 18891.065178435896
28.900000000000276 0.0005337320276400859 18963.806288396183
28.950000000000276 0.0005357684861315422 19036.162831279868
29.000000000000277 0.0005377813806776408 19107.68213361584
29.050000000000278 0.0005397587424716873 19177.938936810082
29.10000000000028 0.0005416892528768581 19246.53108317848
29.15000000000028 0.0005435619162539431 19313.067891328134
29.20000000000028 0.0005453669841001213 19377.202991340197
29.25000000000028 0.0005470938971171238 19438.56120526666
29.30000000000028 0.0005487291603292896 19496.663048851293
29.350000000000282 0.0005502563166798266 19550.92379338957
29.400000000000283 0.0005516577734379147 19600.7183590248
29.450000000000284 0.0005529169236111102 19645.456689752406
29.500000000000284 0.0005540195409936152 19684.63332028833
29.550000000000285 0.0005549539658991987 19717.83397526661
29.600000000000286 0.0005557103527177349 19744.708834489953
29.650000000000286 0.0005562797265717863 19764.939015394873
29.700000000000287 0.0005566534761535586 19778.21855325667
29.750000000000288 0.0005568234073709537 19784.256307264575
29.80000000000029 0.0005567821669032719 19782.79100969977
29.85000000000029 0.0005565237535546295 19773.609434616745
29.90000000000029 0.000556043908639239 19756.560268457146
29.95000000000029 0.0005553402724700545 19731.55967018141
30.00000000000029 0.0005544123326437878 19698.589433805646
30.050000000000292 0.0005532612660922639 19657.691376395323
30.100000000000293 0.0005518898016547715 19608.962455181758
30.150000000000293 0.0005503021548455434 19552.55244981312
30.200000000000294 0.0005485041202054535 19488.667243663403
30.250000000000295 0.0005465032443194856 19417.57497124275
30.300000000000296 0.000544308912374135 19339.60909363173
30.350000000000296 0.0005419322874146554 19255.16624025638
30.400000000000297 0.0005393861609891003 19164.700902184984
30.450000000000298 0.0005366848261483307 19068.720919745192
30.5000000000003 0.000533843986465263 18967.78424992553
30.5500000000003 0.0005308806644727799 18862.49571312165
30.6000000000003 0.0005278131259600494 18753.504303340927
30.6500000000003 0.0005246608190171839 18641.501022424123
30.7000000000003 0.0005214443068138738 18527.216491631516
30.750000000000302 0.0005181851789317359 18411.417801230175
30.800000000000303 0.0005149059529687616 18294.90501444336
30.850000000000303 0.00051162997129186 18178.50749900891
30.900000000000304 0.0005083812824988393 18063.07971545519
30.950000000000305 0.0005051844996051532 17949.496178394525
31.000000000000306 0.0005020646274281143 17838.645323384902
31.050000000000306 0.0004990468602347892 17731.422317243163
31.100000000000307 0.0004961564207235269 17628.72333696599
31.150000000000308 0.0004934184317970387 17531.441013753585
31.20000000000031 0.0004908577811841245 17440.459622941653
31.25000000000031 0.000488498946171996 17356.648856639924
31.30000000000031 0.00048636578512867263 17280.856416402825
31.35000000000031 0.0004844813146171309 17213.900093966855
31.40000000000031 0.0004828675179176169 17156.5609679381
31.450000000000312 0.000481545154289525 17109.57662675694
31.500000000000313 0.00048053356124699506 17073.634143436146
31.550000000000313 0.00047985049744761796 17049.36449330614
31.600000000000314 0.00047951208152832817 17037.340380819027
31.650000000000315 0.00047953278209987826 17038.0758840465
31.700000000000315 0.0004799253848815014 17052.025286955493
31.750000000000316 0.00048070092655939586 17079.580729362046
31.800000000000317 0.00048186861615376363 17121.069413056888
31.850000000000318 0.00048343570645982667 17176.749034030734
31.90000000000032 0.00048540723860091093 17246.798706298257
31.95000000000032 0.00048778572213161234 17331.307595779363
32.00000000000032 0.0004905709004888433 17430.266586639806
32.05000000000032 0.0004937595906839658 17543.56258546038
32.100000000000314 0.0004973455024952462 17670.97209704069
32.15000000000031 0.0005013191258178361 17812.157221879148
32.20000000000031 0.0005056678127715728 17966.66857351036
32.250000000000306 0.0005103759796181191 18133.952452737412
32.3000000000003 0.000515425237089314 18313.35547827319
32.3500000000003 0.0005207943940594628 18504.124717218983
32.4000000000003 0.000526459463334073 18705.40789074159
32.450000000000294 0.0005323936845657002 18916.25418828653
32.50000000000029 0.0005385675623604883 19135.615621525354
32.55000000000029 0.0005449490268657129 19362.35273012353
32.600000000000286 0.0005515039203883203 19595.251871577366
32.65000000000028 0.0005581964457071866 19833.04115000671
32.70000000000028 0.0005649893173924211 20074.39579261696
32.75000000000028 0.0005718439257833789 20317.94397593227
32.800000000000274 0.0005787209748601255 20562.289489735987
32.85000000000027 0.000585580893013834 20806.026331979425
32.90000000000027 0.0005923837298508127 21047.73504216952
32.950000000000266 0.0005990892046347211 21285.98442254868
33.00000000000026 0.0006056573265444256 21519.35357621356
33.05000000000026 0.0006120492469592116 21746.462189299426
33.10000000000026 0.0006182278938265272 21965.993070431392
33.150000000000254 0.0006241582657040741 22176.70259820923
33.20000000000025 0.0006298074847959684 22377.42260561271
33.25000000000025 0.0006351447772828848 22567.05968112029
33.300000000000246 0.0006401413897025005 22744.592197658127
33.35000000000024 0.0006447702310843403 22909.057597445066
33.40000000000024 0.000649005865153253 23059.55211497767
33.45000000000024 0.0006528250902460174 23195.251381801143
33.500000000000234 0.0006562076851117107 23315.436925225917
33.55000000000023 0.0006591368985856645 23419.513566725273
33.60000000000023 0.0006615994923385068 23507.010940833403
33.650000000000226 0.0006635854494848641 23577.57314184483
33.70000000000022 0.0006650875782537424 23630.944641994796
33.75000000000022 0.0006661011610703507 23666.957823134395
33.80000000000022 0.0006666237700361713 23685.526420631195
33.850000000000215 0.000666655388081624 23686.649827993188
33.90000000000021 0.0006661988096434308 23670.427333166266
33.95000000000021 0.0006652600582670688 23637.07295618985
34.000000000000206 0.0006638485463015717 23586.921123245153
34.0500000000002 0.0006619769042932492 23520.42060491578
34.1000000000002 0.0006596606003531103 23438.1209920931
34.1500000000002 0.0006569175475922811 23340.65874793058
34.200000000000195 0.0006537678515940061 23228.748235378574
34.25000000000019 0.0006502335941140276 23103.17403193425
34.30000000000019 0.000646338533745415 22964.780294090608
34.350000000000186 0.0006421077920656702 22814.45960596239
34.40000000000018 0.000637567647448493 22653.145653299405
34.45000000000018 0.0006327454697116023 22481.81090148594
34.50000000000018 0.0006276697395109202 22301.467284627324
34.550000000000175 0.0006223700685751638 22113.1669244966
34.60000000000017 0.0006168771365266307 21917.999885740686
34.65000000000017 0.0006112224319493052 21717.084975881055
34.700000000000166 0.0006054380966407501 21511.564211493762
34.75000000000016 0.0005995569606855123 21302.604064387768
34.80000000000016 0.0005936126244910013 21091.39837638693
34.85000000000016 0.0005876393763577634 20879.165430554352
34.900000000000155 0.0005816718663054739 20667.13636204212
34.95000000000015 0.0005757490370902533 20456.694829400127
35.00000000000015 0.0005699115353219992 20249.28503008415
35.050000000000146 0.0005641902488425115 20046.004426899908
35.10000000000014 0.0005586121740930513 19847.812218951145
35.15000000000014 0.0005532071530754054 19655.76870974569
35.20000000000014 0.0005480083527015641 19471.052338765512
35.250000000000135 0.000543050449953521 19294.895199149378
35.30000000000013 0.0005383677466035192 19128.516052617553
35.35000000000013 0.0005339930189786796 18973.07946094669
35.40000000000013 0.0005299570146949072 18829.677904635722
35.450000000000124 0.0005262883303883733 18699.327438635017
35.50000000000012 0.0005230140867143752 18582.991675444544
35.55000000000012 0.0005201601644557268 18481.59017418098
35.600000000000115 0.0005177508915086597 18395.987319006505
35.65000000000011 0.0005158085528738919 18326.97490882931
35.70000000000011 0.0005143529193089186 18275.255410048067
35.75000000000011 0.0005134012293649815 18241.44131831511
35.800000000000104 0.0005129684293412793 18226.063684247707
35.8500000000001 0.0005130670833302098 18229.56891728371
35.9000000000001 0.0005137069176162305 18252.302597910708
35.950000000000095 0.0005148942823950519 18294.490352239023
36.00000000000009 0.0005166319395842232 18356.230312789612
36.05000000000009 0.0005189191208535165 18437.495180347032
36.10000000000009 0.0005217515750228296 18538.133908034244
36.150000000000084 0.0005251214792526911 18657.868545860092
36.20000000000008 0.0005290170726176848 18796.28122137208
36.25000000000008 0.000533422528780038 18952.80961567564
36.300000000000075 0.0005383181101598607 19126.752441191522
36.35000000000007 0.0005436803957119745 19317.277534697667
36.40000000000007 0.0005494824287641893 19523.427110108325
36.45000000000007 0.000555693718208336 19744.11780079213
36.500000000000064 0.0005622801809115734 19978.13861341267
36.55000000000006 0.00056920419699059 20224.1528918527
36.60000000000006 0.0005764248244569064 20480.70594368536
36.650000000000055 0.0005838980365480022 20746.23347268575
36.70000000000005 0.0005915769155113911 21019.068464090735
36.75000000000005 0.0005994117189731675 21297.4435427116
36.80000000000005 0.0006073501145474315 21579.499308742044
36.850000000000044 0.0006153377396618523 21863.30422868278
36.90000000000004 0.0006233188484874036 22146.877621127627
36.95000000000004 0.0006312368175063078 22428.207619883626
37.000000000000036 0.0006390345314418388 22705.264886279216
37.05000000000003 0.0006466547117875888 22976.014281998247
37.10000000000003 0.0006540402081138152 23238.425219362238
37.15000000000003 0.0006611343471795726 23490.48406548546
37.200000000000024 0.0006678813013052785 23730.207230764314
37.25000000000002 0.0006742264703055126 23955.654739169633
37.30000000000002 0.0006801168593239702 24164.943652940143
37.350000000000016 0.0006855015661956899 24356.265388843065
37.40000000000001 0.0006903325544682258 24527.913184061497
37.45000000000001 0.0006945656188319118 24678.316398487645
37.50000000000001 0.0006981610599982219 24806.064493539583
37.550000000000004 0.000701083894909913 24909.91450104869
37.6 0.0007033039143494148 24988.79307011889
37.65 0.0007047959075570926 25041.804447942897
37.699999999999996 0.0007055402331199601 25068.250763806933
37.74999999999999 0.0007055233599858394 25067.651251635332
37.79999999999999 0.0007047380082929211 25039.747253745947
37.84999999999999 0.0007031829597180555 24984.4954824157
37.899999999999984 0.0007008628032932055 24902.05898859281
37.94999999999998 0.0006977877483479879 24792.800515637526
37.99999999999998 0.0006939734613361598 24657.276701673283
38.049999999999976 0.0006894409792989688 24496.235004889655
38.09999999999997 0.0006842166427357046 24310.61131839442
38.14999999999997 0.000678331916743404 24101.52361520429
38.19999999999997 0.0006718230242909928 23870.258918263964
38.249999999999964 0.0006647304037127163 23618.254024875354
38.29999999999996 0.0006570980529741099 23347.072208089885
38.34999999999996 0.0006489728892130033 23058.380460831602
38.399999999999956 0.0006404042179013814 22753.930634912387
38.44999999999995 0.0006314433601746257 22435.546199825298
38.49999999999995 0.0006221433098985523 22105.110058138987
38.54999999999995 0.0006125584770275202 21764.55542686347
38.599999999999945 0.0006027446187034495 21415.863389358572
38.64999999999994 0.0005927587093011177 21061.058277968492
38.69999999999994 0.000582658592843189 20702.195324127617
38.749999999999936 0.0005725024302483082 20341.341018767005
38.79999999999993 0.000562348040194267 19980.549692803128
38.84999999999993 0.0005522522316693171 19621.839802301685
38.89999999999993 0.0005422704661699107 19267.181926168785
38.949999999999925 0.0005324568051512789 18918.49689903975
38.99999999999992 0.0005228637211871269 18577.649101674335
39.04999999999992 0.0005135416398324827 18246.430183079945
39.099999999999916 0.0005045384257391619 17926.540801898143
39.14999999999991 0.0004958989425704184 17619.574989918816
39.19999999999991 0.00048766442596250335 17326.99787304326
39.24999999999991 0.0004798723800527553 17050.141994867638
39.299999999999905 0.00047255712495357176 16790.22676874846
39.3499999999999 0.0004657504503138226 16548.381699215955
39.3999999999999 0.00045948198422128604 16325.659489290034
39.449999999999896 0.00045377923104640637 16123.037385090805
39.49999999999989 0.00044866707355782127 15941.399485716562
39.54999999999989 0.0004441671846172705 15781.515840425098
39.59999999999989 0.00044029779720640536 15644.034277553837
39.649999999999885 0.0004370736527639974 15529.478568911103
39.69999999999988 0.00043450611321244027 15438.252410142233
39.74999999999988 0.0004326034724459242 15370.650488083798
39.799999999999876 0.00043137109879710087 15326.86354268623
39.84999999999987 0.0004308114591529014 15306.979223862734
39.89999999999987 0.0004309241445433721 15310.983000675356
39.94999999999987 0.0004317056663420234 15338.750920216014
39.999999999999865 0.0004331471347282881 15389.967122040807
40.04999999999986 0.0004352391164790411 15464.296438300038
40.09999999999986 0.0004379724177598439 15561.412206761888
40.14999999999986 0.0004413312579131302 15680.753731575838
40.199999999999854 0.000445291589504194 15821.46659353921
40.24999999999985 0.00044982498812050136 15982.540856906648
40.29999999999985 0.0004549022975095258 16162.940583236435
40.349999999999845 0.0004604945014297548 16361.634808758809
40.39999999999984 0.00046657146530529515 16577.552834639468
40.44999999999984 0.0004731004333262883 16809.530828091905
40.49999999999984 0.0004800453116722993 17056.286354891658
40.549999999999834 0.00048736673253221586 17316.420654040194
40.59999999999983 0.0004950225977818189 17588.437954942056
40.64999999999983 0.0005029685305867624 17870.761523118807
40.699999999999825 0.0005111580328930442 18161.73925593613
40.74999999999982 0.0005195427970158058 18459.6547535333
40.79999999999982 0.0005280731828434329 18762.74427415972
40.84999999999982 0.0005366987126298412 19069.214314429704
40.899999999999814 0.000545368632060743 19377.261544330053
40.94999999999981 0.0005540327646351298 19685.103163886095
40.99999999999981 0.000562641497512148 19990.976400293053
41.049999999999805 0.0005711455658743989 20293.1308462199
41.0999999999998 0.0005794960088576971 20589.826893968322
41.1499999999998 0.0005876443973889317 20879.343830683094
41.1999999999998 0.0005955431991431262 21159.992805486603
41.249999999999794 0.0006031459990597421 21430.124664550087
41.29999999999979 0.0006104084845442904 21688.164955874214
41.34999999999979 0.0006172894436710058 21932.649396004897
41.399999999999785 0.0006237511188293993 22162.236435298983
41.44999999999978 0.0006297590581497886 22375.701978987756
41.49999999999978 0.0006352820500915529 22571.93706305998
41.54999999999978 0.0006402923836854314 22749.95710082063
41.599999999999774 0.000644766253294235 22908.916264272044
41.64999999999977 0.0006486840386681503 23048.117434640146
41.69999999999977 0.0006520303297993205 23167.01308547203
41.749999999999766 0.0006547937594103339 23265.19933085548
41.79999999999976 0.0006569668151981734 23342.40925433839
41.84999999999976 0.00065854597028864 23398.517544049522
41.89999999999976 0.0006595320294771859 23433.552794834748
41.949999999999754 0.0006599303517785688 23447.70541557436
41.99999999999975 0.0006597507893674957 23441.32545970901
42.04999999999975 0.0006590073972563594 23414.91230992251
42.099999999999746 0.0006577180451185958 23369.100886002176
42.14999999999974 0.0006559040272913915 23304.64778801047
42.19999999999974 0.0006535896822075933 23222.417774481568
42.24999999999974 0.0006508021150199833 23123.373907102163
42.299999999999734 0.0006475710125571292 23008.570975986244
42.34999999999973 0.000643928408060986 22879.14714066662
42.39999999999973 0.0006399084493878469 22736.31569414122
42.449999999999726 0.0006355472689859267 22581.36044310177
42.49999999999972 0.0006308828468048066 22415.630837027413
42.54999999999972 0.000625954800722522 22240.534521938454
42.59999999999972 0.0006208039915465163 22057.523305852817
42.649999999999714 0.0006154719604999125 21868.073172349315
42.69999999999971 0.0006100003931349778 21673.665233104377
42.74999999999971 0.0006044307110988925 21475.77122309472
42.799999999999706 0.0005988037885459131 21275.843424558214
42.8499999999997 0.0005931597842348342 21075.308701320002
42.8999999999997 0.0005875379977458006 20875.563390093062
42.9499999999997 0.0005819766565148606 20677.965733693218
42.999999999999694 0.0005765126298783141 20483.82572087019
43.04999999999969 0.0005711811199444704 20294.394102803137
43.09999999999969 0.000566015356416042 20110.851549964547
43.149999999999686 0.0005610463330374138 19934.29928793998
43.19999999999968 0.0005563026392064352 19765.753114498053
43.24999999999968 0.0005518102769951523 19606.136898231696
43.29999999999968 0.0005475925089816717 19456.277171936654
43.349999999999675 0.0005436697438926073 19316.89906942177
43.39999999999967 0.0005400594276611109 19188.62245473804
43.44999999999967 0.0005367759441113498 19071.958393440986
43.499999999999666 0.0005338305460505227 18967.30670425023
43.54999999999966 0.0005312314124935546 18874.95799227589
43.59999999999966 0.0005289837063791028 18795.095699701513
43.64999999999966 0.0005270895930196766 18727.796761327434
43.699999999999655 0.0005255482702352538 18673.03267523554
43.74999999999965 0.0005243560358156666 18630.67189976666
43.79999999999965 0.0005235063966216433 18600.483729943448
43.849999999999646 0.0005229902272537076 18582.1439350677
43.89999999999964 0.0005227960501096896 18575.244709325012
43.94999999999964 0.0005229104198546107 18579.308332221182
43.99999999999964 0.0005233180104925577 18593.79026229603
44.049999999999635 0.0005240013786615516 18618.070726853788
44.09999999999963 0.0005249410191111325 18651.45669311364
44.14999999999963 0.0005261155960058193 18693.190086554827
44.199999999999626 0.0005275021848971613 18742.456388322993
44.24999999999962 0.0005290766505891768 18798.398061006803
44.29999999999962 0.0005308140434581476 18860.12863010846
44.34999999999962 0.0005326890301981143 18926.747988679195
44.399999999999615 0.0005346763192821705 18997.357514204046
44.44999999999961 0.0005367508777592939 19071.06777151813
44.49999999999961 0.000538888024587816 19147.001828998535
44.549999999999606 0.000541063610485092 19224.301648726665
44.5999999999996 0.0005432543148733192 19302.138637144184
44.6499999999996 0.0005454377855991006 19379.71860936954
44.6999999999996 0.0005475924869100234 19456.276387718284
44.749999999999595 0.0005496976485219986 19531.07399203628
44.79999999999959 0.0005517335616476403 19603.411157758528
44.84999999999959 0.00055368205626087 19672.642293395358
44.89999999999959 0.0005555268619507201 19738.189301875875
44.949999999999584 0.000557253259204679 19799.5291904444
44.99999999999958 0.000558849235204754 19856.235136760144
45.04999999999958 0.0005603060202859161 19907.995549574665
45.099999999999575 0.0005616172609570119 19954.58468568867
45.14999999999957 0.0005627784271038024 19995.841587534607
45.19999999999957 0.0005637863620260606 20031.65409573564
45.24999999999957 0.0005646391852471157 20061.955395872796
45.299999999999564 0.0005653366757635509 20086.73763556741
45.34999999999956 0.0005658805320712783 20106.061163357313
45.39999999999956 0.0005662742190608221 20120.049088798063
45.449999999999555 0.0005665224945223882 20128.870458915422
45.49999999999955 0.0005666314416676093 20132.741413721684
45.54999999999955 0.0005666088589131325 20131.939035450978
45.59999999999955 0.0005664644784151032 20126.809113215368
45.649999999999544 0.0005662098307834065 20117.76133622389
45.69999999999954 0.0005658578089153071 20105.25379654067
45.74999999999954 0.0005654221418862771 20089.77429612302
45.799999999999535 0.0005649171703514392 20071.83236670544
45.84999999999953 0.0005643579023113808 20051.961251191064
45.89999999999953 0.0005637601009750921 20030.72102547246
45.94999999999953 0.0005631402053854751 20008.69577821026
45.999999999999524 0.0005625149908907751 19986.481547187603
46.04999999999952 0.0005619011473040536 19964.67133107329
46.09999999999952 0.0005613150471902882 19943.846856529017
46.149999999999515 0.0005607726775998488 19924.576152660473
46.19999999999951 0.0005602895826897046 19907.411512315783
46.24999999999951 0.0005598807153444712 19892.884220095864
46.29999999999951 0.0005595602058071441 19881.496331671162
46.349999999999504 0.0005593411185372004 19873.712034809992
46.3999999999995 0.0005592352351650995 19869.94993762695
46.4499999999995 0.0005592528656459378 19870.57635876354
46.499999999999496 0.0005594026776926182 19875.899267050452
46.54999999999949 0.0005596915819065746 19886.16420013606
46.59999999999949 0.0005601245987035236 19901.549536281746
46.64999999999949 0.0005607048827818296 19922.16736373702
46.699999999999484 0.000561433792889786 19948.065959611165
46.74999999999948 0.0005623109455144025 19979.231697466796
46.79999999999948 0.000563334265327496 20015.5908396985
46.849999999999476 0.0005645000614513282 20057.01224729487
46.89999999999947 0.0005658031390243646 20103.311343834157
46.94999999999947 0.0005672368477809848 20154.251841549343
46.99999999999947 0.000568793019796844 20209.543529385017
47.049999999999464 0.0005704619301897892 20268.840876678267
47.09999999999946 0.0005722323576180172 20331.74518269308
47.14999999999946 0.0005740917289945007 20397.809718407247
47.199999999999456 0.0005760264184721889 20466.55034962868
47.24999999999945 0.0005780220034690581 20537.454633712936
47.29999999999945 0.000580063363654613 20609.985336610556
47.34999999999945 0.0005821347368896928 20683.582420440627
47.399999999999444 0.0005842198910816784 20757.66914960524
47.44999999999944 0.0005863022707124123 20831.657297010872
47.49999999999944 0.0005883652739751596 20904.956990904175
47.549999999999436 0.0005903921783877662 20976.97407186467
47.59999999999943 0.0005923659211779881 21047.102289769045
47.64999999999943 0.0005942690088331105 21114.720090037
47.69999999999943 0.0005960836981584186 21179.19704674302
47.749999999999424 0.0005977923618076565 21239.906850124018
47.79999999999942 0.0005993778508562854 21296.240189016033
47.84999999999942 0.0006008237576972946 21347.614091693755
47.899999999999416 0.0006021145298838587 21393.475970765696
47.94999999999941 0.0006032355316734247 21433.305809871043
47.99999999999941 0.0006041730918688559 21466.617863503052
48.04999999999941 0.0006049145651164038 21492.96283496129
48.099999999999405 0.0006054484089090551 21511.930612324897
48.1499999999994 0.0006057642247746098 21523.1517318887
48.1999999999994 0.0006058528031417032 21526.298972278844
48.249999999999396 0.0006057061838365455 21521.089503936753
48.29999999999939 0.0006053177154854735 21507.286999726028
48.34999999999939 0.0006046820912443163 21484.702904417358
48.39999999999939 0.0006037953462792776 21453.19634518283
48.449999999999385 0.0006026548859679767 21412.675133595174
48.49999999999938 0.000601259497886409 21363.096191531327
48.54999999999938 0.0005996093629101346 21304.465945604104
48.599999999999376 0.0005977060988510578 21236.841877602066
48.64999999999937 0.0005955528466965568 21160.33558861548
48.69999999999937 0.0005931543906087749 21075.117062680227
48.74999999999937 0.0005905172770789622 20981.41890040019
48.799999999999365 0.0005876499185463802 20879.540000586567
48.84999999999936 0.0005845626865539292 20769.848870131005
48.89999999999936 0.0005812679554257193 20652.785175894813
48.949999999999356 0.0005777800959834759 20528.859521449245
48.99999999999935 0.0005741154147732099 20398.651287764093
49.04999999999935 0.0005702920454960325 20262.804775682023
49.09999999999935 0.0005663299095786981 20122.02780496725
49.149999999999345 0.0005622507739444513 19977.093766936996
49.19999999999934 0.000558078206848183 19828.840055259185
49.24999999999934 0.000553837761600862 19678.174593787247
49.299999999999336 0.0005495574228910684 19526.091694621253
49.34999999999933 0.0005452677801366492 19373.678217392033
49.39999999999933 0.0005410016243069558 19222.09924412312
49.44999999999933 0.0005367933482744516 19072.576773378074
49.499999999999325 0.0005326784419739316 18926.371782976817
49.54999999999932 0.000528693155773886 18784.77226938636
49.59999999999932 0.0005248742540701121 18649.084492759943
49.64999999999932 0.0005212587679797 18520.624190011913
49.699999999999314 0.0005178837852177698 18400.70910901722
49.74999999999931 0.0005147862550227265 18290.652077493396
49.79999999999931 0.0005119996199565826 18191.64132892644
49.849999999999305 0.0005095643078536717 18105.113287550343
49.8999999999993 0.0005075187592500723 18032.433767747727
49.9499999999993 0.0005058946129218743 17974.72691345206
49.9999999999993 0.0005047183945292019 17932.935196642196
50.049999999999294 0.000504015382677884 17907.956780739773
