# Body fitted drag for model part Drag_structure2
# Time Fx Fy Fz
0.05 -0.00000000 -0.00000000 -0.00000000
0.1 120.27645489 0.03569756 -0.00000000
0.15000000000000002 295.66835253 0.09703889 -0.00000000
0.2 525.73789052 0.17725137 -0.00000000
0.25 810.69146487 0.26861874 -0.00000000
0.3 1151.76481924 0.36199347 -0.00000000
0.35 1551.03011575 0.44769028 -0.00000000
0.39999999999999997 2011.04706732 0.51670246 -0.00000000
0.44999999999999996 2534.41672778 0.56103931 -0.00000000
0.49999999999999994 3123.28027991 0.57433667 -0.00000000
0.5499999999999999 3778.78343932 0.55552772 -0.00000000
0.6 4500.50790375 0.50887473 -0.00000000
0.65 5285.87162151 0.44902899 -0.00000000
0.7000000000000001 6129.50066717 0.41095030 -0.00000000
0.7500000000000001 7022.60078886 0.45309902 -0.00000000
0.8000000000000002 7952.37809497 0.65984324 -0.00000000
0.8500000000000002 8901.58885272 1.13844646 -0.00000000
0.9000000000000002 10749.39440477 2.93259428 -0.00000000
0.9500000000000003 12449.05410691 6.02712392 -0.00000000
1.0000000000000002 14586.81201923 12.67661371 -0.00000000
1.0500000000000003 16132.22686822 20.83559673 -0.00000000
1.1000000000000003 16943.14226207 28.44468064 -0.00000000
1.1500000000000004 16961.05569401 32.03715452 -0.00000000
1.2000000000000004 16200.52766604 27.35805569 -0.00000000
1.2500000000000004 14775.53264870 10.81852103 -0.00000000
1.3000000000000005 12871.46342255 -18.75773728 -0.00000000
1.3500000000000005 10709.32038646 -58.93172624 -0.00000000
1.4000000000000006 8506.26787552 -103.68825068 -0.00000000
1.4500000000000006 6447.11150551 -144.81539545 -0.00000000
1.5000000000000007 4671.46193287 -174.06310928 -0.00000000
1.5500000000000007 3273.43252797 -185.21382498 -0.00000000
1.6000000000000008 2307.18284634 -175.36501053 -0.00000000
1.6500000000000008 1792.92554975 -145.16337898 -0.00000000
1.7000000000000008 1721.36957657 -98.16719383 -0.00000000
1.7500000000000009 1948.71502044 -59.12514246 -0.00000000
1.800000000000001 2187.11248183 -36.98677189 -0.00000000
1.850000000000001 2559.79486464 -13.22058825 -0.00000000
1.900000000000001 3048.45561966 11.32299167 -0.00000000
1.950000000000001 3643.43080994 35.69732038 -0.00000000
2.000000000000001 4329.22560567 59.06352533 -0.00000000
2.0500000000000007 5088.89851805 80.66794100 -0.00000000
2.1000000000000005 5904.45379120 99.82620281 -0.00000000
2.1500000000000004 7572.77313656 131.41918967 -0.00000000
2.2 9948.43733169 164.65648957 -0.00000000
2.25 12026.20315969 179.86117753 -0.00000000
2.3 13690.18079985 173.43743937 -0.00000000
2.3499999999999996 14809.93218569 141.81288750 -0.00000000
2.3999999999999995 15278.24075944 83.17157150 -0.00000000
2.4499999999999993 15012.13526473 -0.72937940 -0.00000000
2.499999999999999 14342.90900677 -69.72971318 -0.00000000
2.549999999999999 13206.78929466 -147.15745585 -0.00000000
2.5999999999999988 11663.48438038 -225.06503871 -0.00000000
2.6499999999999986 9851.04714000 -294.28984527 -0.00000000
2.6999999999999984 7934.31566168 -345.92142312 -0.00000000
2.7499999999999982 6103.75819113 -373.06541157 -0.00000000
2.799999999999998 4539.87723943 -372.07300844 -0.00000000
2.849999999999998 2862.90301854 -327.76414905 -0.00000000
2.8999999999999977 2040.55732109 -248.76986033 -0.00000000
2.9499999999999975 2097.51031611 -147.90512488 -0.00000000
2.9999999999999973 2913.95652026 -38.22860292 -0.00000000
3.049999999999997 4304.80672903 68.30564888 -0.00000000
3.099999999999997 6044.05710717 160.53127586 -0.00000000
3.149999999999997 7906.14384019 228.39701994 -0.00000000
3.1999999999999966 9684.91102894 263.46905657 -0.00000000
3.2499999999999964 11205.14427499 260.02864245 -0.00000000
3.2999999999999963 11979.18308977 230.92932976 -0.00000000
3.349999999999996 12482.83459640 176.07883410 -0.00000000
3.399999999999996 12593.82062365 136.87474221 -0.00000000
3.4499999999999957 12564.70868637 86.89692933 -0.00000000
3.4999999999999956 12389.71731481 27.92920671 -0.00000000
3.5499999999999954 12079.45639459 -37.06062700 -0.00000000
3.599999999999995 11647.28894657 -104.60978550 -0.00000000
3.649999999999995 11115.09576172 -172.05456970 -0.00000000
3.699999999999995 10511.22051358 -237.52885950 -0.00000000
3.7499999999999947 9869.07307115 -297.85356603 -0.00000000
3.7999999999999945 9226.05342280 -350.13163440 -0.00000000
3.8499999999999943 8621.12686403 -391.87464502 -0.00000000
3.899999999999994 7589.10928830 -448.34622769 -0.00000000
3.949999999999994 6860.67523852 -471.52106087 -0.00000000
3.999999999999994 6497.18701490 -461.47282998 -0.00000000
4.049999999999994 6518.08745774 -420.38643691 -0.00000000
4.099999999999993 7061.55118694 -318.19942190 -0.00000000
4.149999999999993 7976.52259320 -188.89131871 -0.00000000
4.199999999999993 9076.63786607 -57.87166004 -0.00000000
4.249999999999993 10201.44992732 53.33347124 -0.00000000
4.299999999999993 11194.61561325 130.19550911 -0.00000000
4.3499999999999925 11941.15950698 162.04001487 -0.00000000
4.399999999999992 12369.86983987 145.47323607 -0.00000000
4.449999999999992 12460.99557821 85.65942326 -0.00000000
4.499999999999992 12247.73730684 -4.44871373 -0.00000000
4.549999999999992 11809.52593111 -107.17715196 -0.00000000
4.599999999999992 11255.96437469 -204.23455981 -0.00000000
4.6499999999999915 10704.78072189 -280.28520186 -0.00000000
4.699999999999991 10259.27835006 -325.45825051 -0.00000000
4.749999999999991 9991.08542514 -336.64330067 -0.00000000
4.799999999999991 9931.73598740 -317.43905252 -0.00000000
4.849999999999991 10072.74527557 -276.33411521 -0.00000000
4.899999999999991 10284.31048845 -240.14797536 -0.00000000
4.94999999999999 10581.67990085 -199.51082899 -0.00000000
4.99999999999999 10774.12824367 -179.00606238 -0.00000000
5.04999999999999 10998.53882768 -159.01302778 -0.00000000
5.09999999999999 11251.81368029 -141.71659456 -0.00000000
5.14999999999999 11518.73208344 -128.28930171 -0.00000000
5.1999999999999895 11787.29227053 -119.70068586 -0.00000000
5.249999999999989 12043.78699687 -116.31412524 -0.00000000
5.299999999999989 12275.59245352 -118.10351585 -0.00000000
5.349999999999989 12472.02110248 -124.71194278 -0.00000000
5.399999999999989 12625.38381074 -135.52641154 -0.00000000
5.449999999999989 12731.74374157 -149.73557466 -0.00000000
5.4999999999999885 12791.26733516 -166.37089162 -0.00000000
5.549999999999988 12808.09686994 -184.34898586 -0.00000000
5.599999999999988 12789.32788930 -202.84676949 -0.00000000
5.649999999999988 12743.84576026 -221.54816226 -0.00000000
5.699999999999988 12683.11169675 -239.26718502 -0.00000000
5.749999999999988 12619.01762605 -254.78267989 -0.00000000
5.799999999999987 12562.65858511 -267.10927188 -0.00000000
5.849999999999987 12523.48315996 -275.57140466 -0.00000000
5.899999999999987 12508.75735684 -279.83382036 -0.00000000
5.949999999999987 12523.28556821 -279.88005624 -0.00000000
5.999999999999987 12569.44040904 -275.99411525 -0.00000000
6.0499999999999865 12647.41645890 -268.73798822 -0.00000000
6.099999999999986 12841.32158830 -250.36744271 -0.00000000
6.149999999999986 13033.09925695 -229.91036734 -0.00000000
6.199999999999986 13216.53922589 -210.20391029 -0.00000000
6.249999999999986 13388.10273002 -194.75875190 -0.00000000
6.299999999999986 13477.22983342 -189.60429865 -0.00000000
6.349999999999985 13580.74175209 -187.89526144 -0.00000000
6.399999999999985 13699.29950943 -190.20546568 -0.00000000
6.449999999999985 13834.43108624 -196.22668116 -0.00000000
6.499999999999985 13980.98068794 -205.62691156 -0.00000000
6.549999999999985 14131.93774448 -217.71620996 -0.00000000
6.5999999999999845 14278.46953834 -231.68883116 -0.00000000
6.649999999999984 14412.07348776 -246.67938316 -0.00000000
6.699999999999984 14526.31350910 -261.82724203 -0.00000000
6.749999999999984 14618.07914389 -276.30657313 -0.00000000
6.799999999999984 14688.09737085 -289.34008042 -0.00000000
6.849999999999984 14740.64731974 -300.22265412 -0.00000000
6.8999999999999835 14782.60318686 -308.36331772 -0.00000000
6.949999999999983 14822.06088019 -313.33517949 -0.00000000
6.999999999999983 14866.86907799 -314.91974615 -0.00000000
7.049999999999983 14923.37374039 -313.13715792 -0.00000000
7.099999999999983 14995.60267219 -308.25478247 -0.00000000
7.149999999999983 15085.00514667 -300.76650875 -0.00000000
7.199999999999982 15190.73858118 -291.33598566 -0.00000000
7.249999999999982 15310.20939291 -280.73561637 -0.00000000
7.299999999999982 15439.63439155 -269.81019545 -0.00000000
7.349999999999982 15574.88569978 -259.39638598 -0.00000000
7.399999999999982 15712.26168014 -250.23461628 -0.00000000
7.4499999999999815 15953.41676045 -237.33620331 -0.00000000
7.499999999999981 16119.67104991 -230.84182648 -0.00000000
7.549999999999981 16219.70703672 -230.11596374 -0.00000000
7.599999999999981 16283.45454760 -234.40171793 -0.00000000
7.649999999999981 16355.00554737 -246.21086774 -0.00000000
7.699999999999981 16444.64894767 -260.20979262 -0.00000000
7.7499999999999805 16541.01737699 -271.66669183 -0.00000000
7.79999999999998 16650.12063615 -279.44531575 -0.00000000
7.84999999999998 16758.87779189 -282.31600184 -0.00000000
7.89999999999998 16864.61083879 -280.47054455 -0.00000000
7.94999999999998 16969.31019070 -274.77197076 -0.00000000
7.99999999999998 17078.32178802 -266.55332774 -0.00000000
8.04999999999998 17196.23154512 -257.29839183 -0.00000000
8.09999999999998 17295.91031196 -250.75918738 -0.00000000
8.14999999999998 17414.84560311 -243.69608697 -0.00000000
8.199999999999982 17563.87968332 -237.61850843 -0.00000000
8.249999999999982 17721.58988929 -231.95806745 -0.00000000
8.299999999999983 17814.82925375 -228.61994057 -0.00000000
8.349999999999984 17933.61355252 -224.43972507 -0.00000000
8.399999999999984 18079.32429051 -219.47540692 -0.00000000
8.449999999999985 18243.63218629 -213.69475704 -0.00000000
8.499999999999986 18418.00309403 -207.32910974 -0.00000000
8.549999999999986 18592.07431465 -200.49340097 -0.00000000
8.599999999999987 18757.21702741 -193.28614044 -0.00000000
8.649999999999988 18907.66726253 -185.83402223 -0.00000000
8.699999999999989 19041.61560453 -178.25825328 -0.00000000
8.74999999999999 19161.25187456 -170.65526142 -0.00000000
8.79999999999999 19271.83404304 -163.09441722 -0.00000000
8.84999999999999 19380.16409743 -155.61616233 -0.00000000
8.899999999999991 19492.91833903 -148.22565239 -0.00000000
8.949999999999992 19615.24442413 -140.88557766 -0.00000000
8.999999999999993 19749.90440079 -133.51282964 -0.00000000
9.049999999999994 19897.06704641 -125.98344725 -0.00000000
9.099999999999994 20054.68661931 -118.14739933 -0.00000000
9.149999999999995 20219.28124031 -109.85095287 -0.00000000
9.199999999999996 20386.87092803 -100.96155630 -0.00000000
9.249999999999996 20553.84840224 -91.38921975 -0.00000000
9.299999999999997 20717.61545999 -81.09952601 -0.00000000
9.349999999999998 20876.88954971 -70.11545406 -0.00000000
9.399999999999999 21031.65588449 -58.50689757 -0.00000000
9.45 21182.85913197 -46.37144988 -0.00000000
9.5 21332.02527460 -33.81751486 -0.00000000
9.55 21480.92655710 -20.95836203 -0.00000000
9.600000000000001 21631.26905681 -7.90798504 -0.00000000
9.650000000000002 21784.32262172 5.24871226 -0.00000000
9.700000000000003 21940.59482055 18.50673732 -0.00000000
9.750000000000004 22099.82683920 31.95632499 -0.00000000
9.800000000000004 22261.28629303 45.75076336 -0.00000000
9.850000000000005 22424.09835439 60.05962276 -0.00000000
9.900000000000006 22587.41258998 75.02278473 -0.00000000
9.950000000000006 22750.57745191 90.73032534 -0.00000000
10.000000000000007 22913.41095120 107.23651015 -0.00000000
10.050000000000008 22222.49669848 154.17095307 -0.00000000
10.100000000000009 20905.35548952 218.53784080 -0.00000000
10.15000000000001 19241.54097916 283.47206158 -0.00000000
10.20000000000001 17517.09105151 332.22546119 -0.00000000
10.25000000000001 15969.71697831 349.15389844 -0.00000000
10.300000000000011 14754.68780505 318.75579010 -0.00000000
10.350000000000012 13949.20344288 253.66866604 -0.00000000
10.400000000000013 13557.09185891 179.71506206 -0.00000000
10.450000000000014 13531.15023114 126.63670871 -0.00000000
10.500000000000014 13796.21722853 120.31051189 -0.00000000
10.550000000000015 14274.28566221 169.94340758 -0.00000000
10.600000000000016 14905.25606822 247.82039221 -0.00000000
10.650000000000016 15628.12019880 329.39049095 -0.00000000
10.700000000000017 16381.88418265 399.64064023 -0.00000000
10.750000000000018 17114.45721802 455.20019636 -0.00000000
10.800000000000018 17779.37843453 490.36570849 -0.00000000
10.85000000000002 18330.83311173 504.14265145 -0.00000000
10.90000000000002 18727.23434157 496.32967118 -0.00000000
10.95000000000002 18940.25449048 468.48402361 -0.00000000
11.000000000000021 18959.09275064 425.65168624 -0.00000000
11.050000000000022 18792.47054595 376.42398280 -0.00000000
11.100000000000023 18467.31041132 331.45884572 -0.00000000
11.150000000000023 18026.09793063 301.28245975 -0.00000000
11.200000000000024 17521.89734749 293.44890786 -0.00000000
11.250000000000025 17014.66684011 309.14348830 -0.00000000
11.300000000000026 16562.63947757 348.76403506 -0.00000000
11.350000000000026 16214.48637199 411.31917016 -0.00000000
11.400000000000027 16002.82007388 492.06514727 -0.00000000
11.450000000000028 15934.31175397 591.16958697 -0.00000000
11.500000000000028 16003.75553796 695.98849888 -0.00000000
11.55000000000003 16193.21859084 792.30197304 -0.00000000
11.60000000000003 16473.63300933 868.24674167 -0.00000000
11.65000000000003 16807.01621417 918.42007052 -0.00000000
11.700000000000031 17154.89733835 940.78870436 -0.00000000
11.750000000000032 17478.16329962 940.17286429 -0.00000000
11.800000000000033 17744.40721901 922.03313015 -0.00000000
11.850000000000033 17930.99368461 893.28495691 -0.00000000
11.900000000000034 18026.57409423 861.09669036 -0.00000000
11.950000000000035 18031.07615176 832.35444831 -0.00000000
12.000000000000036 17954.30911817 812.72320688 -0.00000000
12.050000000000036 17813.56795139 804.25952995 -0.00000000
12.100000000000037 17630.58323609 806.46200153 -0.00000000
12.150000000000038 17428.46631623 817.80900256 -0.00000000
12.200000000000038 17228.50841819 836.53475103 -0.00000000
12.250000000000039 17048.39884231 861.12344262 -0.00000000
12.30000000000004 16902.48654150 890.61694752 -0.00000000
12.35000000000004 16799.84124004 924.37178635 -0.00000000
12.400000000000041 16743.93340217 961.85685730 -0.00000000
12.450000000000042 16732.95722724 1002.57859115 -0.00000000
12.500000000000043 16760.71623530 1045.92946058 -0.00000000
12.550000000000043 16817.92076047 1091.03518099 -0.00000000
12.600000000000044 16893.24898817 1136.73694861 -0.00000000
12.650000000000045 16975.32749673 1181.69444628 -0.00000000
12.700000000000045 17053.70834157 1224.51140884 -0.00000000
12.750000000000046 17119.65324898 1263.91586928 -0.00000000
12.800000000000047 17166.57343215 1298.94311144 -0.00000000
12.850000000000048 17190.49455519 1329.08284314 -0.00000000
12.900000000000048 17189.21730346 1354.42153992 -0.00000000
12.950000000000049 17163.11066667 1375.63572909 -0.00000000
13.00000000000005 17114.21195479 1393.92490053 -0.00000000
13.05000000000005 17046.88192567 1410.84755084 -0.00000000
13.100000000000051 16967.51722194 1428.15624726 -0.00000000
13.150000000000052 16881.76564439 1447.85990567 -0.00000000
13.200000000000053 16794.67753258 1472.11154153 -0.00000000
13.250000000000053 16711.16551162 1501.80194595 -0.00000000
13.300000000000054 16635.88774791 1536.39847018 -0.00000000
13.350000000000055 16572.52807008 1574.72285971 -0.00000000
13.400000000000055 16523.22332105 1615.46647034 -0.00000000
13.450000000000056 16488.33602262 1657.52337313 -0.00000000
13.500000000000057 16466.56398290 1700.09296146 -0.00000000
13.550000000000058 16455.54344315 1742.65414324 -0.00000000
13.600000000000058 16451.85884654 1784.85687453 -0.00000000
13.650000000000059 16451.47743322 1826.43223990 -0.00000000
13.70000000000006 16450.31707604 1867.14678551 -0.00000000
13.75000000000006 16449.70270136 1938.46779379 -0.00000000
13.800000000000061 16452.81407791 1990.32263910 -0.00000000
13.850000000000062 16447.86374741 2021.54021053 -0.00000000
13.900000000000063 16419.14569553 2039.90039556 -0.00000000
13.950000000000063 16361.08455949 2052.13400410 -0.00000000
14.000000000000064 16278.54444866 2065.25449571 -0.00000000
14.050000000000065 16182.99802400 2083.70106393 -0.00000000
14.100000000000065 16088.20154976 2109.41592300 -0.00000000
14.150000000000066 16005.82246126 2142.32548112 -0.00000000
14.200000000000067 15942.42252300 2181.01454658 -0.00000000
14.250000000000068 15898.58644082 2223.32767021 -0.00000000
14.300000000000068 15870.00532165 2266.84221651 -0.00000000
14.350000000000069 15849.70078849 2309.24189139 -0.00000000
14.40000000000007 15830.40750856 2348.61160988 -0.00000000
14.45000000000007 15806.36150266 2383.64410286 -0.00000000
14.500000000000071 15774.18230850 2413.74747219 -0.00000000
14.550000000000072 15732.91971843 2439.04711198 -0.00000000
14.600000000000072 15683.54151254 2460.27543760 -0.00000000
14.650000000000073 15628.17230473 2478.56391474 -0.00000000
14.700000000000074 15569.35233917 2495.18455748 -0.00000000
14.750000000000075 15535.43683818 2505.00170886 -0.00000000
14.800000000000075 15490.70051620 2515.61334295 -0.00000000
14.850000000000076 15433.79481488 2530.43929780 -0.00000000
14.900000000000077 15367.07825627 2547.45596282 -0.00000000
14.950000000000077 15293.74613924 2566.78367999 -0.00000000
15.000000000000078 15218.61082436 2587.07127417 -0.00000000
15.050000000000079 15146.45808675 2607.12683930 -0.00000000
15.10000000000008 15081.07513238 2625.84897656 -0.00000000
15.15000000000008 15024.58016918 2642.39146770 -0.00000000
15.200000000000081 14977.23317042 2656.22444243 -0.00000000
15.250000000000082 14937.66874939 2667.13848072 -0.00000000
15.300000000000082 14903.42166991 2675.20435910 -0.00000000
15.350000000000083 14871.55368601 2680.66169165 -0.00000000
15.400000000000084 14839.24407281 2683.79331970 -0.00000000
15.450000000000085 14804.24546131 2684.83833908 -0.00000000
15.500000000000085 14765.13400235 2683.95043370 -0.00000000
15.550000000000086 14721.33985062 2681.19488707 -0.00000000
15.600000000000087 14673.00791418 2676.57233814 -0.00000000
15.650000000000087 14620.80323314 2670.05475291 -0.00000000
15.700000000000088 14566.07481604 2661.64035004 -0.00000000
15.750000000000089 14511.61952141 2651.44671002 -0.00000000
15.80000000000009 14458.30070788 2639.60357154 -0.00000000
15.85000000000009 14406.18620550 2626.28112162 -0.00000000
15.900000000000091 14355.09275652 2611.69250578 -0.00000000
15.950000000000092 14304.68248835 2596.06435544 -0.00000000
16.000000000000092 14254.51878775 2579.60493324 -0.00000000
16.050000000000093 14204.03969433 2562.49341072 -0.00000000
16.100000000000094 14152.49222819 2544.89192493 -0.00000000
16.150000000000095 14099.28993401 2526.90645646 -0.00000000
16.200000000000095 14044.58612451 2508.50044250 -0.00000000
16.250000000000096 13989.10661570 2489.49227273 -0.00000000
16.300000000000097 13933.71038053 2469.59922175 -0.00000000
16.350000000000097 13879.09096450 2448.48288773 -0.00000000
16.400000000000098 13825.60442672 2425.79537732 -0.00000000
16.4500000000001 13773.20504832 2401.22488682 -0.00000000
16.5000000000001 13721.50232697 2374.53490786 -0.00000000
16.5500000000001 13669.93181552 2345.58883767 -0.00000000
16.6000000000001 13617.94495194 2314.35129519 -0.00000000
16.6500000000001 13565.12288339 2280.86049449 -0.00000000
16.700000000000102 13511.20412326 2245.18721774 -0.00000000
16.750000000000103 13456.05409279 2207.45131986 -0.00000000
16.800000000000104 13399.80326274 2167.83729447 -0.00000000
16.850000000000104 13343.38683063 2126.36168154 -0.00000000
16.900000000000105 13286.57853892 2083.40295804 -0.00000000
16.950000000000106 13229.06683104 2039.32695690 -0.00000000
17.000000000000107 13170.52364950 1994.45365848 -0.00000000
17.050000000000107 13110.67343615 1949.06605796 -0.00000000
17.100000000000108 13049.36464374 1903.41472621 -0.00000000
17.15000000000011 12986.57427542 1857.65818991 -0.00000000
17.20000000000011 12922.33961111 1811.76515108 -0.00000000
17.25000000000011 12856.71367471 1765.52281729 -0.00000000
17.30000000000011 12789.79025893 1718.67747546 -0.00000000
17.35000000000011 12721.72730872 1671.06033304 -0.00000000
17.400000000000112 12652.69933878 1622.58981996 -0.00000000
17.450000000000113 12582.77681697 1573.16964345 -0.00000000
17.500000000000114 12511.93111303 1522.63933983 -0.00000000
17.550000000000114 12440.26577155 1470.87890261 -0.00000000
17.600000000000115 12368.01241759 1417.82332877 -0.00000000
17.650000000000116 12295.42055027 1363.45003633 -0.00000000
17.700000000000117 12222.68197079 1307.79908511 -0.00000000
17.750000000000117 12149.88303487 1250.99358068 -0.00000000
17.800000000000118 12076.98127376 1193.23760404 -0.00000000
17.85000000000012 12003.80295656 1134.79034568 -0.00000000
17.90000000000012 11930.06252843 1075.92342335 -0.00000000
17.95000000000012 11855.41330958 1016.86932362 -0.00000000
18.00000000000012 11779.51955514 957.78099737 -0.00000000
18.05000000000012 11702.11883025 898.72142406 -0.00000000
18.100000000000122 11623.05621870 839.66623251 -0.00000000
18.150000000000123 11542.29062373 780.49870880 -0.00000000
18.200000000000124 11459.86566438 721.01273018 -0.00000000
18.250000000000124 11317.37730657 613.31197648 -0.00000000
18.300000000000125 11225.73763261 534.13143830 -0.00000000
18.350000000000126 11176.60932813 483.75450210 -0.00000000
18.400000000000126 11147.56831263 448.23345865 -0.00000000
18.450000000000127 11113.76173302 414.37908663 -0.00000000
18.500000000000128 11038.59550198 358.61898230 -0.00000000
18.55000000000013 10937.63417581 287.71202848 -0.00000000
18.60000000000013 10821.35741297 220.70235184 -0.00000000
18.65000000000013 10702.14060679 147.32045760 -0.00000000
18.70000000000013 10590.39664078 72.97567804 -0.00000000
18.75000000000013 10490.77163877 -3.00084846 -0.00000000
18.800000000000132 10400.54415143 -80.01420686 -0.00000000
18.850000000000133 10304.70698733 -156.99704456 -0.00000000
18.900000000000134 10204.30118556 -233.31251084 -0.00000000
18.950000000000134 10102.22589217 -308.76726194 -0.00000000
19.000000000000135 10000.48482528 -383.62161104 -0.00000000
19.050000000000136 9900.27148669 -458.56517016 -0.00000000
19.100000000000136 9802.83793454 -534.69098790 -0.00000000
19.150000000000137 9706.75249456 -612.43674423 -0.00000000
19.200000000000138 9610.10715647 -691.82843388 -0.00000000
19.25000000000014 9510.13036559 -770.21051385 -0.00000000
19.30000000000014 9400.08028507 -838.75303989 -0.00000000
19.35000000000014 9284.19666306 -903.09628781 -0.00000000
19.40000000000014 9167.13405696 -968.47669283 -0.00000000
19.45000000000014 9052.17397287 -1036.97484642 -0.00000000
19.500000000000142 8941.07914932 -1108.06250215 -0.00000000
19.550000000000143 8833.83518846 -1180.13688152 -0.00000000
19.600000000000144 8729.42376897 -1252.94863485 -0.00000000
19.650000000000144 8626.24729248 -1324.88218837 -0.00000000
19.700000000000145 8523.00867400 -1394.36558279 -0.00000000
19.750000000000146 8419.01533747 -1461.66200027 -0.00000000
19.800000000000146 8314.10186659 -1528.15899847 -0.00000000
19.850000000000147 8207.01277936 -1595.78737768 -0.00000000
19.900000000000148 8094.51627333 -1663.79690214 -0.00000000
19.95000000000015 7978.79175138 -1732.30585152 -0.00000000
20.00000000000015 7863.13995932 -1801.12895326 -0.00000000
20.05000000000015 7749.47702933 -1869.05120142 -0.00000000
20.10000000000015 7638.24566694 -1934.72415831 -0.00000000
20.15000000000015 7528.96119204 -1997.20736752 -0.00000000
20.200000000000152 7420.56390271 -2056.26106615 -0.00000000
20.250000000000153 7310.19379012 -2112.73455621 -0.00000000
20.300000000000153 7195.55065644 -2167.94265522 -0.00000000
20.350000000000154 7078.79297436 -2222.43269444 -0.00000000
20.400000000000155 6962.80537409 -2276.41660390 -0.00000000
20.450000000000156 6849.39937955 -2329.90481104 -0.00000000
20.500000000000156 6738.99630587 -2382.70794174 -0.00000000
20.550000000000157 6631.00524376 -2434.46599445 -0.00000000
20.600000000000158 6524.44443488 -2484.72198191 -0.00000000
20.65000000000016 6418.45434367 -2533.02814948 -0.00000000
20.70000000000016 6312.54156083 -2579.04999669 -0.00000000
20.75000000000016 6206.58650391 -2622.62496245 -0.00000000
20.80000000000016 6100.73317875 -2663.75843909 -0.00000000
20.85000000000016 5995.27145612 -2702.56405960 -0.00000000
20.900000000000162 5890.68288422 -2739.08053940 -0.00000000
20.950000000000163 5788.60874597 -2772.53182839 -0.00000000
21.000000000000163 5691.21971957 -2802.66062171 -0.00000000
21.050000000000164 5596.55825074 -2830.36855735 -0.00000000
21.100000000000165 5501.56085510 -2856.58879615 -0.00000000
21.150000000000166 5404.67050117 -2881.89476742 -0.00000000
21.200000000000166 5306.23562613 -2906.30883522 -0.00000000
21.250000000000167 5207.80530684 -2929.36290803 -0.00000000
21.300000000000168 5111.02131172 -2950.33522964 -0.00000000
21.35000000000017 5016.83640541 -2968.46172024 -0.00000000
21.40000000000017 4927.21822863 -2985.40046728 -0.00000000
21.45000000000017 4841.68575536 -3000.25021095 -0.00000000
21.50000000000017 4759.54447927 -3012.34941732 -0.00000000
21.55000000000017 4680.86649353 -3020.90477362 -0.00000000
21.600000000000172 4605.97230814 -3026.69905375 -0.00000000
21.650000000000173 4530.02815440 -3032.74848100 -0.00000000
21.700000000000173 4450.92525436 -3039.06626243 -0.00000000
21.750000000000174 4370.36944778 -3042.75777310 -0.00000000
21.800000000000175 4291.02382421 -3039.84499633 -0.00000000
21.850000000000176 4214.29559734 -3030.48203076 -0.00000000
21.900000000000176 4140.76376863 -3017.08915472 -0.00000000
21.950000000000177 4070.35114836 -3002.24553287 -0.00000000
22.000000000000178 4002.56180749 -2987.79384051 -0.00000000
22.05000000000018 3936.91620299 -2974.44204039 -0.00000000
22.10000000000018 3873.20760779 -2961.83802416 -0.00000000
22.15000000000018 3811.33743822 -2949.06164259 -0.00000000
22.20000000000018 3751.14068403 -2935.17102544 -0.00000000
22.25000000000018 3692.48871371 -2919.50782543 -0.00000000
22.300000000000182 3635.29791928 -2901.73456769 -0.00000000
22.350000000000183 3579.30029294 -2881.57152868 -0.00000000
22.400000000000183 3524.03997994 -2858.54184095 -0.00000000
22.450000000000184 3469.03250766 -2832.70135129 -0.00000000
22.500000000000185 3413.64539159 -2805.10433774 -0.00000000
22.550000000000185 3357.19547242 -2776.80085901 -0.00000000
22.600000000000186 3299.55730015 -2747.48031668 -0.00000000
22.650000000000187 3240.95669492 -2717.25498097 -0.00000000
22.700000000000188 3181.87884490 -2687.03084775 -0.00000000
22.75000000000019 3123.04941726 -2657.18568317 -0.00000000
22.80000000000019 3065.10573167 -2627.43909731 -0.00000000
22.85000000000019 3008.46381970 -2597.35494584 -0.00000000
22.90000000000019 2967.72615337 -2580.03445498 -0.00000000
22.95000000000019 2918.54366856 -2552.69509209 -0.00000000
23.000000000000192 2862.72383277 -2528.73159457 -0.00000000
23.050000000000193 2826.94339554 -2512.81365364 -0.00000000
23.100000000000193 2779.43199467 -2493.43036066 -0.00000000
23.150000000000194 2719.69156054 -2469.72410285 -0.00000000
23.200000000000195 2649.70660303 -2437.94215346 -0.00000000
23.250000000000195 2573.06809350 -2398.16319440 -0.00000000
23.300000000000196 2494.06820343 -2350.60646435 -0.00000000
23.350000000000197 2417.49723267 -2297.08736277 -0.00000000
23.400000000000198 2346.96335130 -2240.28656666 -0.00000000
23.4500000000002 2284.42580086 -2183.35356638 -0.00000000
23.5000000000002 2230.33151932 -2129.33690352 -0.00000000
23.5500000000002 2183.15002577 -2080.43378163 -0.00000000
23.6000000000002 2140.16617575 -2037.71495055 -0.00000000
23.6500000000002 2098.25704296 -2001.06518224 -0.00000000
23.700000000000202 2054.42249787 -1969.34564304 -0.00000000
23.750000000000203 2005.87976053 -1940.76093320 -0.00000000
23.800000000000203 1950.88588605 -1913.30901437 -0.00000000
23.850000000000204 1889.98602552 -1885.17259124 -0.00000000
23.900000000000205 1825.17676277 -1855.02587861 -0.00000000
23.950000000000205 1710.73555809 -1791.39572152 -0.00000000
24.000000000000206 1633.13282349 -1732.88123885 -0.00000000
24.050000000000207 1590.19653016 -1689.11849370 -0.00000000
24.100000000000207 1563.94332009 -1649.50983483 -0.00000000
24.150000000000208 1545.51135217 -1622.94216756 -0.00000000
24.20000000000021 1517.99986957 -1617.99553162 -0.00000000
24.25000000000021 1469.00483660 -1610.80363822 -0.00000000
24.30000000000021 1403.58611387 -1596.87481509 -0.00000000
24.35000000000021 1331.14825209 -1571.82573240 -0.00000000
24.40000000000021 1260.40728246 -1537.35970481 -0.00000000
24.450000000000212 1196.08595854 -1497.32930774 -0.00000000
24.500000000000213 1138.59358893 -1455.36394900 -0.00000000
24.550000000000214 1085.55048190 -1413.63930476 -0.00000000
24.600000000000215 1034.06291001 -1372.93303597 -0.00000000
24.650000000000215 982.30852258 -1333.27747124 -0.00000000
24.700000000000216 929.56726444 -1294.47334103 -0.00000000
24.750000000000217 875.76046888 -1256.38352400 -0.00000000
24.800000000000217 821.22115722 -1219.04897977 -0.00000000
24.850000000000218 766.55133410 -1182.65422320 -0.00000000
24.90000000000022 712.42389282 -1147.45716701 -0.00000000
24.95000000000022 659.30415748 -1113.74242964 -0.00000000
25.00000000000022 607.64581348 -1082.35151779 -0.00000000
25.05000000000022 556.50864726 -1052.73213958 -0.00000000
25.10000000000022 501.14470995 -1021.09561074 -0.00000000
25.150000000000222 441.67728563 -986.46730888 -0.00000000
25.200000000000223 380.40145754 -948.01852391 -0.00000000
25.250000000000224 320.14801779 -904.93016414 -0.00000000
25.300000000000225 259.22793881 -857.47733840 -0.00000000
25.350000000000225 197.39283674 -808.45386063 -0.00000000
25.400000000000226 135.57360825 -761.09923349 -0.00000000
25.450000000000227 74.64167064 -716.96782407 -0.00000000
25.500000000000227 15.48846204 -676.31357599 -0.00000000
25.550000000000228 -41.36161331 -638.52601524 -0.00000000
25.60000000000023 -96.14145110 -602.46692846 -0.00000000
25.65000000000023 -149.97716080 -566.67415939 -0.00000000
25.70000000000023 -204.36205852 -530.17675908 -0.00000000
25.75000000000023 -260.32539784 -492.95588475 -0.00000000
25.80000000000023 -317.55241813 -455.50925254 -0.00000000
25.850000000000232 -374.81060476 -418.35620537 -0.00000000
25.900000000000233 -430.69490650 -381.92862187 -0.00000000
25.950000000000234 -484.03631419 -346.53773939 -0.00000000
26.000000000000234 -534.12443599 -312.32106424 -0.00000000
26.050000000000235 -580.79436332 -279.20577943 -0.00000000
26.100000000000236 -624.38887529 -246.88472059 -0.00000000
26.150000000000237 -665.60088661 -214.85164401 -0.00000000
26.200000000000237 -705.23201557 -182.52258833 -0.00000000
26.250000000000238 -743.97916166 -149.38545693 -0.00000000
26.30000000000024 -782.34449859 -115.14723436 -0.00000000
26.35000000000024 -820.64232120 -79.84279480 -0.00000000
26.40000000000024 -859.03385239 -43.83011907 -0.00000000
26.45000000000024 -897.56753660 -7.66505109 -0.00000000
26.50000000000024 -936.23484116 28.06604909 -0.00000000
26.550000000000242 -975.03816406 62.88340858 -0.00000000
26.600000000000243 -1014.04597084 96.50156720 -0.00000000
26.650000000000244 -1053.41557756 128.87539991 -0.00000000
26.700000000000244 -1093.39699462 160.23192421 -0.00000000
26.750000000000245 -1135.37939759 192.87427933 -0.00000000
26.800000000000246 -1179.42227666 227.88309572 -0.00000000
26.850000000000247 -1224.07775236 264.35929459 -0.00000000
26.900000000000247 -1268.00837918 301.09311064 -0.00000000
26.950000000000248 -1310.44070099 337.07549499 -0.00000000
27.00000000000025 -1351.24615023 371.82259356 -0.00000000
27.05000000000025 -1390.69910810 405.43701277 -0.00000000
27.10000000000025 -1429.14726022 438.43484970 -0.00000000
27.15000000000025 -1466.79355544 471.48332693 -0.00000000
27.20000000000025 -1503.67769334 505.21232127 -0.00000000
27.250000000000252 -1539.81286851 540.11471329 -0.00000000
27.300000000000253 -1575.25105350 576.25817547 -0.00000000
27.350000000000254 -1609.97321663 612.71446911 -0.00000000
27.400000000000254 -1644.66815707 648.61967957 -0.00000000
27.450000000000255 -1680.72373733 684.19271314 -0.00000000
27.500000000000256 -1718.78620544 720.20115781 -0.00000000
27.550000000000257 -1757.15295040 758.66943248 -0.00000000
27.600000000000257 -1793.50265663 801.36168998 -0.00000000
27.650000000000258 -1826.38648328 848.72010315 -0.00000000
27.70000000000026 -1859.49851516 899.10978525 -0.00000000
27.75000000000026 -1895.30531351 950.07387744 -0.00000000
27.80000000000026 -1934.18856125 998.74159744 -0.00000000
27.85000000000026 -1975.13273330 1043.13473326 -0.00000000
27.90000000000026 -2016.66635479 1083.92478162 -0.00000000
27.950000000000262 -2057.75332779 1122.85843965 -0.00000000
28.000000000000263 -2097.78674232 1162.03390194 -0.00000000
28.050000000000264 -2136.64486053 1203.16826186 -0.00000000
28.100000000000264 -2174.92412384 1247.67928913 -0.00000000
28.150000000000265 -2212.84056866 1296.26085552 -0.00000000
28.200000000000266 -2250.03016099 1348.57828269 -0.00000000
28.250000000000266 -2286.25534577 1403.56294655 -0.00000000
28.300000000000267 -2321.60740046 1459.88462076 -0.00000000
28.350000000000268 -2356.70642761 1516.32390878 -0.00000000
28.40000000000027 -2392.71197435 1571.92796289 -0.00000000
28.45000000000027 -2431.18879988 1626.29109139 -0.00000000
28.50000000000027 -2472.37305866 1678.84962963 -0.00000000
28.55000000000027 -2515.89679452 1729.81893868 -0.00000000
28.60000000000027 -2561.15296515 1780.37857824 -0.00000000
28.650000000000272 -2595.28562812 1822.81092511 -0.00000000
28.700000000000273 -2635.76973232 1866.87951944 -0.00000000
28.750000000000274 -2682.41169557 1925.49519357 -0.00000000
28.800000000000274 -2711.72329699 1960.73305935 -0.00000000
28.850000000000275 -2748.09436096 2006.94008272 -0.00000000
28.900000000000276 -2792.16056049 2063.75025870 -0.00000000
28.950000000000276 -2842.89214612 2126.86061469 -0.00000000
29.000000000000277 -2898.57472871 2194.12814423 -0.00000000
29.050000000000278 -2957.03461381 2262.36913736 -0.00000000
29.10000000000028 -3016.04629316 2329.63819069 -0.00000000
29.15000000000028 -3073.69183655 2394.77326254 -0.00000000
29.20000000000028 -3128.66480972 2457.54174958 -0.00000000
29.25000000000028 -3180.42600825 2518.42277328 -0.00000000
29.30000000000028 -3229.20835815 2578.23407131 -0.00000000
29.350000000000282 -3275.87576526 2637.80294220 -0.00000000
29.400000000000283 -3321.64040395 2697.85467127 -0.00000000
29.450000000000284 -3367.56671535 2759.32952135 -0.00000000
29.500000000000284 -3414.63028677 2822.75314119 -0.00000000
29.550000000000285 -3463.75122731 2887.86062038 -0.00000000
29.600000000000286 -3515.43091038 2954.18233429 -0.00000000
29.650000000000286 -3569.64064757 3021.29721200 -0.00000000
29.700000000000287 -3625.86730321 3088.96058241 -0.00000000
29.750000000000288 -3683.33219695 3157.07550552 -0.00000000
29.80000000000029 -3741.24790157 3225.58470730 -0.00000000
29.85000000000029 -3799.01567515 3294.32955689 -0.00000000
29.90000000000029 -3856.27609659 3363.01302509 -0.00000000
29.95000000000029 -3912.91621443 3431.12022100 -0.00000000
30.00000000000029 -3969.04365300 3497.96295680 -0.00000000
30.050000000000292 -4024.88767188 3563.00363251 -0.00000000
30.100000000000293 -4080.62815899 3625.86101808 -0.00000000
30.150000000000293 -4136.41709880 3686.29881946 -0.00000000
30.200000000000294 -4192.52301284 3744.34772840 -0.00000000
30.250000000000295 -4249.21702817 3800.30623262 -0.00000000
30.300000000000296 -4306.64636715 3854.68054776 -0.00000000
30.350000000000296 -4410.51917066 3952.10186125 -0.00000000
30.400000000000297 -4494.72575669 4026.51591084 -0.00000000
30.450000000000298 -4558.67962498 4084.98097115 -0.00000000
30.5000000000003 -4607.06156228 4131.90995890 -0.00000000
30.5500000000003 -4646.34186661 4174.89396042 -0.00000000
30.6000000000003 -4683.55317084 4218.77001321 -0.00000000
30.6500000000003 -4724.09296331 4266.34339677 -0.00000000
30.7000000000003 -4770.72979886 4318.33299443 -0.00000000
30.750000000000302 -4823.55373458 4374.07170466 -0.00000000
30.800000000000303 -4880.73317761 4432.19043598 -0.00000000
30.850000000000303 -4939.67194886 4491.10181297 -0.00000000
30.900000000000304 -5019.13350427 4574.78443050 -0.00000000
30.950000000000305 -5086.82990981 4635.43725029 -0.00000000
31.000000000000306 -5142.37817526 4691.87678726 -0.00000000
31.050000000000306 -5192.49040826 4735.71491372 -0.00000000
31.100000000000307 -5240.20862216 4774.69087430 -0.00000000
31.150000000000308 -5276.49082304 4798.56777846 -0.00000000
31.20000000000031 -5317.71980105 4833.02740687 -0.00000000
31.25000000000031 -5366.91602749 4864.88867679 -0.00000000
31.30000000000031 -5420.10201251 4904.83364874 -0.00000000
31.35000000000031 -5475.41032053 4947.92946618 -0.00000000
31.40000000000031 -5528.85100313 4994.00318533 -0.00000000
31.450000000000312 -5578.20987252 5040.93636875 -0.00000000
31.500000000000313 -5623.82146765 5086.72757582 -0.00000000
31.550000000000313 -5662.46442304 5127.81509150 -0.00000000
31.600000000000314 -5696.50695628 5162.55245229 -0.00000000
31.650000000000315 -5728.94547786 5190.66960259 -0.00000000
31.700000000000315 -5762.03079488 5213.12512779 -0.00000000
31.750000000000316 -5797.27040651 5231.67360149 -0.00000000
31.800000000000317 -5819.58967886 5240.12178237 -0.00000000
31.850000000000318 -5846.53244138 5249.00476784 -0.00000000
31.90000000000032 -5878.80042863 5256.67918247 -0.00000000
31.95000000000032 -5915.48835020 5266.09987129 -0.00000000
32.00000000000032 -5955.38022413 5277.35552282 -0.00000000
32.05000000000032 -5996.74674820 5291.52165558 -0.00000000
32.100000000000314 -6037.83386466 5308.95257827 -0.00000000
32.15000000000031 -6077.11894118 5329.43189780 -0.00000000
32.20000000000031 -6113.46518179 5352.10420841 -0.00000000
32.250000000000306 -6146.14182117 5375.54952949 -0.00000000
32.3000000000003 -6174.82263655 5397.93285499 -0.00000000
32.3500000000003 -6199.50509076 5417.25400240 -0.00000000
32.4000000000003 -6220.54134376 5431.71170496 -0.00000000
32.450000000000294 -6238.61789226 5440.03041592 -0.00000000
32.50000000000029 -6254.68783222 5441.72693912 -0.00000000
32.55000000000029 -6269.57153455 5436.91593822 -0.00000000
32.600000000000286 -6283.95740939 5425.60310855 -0.00000000
32.65000000000028 -6298.13038392 5408.42945625 -0.00000000
32.70000000000028 -6312.06475570 5386.45004149 -0.00000000
32.75000000000028 -6325.66334857 5360.86960770 -0.00000000
32.800000000000274 -6339.43354179 5333.76322883 -0.00000000
32.85000000000027 -6353.45646932 5306.56804073 -0.00000000
32.90000000000027 -6367.15655397 5279.79972716 -0.00000000
32.950000000000266 -6380.47818663 5253.20830638 -0.00000000
33.00000000000026 -6393.08898476 5226.62668578 -0.00000000
33.05000000000026 -6404.60798204 5199.78336282 -0.00000000
33.10000000000026 -6414.68900956 5172.30219526 -0.00000000
33.150000000000254 -6423.03962799 5143.72431403 -0.00000000
33.20000000000025 -6429.39796272 5113.57761152 -0.00000000
33.25000000000025 -6433.52100490 5081.45210552 -0.00000000
33.300000000000246 -6435.35111842 5047.01361665 -0.00000000
33.35000000000024 -6435.01894250 5010.00451689 -0.00000000
33.40000000000024 -6432.75832409 4970.22909795 -0.00000000
33.45000000000024 -6428.87312199 4927.47787183 -0.00000000
33.500000000000234 -6423.67176845 4881.61892570 -0.00000000
33.55000000000023 -6417.37142876 4832.63627128 -0.00000000
33.60000000000023 -6410.11488890 4780.54277921 -0.00000000
33.650000000000226 -6402.00739315 4725.34626869 -0.00000000
33.70000000000022 -6393.09658828 4667.08826978 -0.00000000
33.75000000000022 -6383.38446096 4605.86847652 -0.00000000
33.80000000000022 -6372.84206190 4541.83610180 -0.00000000
33.850000000000215 -6361.41932693 4475.16822166 -0.00000000
33.90000000000021 -6349.05231494 4406.04967163 -0.00000000
33.95000000000021 -6335.64145707 4334.64784522 -0.00000000
34.000000000000206 -6320.93973334 4261.05723198 -0.00000000
34.0500000000002 -6304.55365990 4185.27195816 -0.00000000
34.1000000000002 -6286.33719868 4107.30273828 -0.00000000
34.1500000000002 -6266.39108359 4027.17783279 -0.00000000
34.200000000000195 -6244.93835893 3944.91314693 -0.00000000
34.25000000000019 -6222.44520247 3860.64636781 -0.00000000
34.30000000000019 -6199.66046472 3774.68939712 -0.00000000
34.350000000000186 -6176.96231791 3687.06502444 -0.00000000
34.40000000000018 -6154.56058817 3597.72757268 -0.00000000
34.45000000000018 -6132.44401651 3506.47612148 -0.00000000
34.50000000000018 -6110.47432584 3413.01835265 -0.00000000
34.550000000000175 -6088.38862065 3317.13633362 -0.00000000
34.60000000000017 -6065.89951071 3218.61776311 -0.00000000
34.65000000000017 -6042.76935713 3117.26674518 -0.00000000
34.700000000000166 -6018.83836792 3012.94117129 -0.00000000
34.75000000000016 -5994.01481974 2905.63132461 -0.00000000
34.80000000000016 -5968.24765824 2795.55683921 -0.00000000
34.85000000000016 -5941.57941292 2682.92317290 -0.00000000
34.900000000000155 -5914.16372779 2567.82051627 -0.00000000
34.95000000000015 -5886.20453870 2450.36010031 -0.00000000
35.00000000000015 -5857.90567242 2330.71076954 -0.00000000
35.050000000000146 -5829.41891153 2209.08606817 -0.00000000
35.10000000000014 -5800.83085312 2085.68650240 -0.00000000
35.15000000000014 -5772.22532889 1960.61303919 -0.00000000
35.20000000000014 -5743.70764460 1833.97494061 -0.00000000
35.250000000000135 -5715.40960229 1705.89633227 -0.00000000
35.30000000000013 -5687.50851342 1576.47281138 -0.00000000
35.35000000000013 -5660.39582346 1445.37094336 -0.00000000
35.40000000000013 -5634.39026491 1312.17270148 -0.00000000
35.450000000000124 -5609.49426275 1176.75421283 -0.00000000
35.50000000000012 -5585.58397567 1038.91894643 -0.00000000
35.55000000000012 -5562.45123464 898.43573329 -0.00000000
35.600000000000115 -5539.82232241 755.12916252 -0.00000000
35.65000000000011 -5517.38203094 608.93874810 -0.00000000
35.70000000000011 -5494.81828732 459.93623158 -0.00000000
35.75000000000011 -5471.86741732 308.36005929 -0.00000000
35.800000000000104 -5448.34615870 154.60986009 -0.00000000
35.8500000000001 -5424.14206275 -0.93393573 -0.00000000
35.9000000000001 -5399.22477697 -157.88511354 -0.00000000
35.950000000000095 -5373.65326865 -315.75123348 -0.00000000
36.00000000000009 -5323.58156721 -597.77665460 -0.00000000
36.05000000000009 -5281.99845194 -813.64971046 -0.00000000
36.10000000000009 -5251.09852153 -968.31012178 -0.00000000
36.150000000000084 -5222.33540050 -1118.31011036 -0.00000000
36.20000000000008 -5209.81783051 -1224.44378163 -0.00000000
36.25000000000008 -5206.17195839 -1311.79141903 -0.00000000
36.300000000000075 -5200.41925075 -1417.65019812 -0.00000000
36.35000000000007 -5185.90118202 -1547.44070182 -0.00000000
36.40000000000007 -5160.00535776 -1700.26350709 -0.00000000
36.45000000000007 -5125.05694259 -1867.57713668 -0.00000000
36.500000000000064 -5086.43967329 -2039.66873049 -0.00000000
36.55000000000006 -5049.69060564 -2209.80198011 -0.00000000
36.60000000000006 -5018.37604606 -2375.02232877 -0.00000000
36.650000000000055 -4993.45320632 -2534.98770123 -0.00000000
36.70000000000005 -4973.68943245 -2690.71295335 -0.00000000
36.75000000000005 -4956.55470492 -2843.51028981 -0.00000000
36.80000000000005 -4939.29373936 -2994.37934977 -0.00000000
36.850000000000044 -4919.94150909 -3143.98147735 -0.00000000
36.90000000000004 -4897.82573756 -3292.84792006 -0.00000000
36.95000000000004 -4873.37253947 -3441.35242210 -0.00000000
37.000000000000036 -4847.51150023 -3589.57706572 -0.00000000
37.05000000000003 -4821.09018262 -3737.14184526 -0.00000000
37.10000000000003 -4794.48962436 -3883.18963487 -0.00000000
37.15000000000003 -4767.57726235 -4026.63288189 -0.00000000
37.200000000000024 -4739.92295103 -4166.40854773 -0.00000000
37.25000000000002 -4711.11077481 -4301.76846482 -0.00000000
37.30000000000002 -4681.08962678 -4432.57165586 -0.00000000
37.350000000000016 -4650.33582648 -4559.33400145 -0.00000000
37.40000000000001 -4619.66008620 -4682.91527040 -0.00000000
37.45000000000001 -4589.81644989 -4804.08943346 -0.00000000
37.50000000000001 -4561.19662180 -4923.22963832 -0.00000000
37.550000000000004 -4533.74379042 -5040.32194913 -0.00000000
37.6 -4507.00969242 -5155.20855956 -0.00000000
37.65 -4480.31755515 -5267.72586027 -0.00000000
37.699999999999996 -4453.03728462 -5377.77999410 -0.00000000
37.74999999999999 -4424.79415771 -5485.40099597 -0.00000000
37.79999999999999 -4395.54069043 -5590.67687372 -0.00000000
37.84999999999999 -4365.54814707 -5693.77754034 -0.00000000
37.899999999999984 -4334.97298247 -5795.15489906 -0.00000000
37.94999999999998 -4303.89667014 -5892.84056457 -0.00000000
37.99999999999998 -4272.70373397 -5984.01080950 -0.00000000
38.049999999999976 -4242.21119357 -6069.90000505 -0.00000000
38.09999999999997 -4211.59712613 -6151.69527521 -0.00000000
38.14999999999997 -4178.96875209 -6230.16535853 -0.00000000
38.19999999999997 -4143.23181282 -6305.62259472 -0.00000000
38.249999999999964 -4104.76301866 -6378.85814997 -0.00000000
38.29999999999996 -4065.09366981 -6450.80309822 -0.00000000
38.34999999999996 -4026.18479777 -6521.92652347 -0.00000000
38.399999999999956 -3989.86315401 -6592.18057957 -0.00000000
38.44999999999995 -3957.55923572 -6661.19327289 -0.00000000
38.49999999999995 -3929.50971455 -6728.10419428 -0.00000000
38.54999999999995 -3904.94831861 -6791.96696427 -0.00000000
38.599999999999945 -3882.52681615 -6852.15067015 -0.00000000
38.64999999999994 -3860.68603831 -6908.39797768 -0.00000000
38.69999999999994 -3838.06345820 -6960.73347500 -0.00000000
38.749999999999936 -3813.82166698 -7009.39977569 -0.00000000
38.79999999999993 -3787.78800585 -7054.84270465 -0.00000000
38.84999999999993 -3760.53866414 -7097.61600879 -0.00000000
38.89999999999993 -3733.27722166 -7138.04678396 -0.00000000
38.949999999999925 -3706.77140340 -7176.24061035 -0.00000000
38.99999999999992 -3680.99233000 -7212.41510972 -0.00000000
39.04999999999992 -3655.57080523 -7246.95937224 -0.00000000
39.099999999999916 -3629.39778925 -7279.89899369 -0.00000000
39.14999999999991 -3600.36519027 -7310.60061684 -0.00000000
39.19999999999991 -3567.85293043 -7339.11443649 -0.00000000
39.24999999999991 -3533.78439397 -7366.44556395 -0.00000000
39.299999999999905 -3501.69624360 -7395.00217804 -0.00000000
39.3499999999999 -3473.05791135 -7430.52171069 -0.00000000
39.3999999999999 -3448.41593303 -7471.53270297 -0.00000000
39.449999999999896 -3424.31685377 -7509.65331682 -0.00000000
39.49999999999989 -3396.14884395 -7537.89653855 -0.00000000
39.54999999999989 -3364.59075755 -7561.24814150 -0.00000000
39.59999999999989 -3331.21472104 -7587.31278383 -0.00000000
39.649999999999885 -3294.40977180 -7619.37370456 -0.00000000
39.69999999999988 -3253.32951699 -7653.63830106 -0.00000000
39.74999999999988 -3208.19437174 -7686.17148931 -0.00000000
39.799999999999876 -3159.81442712 -7713.46771304 -0.00000000
39.84999999999987 -3107.69357813 -7733.41165474 -0.00000000
39.89999999999987 -3050.70055113 -7742.67389313 -0.00000000
39.94999999999987 -2988.11253988 -7739.47554251 -0.00000000
39.999999999999865 -2922.73904228 -7729.96103406 -0.00000000
40.04999999999986 -2860.58257698 -7722.63941249 -0.00000000
40.09999999999986 -2803.67815365 -7720.35943873 -0.00000000
40.14999999999986 -2749.05382266 -7721.92520941 -0.00000000
40.199999999999854 -2694.55020777 -7725.57779293 -0.00000000
40.24999999999985 -2639.37508296 -7728.94637390 -0.00000000
40.29999999999985 -2582.20617140 -7732.03142275 -0.00000000
40.349999999999845 -2519.62122431 -7736.22816637 -0.00000000
40.39999999999984 -2453.10990287 -7738.79422359 -0.00000000
40.44999999999984 -2385.36012330 -7737.47619760 -0.00000000
40.49999999999984 -2319.10502924 -7731.46285828 -0.00000000
40.549999999999834 -2255.75784034 -7721.13233628 -0.00000000
40.59999999999983 -2189.85557254 -7709.42342268 -0.00000000
40.64999999999983 -2124.84370626 -7697.52788623 -0.00000000
40.699999999999825 -2063.06243520 -7684.12557199 -0.00000000
40.74999999999982 -2004.12424584 -7667.34488661 -0.00000000
40.79999999999982 -1944.40933182 -7644.57613717 -0.00000000
40.84999999999982 -1880.31135129 -7615.18324532 -0.00000000
40.899999999999814 -1811.95628513 -7583.29881737 -0.00000000
40.94999999999981 -1740.94395499 -7552.13127321 -0.00000000
40.99999999999981 -1668.91835030 -7522.62408469 -0.00000000
41.049999999999805 -1601.37846675 -7493.95305466 -0.00000000
41.0999999999998 -1541.08870564 -7463.35117957 -0.00000000
41.1499999999998 -1485.39710458 -7434.47415583 -0.00000000
41.1999999999998 -1430.95016232 -7404.94995484 -0.00000000
41.249999999999794 -1389.15467092 -7387.55797875 -0.00000000
41.29999999999979 -1357.71281331 -7370.48641314 -0.00000000
41.34999999999979 -1311.18111279 -7353.70476058 -0.00000000
41.399999999999785 -1249.79558307 -7327.02415827 -0.00000000
41.44999999999978 -1175.85611495 -7291.81398009 -0.00000000
41.49999999999978 -1094.69586511 -7248.69255389 -0.00000000
41.54999999999978 -1012.86510730 -7200.08235744 -0.00000000
41.599999999999774 -935.00665938 -7148.89421789 -0.00000000
41.64999999999977 -863.51899495 -7098.23049786 -0.00000000
41.69999999999977 -805.93075182 -7047.83408006 -0.00000000
41.749999999999766 -759.18650107 -7000.85337986 -0.00000000
41.79999999999976 -720.69536208 -6958.87222470 -0.00000000
41.84999999999976 -663.77360140 -6889.08717152 -0.00000000
41.89999999999976 -624.38538154 -6836.94097168 -0.00000000
41.949999999999754 -584.90843080 -6792.06615942 -0.00000000
41.99999999999975 -551.94059494 -6760.41697980 -0.00000000
42.04999999999975 -514.92920627 -6748.94807087 -0.00000000
42.099999999999746 -465.86335130 -6732.43336557 -0.00000000
42.14999999999974 -407.77309447 -6707.87692930 -0.00000000
42.19999999999974 -344.47827974 -6671.21512049 -0.00000000
42.24999999999974 -280.92636298 -6623.87368183 -0.00000000
42.299999999999734 -221.49931942 -6569.54448925 -0.00000000
42.34999999999973 -169.63410976 -6511.91978248 -0.00000000
42.39999999999973 -132.39111581 -6456.51191895 -0.00000000
42.449999999999726 -105.83776550 -6401.79610541 -0.00000000
42.49999999999972 -84.48948635 -6345.89938474 -0.00000000
42.54999999999972 -63.31090571 -6287.32299057 -0.00000000
42.59999999999972 -39.43964746 -6226.18214679 -0.00000000
42.649999999999714 -12.97687816 -6163.98211896 -0.00000000
42.69999999999971 13.60074938 -6101.37840276 -0.00000000
42.74999999999971 37.08773589 -6037.97967118 -0.00000000
42.799999999999706 54.87930460 -5972.77027386 -0.00000000
42.8499999999997 65.43211651 -5904.66738410 -0.00000000
42.8999999999997 67.99282075 -5833.20696645 -0.00000000
42.9499999999997 61.92537679 -5759.17221746 -0.00000000
42.999999999999694 46.79388536 -5684.43908774 -0.00000000
43.04999999999969 23.71830975 -5610.39229079 -0.00000000
43.09999999999969 -4.32454588 -5536.64179023 -0.00000000
43.149999999999686 -33.77303511 -5461.54779958 -0.00000000
43.19999999999968 -62.17395779 -5383.69886004 -0.00000000
43.24999999999968 -89.67080626 -5302.98082131 -0.00000000
43.29999999999968 -117.48490896 -5221.15378572 -0.00000000
43.349999999999675 -147.69576116 -5140.33512256 -0.00000000
43.39999999999967 -182.07702505 -5060.97156140 -0.00000000
43.44999999999967 -221.14851110 -4981.00574686 -0.00000000
43.499999999999666 -264.35555632 -4896.90630686 -0.00000000
43.54999999999966 -310.85367175 -4805.47725626 -0.00000000
43.59999999999966 -360.56823052 -4705.67638687 -0.00000000
43.64999999999966 -414.64132464 -4599.62830206 -0.00000000
43.699999999999655 -475.00381863 -4491.09260227 -0.00000000
43.74999999999965 -542.61514660 -4383.35443636 -0.00000000
43.79999999999965 -616.62080046 -4277.95056984 -0.00000000
43.849999999999646 -695.48410653 -4174.20711426 -0.00000000
43.89999999999964 -778.47819274 -4070.29512612 -0.00000000
43.94999999999964 -865.37383703 -3965.39641534 -0.00000000
43.99999999999964 -957.41313945 -3859.79422486 -0.00000000
44.049999999999635 -1055.44141287 -3752.81052948 -0.00000000
44.09999999999963 -1159.13321973 -3642.36033006 -0.00000000
44.14999999999963 -1269.02079667 -3526.63754725 -0.00000000
44.199999999999626 -1385.25101220 -3405.27333884 -0.00000000
44.24999999999962 -1506.64123082 -3279.10845100 -0.00000000
44.29999999999962 -1630.96854622 -3149.23235436 -0.00000000
44.34999999999962 -1756.48960502 -3016.01120572 -0.00000000
44.399999999999615 -1883.83682897 -2877.95251970 -0.00000000
44.44999999999961 -2016.58302702 -2731.13846070 -0.00000000
44.49999999999961 -2153.03461306 -2575.47272600 -0.00000000
44.549999999999606 -2287.14468957 -2417.28502964 -0.00000000
44.5999999999996 -2420.72257535 -2257.39274619 -0.00000000
44.6499999999996 -2553.82239153 -2096.27747287 -0.00000000
44.6999999999996 -2684.81994356 -1933.72288844 -0.00000000
44.749999999999595 -2811.88457692 -1769.21729329 -0.00000000
44.79999999999959 -2934.38733202 -1601.40851265 -0.00000000
44.84999999999959 -3053.93064883 -1428.40603022 -0.00000000
44.89999999999959 -3174.04551372 -1248.06996363 -0.00000000
44.949999999999584 -3298.42050321 -1057.62142107 -0.00000000
44.99999999999958 -3428.29021211 -854.42268788 -0.00000000
45.04999999999958 -3561.31303624 -639.21801643 -0.00000000
45.099999999999575 -3693.59915504 -418.79105052 -0.00000000
45.14999999999957 -3824.49845203 -197.64002875 -0.00000000
45.19999999999957 -3953.12339594 21.16456463 -0.00000000
45.24999999999957 -4072.96232189 242.44485955 -0.00000000
45.299999999999564 -4186.38606055 472.43918901 -0.00000000
45.34999999999956 -4295.81237896 714.47502104 -0.00000000
45.39999999999956 -4416.60348903 964.38165354 -0.00000000
45.449999999999555 -4562.20120716 1236.89136572 -0.00000000
45.49999999999955 -4715.05410994 1519.89593499 -0.00000000
45.54999999999955 -4860.01625859 1803.24979080 -0.00000000
45.59999999999955 -4989.35910899 2086.60062344 -0.00000000
45.649999999999544 -5099.44979475 2375.16321281 -0.00000000
45.69999999999954 -5189.87709198 2668.56974554 -0.00000000
45.74999999999954 -5271.75224451 2964.13925430 -0.00000000
45.799999999999535 -5366.76673932 3265.10381096 -0.00000000
45.84999999999953 -5476.73946665 3574.52234999 -0.00000000
45.89999999999953 -5588.74937511 3892.76400233 -0.00000000
45.94999999999953 -5689.58128697 4216.31969478 -0.00000000
45.999999999999524 -5772.99641590 4539.68149084 -0.00000000
46.04999999999952 -5839.95674629 4854.69509688 -0.00000000
46.09999999999952 -5892.64553389 5160.50771475 -0.00000000
46.149999999999515 -5935.78200462 5465.11328069 -0.00000000
46.19999999999951 -5974.49896319 5774.68307127 -0.00000000
46.24999999999951 -6011.46643897 6093.02751068 -0.00000000
46.29999999999951 -6045.80259507 6422.09237620 -0.00000000
46.349999999999504 -6073.82335148 6758.63178512 -0.00000000
46.3999999999995 -6091.02714378 7098.50674456 -0.00000000
46.4499999999995 -6093.80337658 7438.45799481 -0.00000000
46.499999999999496 -6085.35845719 7761.38328055 -0.00000000
46.54999999999949 -6072.02929590 8065.91139052 -0.00000000
46.59999999999949 -6061.38143514 8362.92206715 -0.00000000
46.64999999999949 -6053.09469521 8657.89356385 -0.00000000
46.699999999999484 -6041.12632534 8945.08230891 -0.00000000
46.74999999999948 -6019.17073315 9220.96782005 -0.00000000
46.79999999999948 -5980.28375399 9483.23532444 -0.00000000
46.849999999999476 -5918.04012813 9734.99749499 -0.00000000
46.89999999999947 -5829.94496941 9987.37254875 -0.00000000
46.94999999999947 -5715.59623442 10244.05336655 -0.00000000
46.99999999999947 -5593.91513068 10492.01790924 -0.00000000
47.049999999999464 -5479.69058527 10725.33005755 -0.00000000
47.09999999999946 -5376.23485254 10954.58275435 -0.00000000
47.14999999999946 -5269.35522479 11198.18018814 -0.00000000
47.199999999999456 -5138.41304235 11461.38648424 -0.00000000
47.24999999999945 -4969.99463906 11737.44341618 -0.00000000
47.29999999999945 -4779.12147129 12010.17157926 -0.00000000
47.34999999999945 -4577.58722595 12277.92031223 -0.00000000
47.399999999999444 -4351.86574513 12533.06920306 -0.00000000
47.44999999999944 -4105.38510388 12768.65627758 -0.00000000
47.49999999999944 -3844.34351793 12995.94065028 -0.00000000
47.549999999999436 -3566.96953878 13206.56227048 -0.00000000
47.59999999999943 -3271.06412509 13399.02997532 -0.00000000
47.64999999999943 -2966.58281060 13592.35211308 -0.00000000
47.69999999999943 -2649.68951680 13791.60868080 -0.00000000
47.749999999999424 -2333.40966902 13974.59986944 -0.00000000
47.79999999999942 -2032.19546584 14114.42348567 -0.00000000
47.84999999999942 -1733.87427529 14219.99742801 -0.00000000
47.899999999999416 -1415.86726277 14314.85860125 -0.00000000
47.94999999999941 -1061.09823638 14418.75983814 -0.00000000
47.99999999999941 -665.24402301 14554.01289796 -0.00000000
48.04999999999941 -242.01422164 14719.22649648 -0.00000000
48.099999999999405 195.09954983 14874.46781058 -0.00000000
48.1499999999994 637.27504411 14991.21392809 -0.00000000
48.1999999999994 1077.05297763 15084.56505128 -0.00000000
48.249999999999396 1510.28697398 15187.00556539 -0.00000000
48.29999999999939 1953.80567925 15298.42625391 -0.00000000
48.34999999999939 2406.63798931 15422.21979804 -0.00000000
48.39999999999939 2847.55923601 15523.79341786 -0.00000000
48.449999999999385 3279.88993503 15619.61946451 -0.00000000
48.49999999999938 3735.10469829 15701.55371583 -0.00000000
48.54999999999938 4215.95103054 15776.74197913 -0.00000000
48.599999999999376 4667.35616996 15867.95499070 -0.00000000
48.64999999999937 5095.91005828 15948.73606299 -0.00000000
48.69999999999937 5516.61604286 16024.21926156 -0.00000000
48.74999999999937 5941.50634098 16092.98197551 -0.00000000
48.799999999999365 6374.24265727 16148.08772827 -0.00000000
48.84999999999936 6816.33033222 16190.38657298 -0.00000000
48.89999999999936 7263.48795897 16224.77815385 -0.00000000
48.949999999999356 7709.77793840 16251.24335341 -0.00000000
48.99999999999935 8150.23210744 16265.91510684 -0.00000000
49.04999999999935 8586.42395616 16264.63542473 -0.00000000
49.09999999999935 9014.09255324 16246.43398866 -0.00000000
49.149999999999345 9431.04843586 16209.81530380 -0.00000000
49.19999999999934 9837.87439630 16151.87542132 -0.00000000
49.24999999999934 10238.40321266 16072.06540405 -0.00000000
49.299999999999336 10640.81834123 15975.11433762 -0.00000000
49.34999999999933 11046.98353360 15863.10560358 -0.00000000
49.39999999999933 11453.33255430 15732.73745870 -0.00000000
49.44999999999933 11856.71020137 15579.08460945 -0.00000000
49.499999999999325 12257.51139604 15398.85784573 -0.00000000
49.54999999999932 12658.55747431 15191.01982366 -0.00000000
49.59999999999932 13062.55027418 14956.27459314 -0.00000000
49.64999999999932 13470.12457098 14697.57127612 -0.00000000
49.699999999999314 13881.03704569 14417.53379001 -0.00000000
49.74999999999931 14300.85371220 14115.37502228 -0.00000000
49.79999999999931 14733.06830350 13787.91535315 -0.00000000
49.849999999999305 15165.00084832 13431.64496810 -0.00000000
49.8999999999993 15584.00927341 13053.92456266 -0.00000000
49.9499999999993 15978.45287981 12664.34013575 -0.00000000
49.9999999999993 16366.69174007 12255.91935135 -0.00000000
50.049999999999294 16756.03052227 11826.19501820 -0.00000000
