# Body fitted drag for model part Drag_structure1
# Time Fx Fy Fz
0.05 -0.00000000 -0.00000000 -0.00000000
0.1 120.27343715 0.05358553 -0.00000000
0.15000000000000002 295.68583041 0.12819500 -0.00000000
0.2 525.78627798 0.20265267 -0.00000000
0.25 810.76418976 0.24959514 -0.00000000
0.3 1151.82729395 0.23421650 -0.00000000
0.35 1551.00988678 0.11627076 -0.00000000
0.39999999999999997 2010.82736259 -0.14637766 -0.00000000
0.44999999999999996 2533.83656347 -0.59496742 -0.00000000
0.49999999999999994 3122.14226462 -1.26678041 -0.00000000
0.5499999999999999 3776.87298951 -2.18706945 -0.00000000
0.6 4497.61975431 -3.37105399 -0.00000000
0.65 5281.85160243 -4.81686022 -0.00000000
0.7000000000000001 6124.29148617 -6.48880338 -0.00000000
0.7500000000000001 7016.29190826 -8.31176124 -0.00000000
0.8000000000000002 7945.25379627 -10.16233283 -0.00000000
0.8500000000000002 8894.16771633 -11.86397434 -0.00000000
0.9000000000000002 10743.22238268 -14.48463894 -0.00000000
0.9500000000000003 12445.53314673 -15.38679518 -0.00000000
1.0000000000000002 14593.98573927 -13.06101367 -0.00000000
1.0500000000000003 16148.22427351 -6.07154791 -0.00000000
1.1000000000000003 16976.13818292 4.93993361 -0.00000000
1.1500000000000004 17006.78516685 17.46842359 -0.00000000
1.2000000000000004 16253.83432201 27.32506110 -0.00000000
1.2500000000000004 14824.97846251 29.65914782 -0.00000000
1.3000000000000005 12902.53919054 20.64082555 -0.00000000
1.3500000000000005 10708.36770369 -0.87421165 -0.00000000
1.4000000000000006 8465.06802200 -32.47519740 -0.00000000
1.4500000000000006 6366.05718739 -68.57423449 -0.00000000
1.5000000000000007 4559.90821472 -101.89220533 -0.00000000
1.5500000000000007 3147.19871992 -125.43666207 -0.00000000
1.6000000000000008 2184.43124052 -134.23682451 -0.00000000
1.6500000000000008 1690.25639628 -126.29153093 -0.00000000
1.7000000000000008 1651.33094567 -102.64206995 -0.00000000
1.7500000000000009 1904.71732760 -78.98059361 -0.00000000
1.800000000000001 2163.67108130 -64.51619582 -0.00000000
1.850000000000001 2552.63549286 -48.00757532 -0.00000000
1.900000000000001 3061.32234136 -30.22620164 -0.00000000
1.950000000000001 3675.44919995 -11.97898014 -0.00000000
2.000000000000001 4379.00527662 5.97007638 -0.00000000
2.0500000000000007 5154.51364762 22.93436473 -0.00000000
2.1000000000000005 5983.28216733 38.32563829 -0.00000000
2.1500000000000004 7669.97123703 64.89547566 -0.00000000
2.2 10056.01676366 96.69946718 -0.00000000
2.25 12127.49197077 118.99115623 -0.00000000
2.3 13758.65075750 129.53172562 -0.00000000
2.3499999999999996 14828.32970571 125.33986404 -0.00000000
2.3999999999999995 15234.11639277 103.21525341 -0.00000000
2.4499999999999993 14905.56837380 60.96783766 -0.00000000
2.499999999999999 14203.39658857 20.16937871 -0.00000000
2.549999999999999 13037.51647386 -31.84316388 -0.00000000
2.5999999999999988 11488.56936198 -91.29312218 -0.00000000
2.6499999999999986 9682.83789519 -152.45489315 -0.00000000
2.6999999999999984 7788.34236249 -208.37066885 -0.00000000
2.7499999999999982 5989.15843666 -252.16865176 -0.00000000
2.799999999999998 4460.51403456 -278.32886637 -0.00000000
2.849999999999998 2829.12949904 -284.25907393 -0.00000000
2.8999999999999977 2053.57239302 -256.52338608 -0.00000000
2.9499999999999975 2138.25626821 -202.18030599 -0.00000000
2.9999999999999973 2980.18822101 -131.33503605 -0.00000000
3.049999999999997 4388.72489925 -53.90886768 -0.00000000
3.099999999999997 6137.00792906 19.67962444 -0.00000000
3.149999999999997 7996.51364820 80.49934635 -0.00000000
3.1999999999999966 9758.61157861 121.67966400 -0.00000000
3.2499999999999964 11246.88383063 138.80540590 -0.00000000
3.2999999999999963 11990.53696866 133.37450290 -0.00000000
3.349999999999996 12449.03559748 111.51090388 -0.00000000
3.399999999999996 12538.41845092 93.18640699 -0.00000000
3.4499999999999957 12481.49775311 67.91372806 -0.00000000
3.4999999999999956 12280.86465984 36.53319313 -0.00000000
3.5499999999999954 11947.13048300 0.48427453 -0.00000000
3.599999999999995 11496.75923864 -38.16848482 -0.00000000
3.649999999999995 10953.14230356 -77.92057117 -0.00000000
3.699999999999995 10345.35700014 -117.34395340 -0.00000000
3.7499999999999947 9707.13639485 -155.15451205 -0.00000000
3.7999999999999945 9075.50822178 -190.11057069 -0.00000000
3.8499999999999943 8488.76902522 -220.95375253 -0.00000000
3.899999999999994 7501.45712489 -270.39625305 -0.00000000
3.949999999999994 6816.80129195 -302.83430304 -0.00000000
3.999999999999994 6494.96255445 -316.28234616 -0.00000000
4.049999999999994 6547.16512329 -308.45334590 -0.00000000
4.099999999999993 7122.29677868 -270.29494405 -0.00000000
4.149999999999993 8042.43169929 -215.20584697 -0.00000000
4.199999999999993 9138.15890899 -147.98249340 -0.00000000
4.249999999999993 10239.75502820 -79.15698515 -0.00000000
4.299999999999993 11200.98079782 -22.17626505 -0.00000000
4.3499999999999925 11909.01479784 13.36120008 -0.00000000
4.399999999999992 12296.10331924 23.28636169 -0.00000000
4.449999999999992 12348.00526398 8.77269055 -0.00000000
4.499999999999992 12104.43984444 -24.09869967 -0.00000000
4.549999999999992 11649.90504082 -66.57508525 -0.00000000
4.599999999999992 11096.19522026 -109.87131321 -0.00000000
4.6499999999999915 10559.76993737 -146.93271612 -0.00000000
4.699999999999991 10139.40549527 -173.28415530 -0.00000000
4.749999999999991 9899.92327632 -187.83737162 -0.00000000
4.799999999999991 9865.25782728 -192.51637187 -0.00000000
4.849999999999991 10022.10459237 -190.16987493 -0.00000000
4.899999999999991 10236.58902840 -185.94070338 -0.00000000
4.94999999999999 10538.37776047 -181.12503952 -0.00000000
4.99999999999999 10725.72829195 -179.09063618 -0.00000000
5.04999999999999 10946.80187077 -177.97729730 -0.00000000
5.09999999999999 11192.04418526 -177.97020020 -0.00000000
5.14999999999999 11449.66154781 -178.99273912 -0.00000000
5.1999999999999895 11707.19162791 -180.84387972 -0.00000000
5.249999999999989 11951.93112385 -183.25397178 -0.00000000
5.299999999999989 12172.07136374 -185.93796735 -0.00000000
5.349999999999989 12357.75196461 -188.63631501 -0.00000000
5.399999999999989 12502.00616639 -191.14788836 -0.00000000
5.449999999999989 12601.42291391 -193.35630021 -0.00000000
5.4999999999999885 12656.42717324 -195.24580941 -0.00000000
5.549999999999988 12671.16387229 -196.89621438 -0.00000000
5.599999999999988 12653.10690148 -198.43538286 -0.00000000
5.649999999999988 12612.51790495 -199.93812003 -0.00000000
5.699999999999988 12560.94167154 -201.44665933 -0.00000000
5.749999999999988 12509.17261501 -203.10756776 -0.00000000
5.799999999999987 12466.62771785 -205.08792781 -0.00000000
5.849999999999987 12441.10585196 -207.48533126 -0.00000000
5.899999999999987 12438.55858288 -210.30825983 -0.00000000
5.949999999999987 12461.61172562 -213.65353006 -0.00000000
5.999999999999987 12510.62792172 -217.71016889 -0.00000000
6.0499999999999865 12586.28089680 -222.37746001 -0.00000000
6.099999999999986 12766.52960604 -232.65801730 -0.00000000
6.149999999999986 12944.09349059 -242.14499610 -0.00000000
6.199999999999986 13114.11314834 -250.94611829 -0.00000000
6.249999999999986 13277.23804385 -259.65094221 -0.00000000
6.299999999999986 13364.67270525 -263.95175919 -0.00000000
6.349999999999985 13466.76642200 -268.99012399 -0.00000000
6.399999999999985 13585.99230239 -275.02280092 -0.00000000
6.449999999999985 13720.67806154 -281.77878494 -0.00000000
6.499999999999985 13865.84612827 -288.86957675 -0.00000000
6.549999999999985 14013.62203422 -295.97327266 -0.00000000
6.5999999999999845 14155.08608253 -302.78386425 -0.00000000
6.649999999999984 14282.16853524 -308.99094531 -0.00000000
6.699999999999984 14389.32187618 -314.32749415 -0.00000000
6.749999999999984 14474.57198734 -318.64484238 -0.00000000
6.799999999999984 14539.75733310 -321.97786389 -0.00000000
6.849999999999984 14589.96796941 -324.57134959 -0.00000000
6.8999999999999835 14632.38129280 -326.85071960 -0.00000000
6.949999999999983 14674.80914893 -329.33915948 -0.00000000
6.999999999999983 14724.29874607 -332.54365968 -0.00000000
7.049999999999983 14786.08147159 -336.84407453 -0.00000000
7.099999999999983 14863.06608265 -342.40812746 -0.00000000
7.149999999999983 14956.02610717 -349.12285510 -0.00000000
7.199999999999982 15064.53025508 -356.49741655 -0.00000000
7.249999999999982 15187.11394177 -363.73053731 -0.00000000
7.299999999999982 15320.24938009 -370.10978581 -0.00000000
7.349999999999982 15459.45301358 -375.14490692 -0.00000000
7.399999999999982 15600.68287078 -378.56218204 -0.00000000
7.4499999999999815 15848.08040113 -382.24737157 -0.00000000
7.499999999999981 16016.63395657 -381.97331584 -0.00000000
7.549999999999981 16120.67853986 -378.74546158 -0.00000000
7.599999999999981 16188.70169029 -374.26984312 -0.00000000
7.649999999999981 16269.21345943 -369.24627663 -0.00000000
7.699999999999981 16353.36911913 -367.90903309 -0.00000000
7.7499999999999805 16451.54035148 -370.71756970 -0.00000000
7.79999999999998 16559.41319575 -376.93989896 -0.00000000
7.84999999999998 16671.09578740 -384.96952963 -0.00000000
7.89999999999998 16784.28397284 -393.07872758 -0.00000000
7.94999999999998 16900.91675232 -399.85504830 -0.00000000
7.99999999999998 17024.29572410 -404.37663964 -0.00000000
8.04999999999998 17156.05489403 -406.19083712 -0.00000000
8.09999999999998 17261.91120609 -405.21945994 -0.00000000
8.14999999999998 17393.84706253 -402.40955271 -0.00000000
8.199999999999982 17545.91036690 -398.16141923 -0.00000000
8.249999999999982 17706.10560326 -392.91858007 -0.00000000
8.299999999999983 17798.46906332 -389.42913625 -0.00000000
8.349999999999984 17917.45493754 -385.19461409 -0.00000000
8.399999999999984 18062.56213177 -380.39881250 -0.00000000
8.449999999999985 18227.93271690 -375.26161794 -0.00000000
8.499999999999986 18404.47249277 -370.04399972 -0.00000000
8.549999999999986 18581.84523873 -364.97822268 -0.00000000
8.599999999999987 18751.05613716 -360.20979399 -0.00000000
8.649999999999988 18906.31499706 -355.77829409 -0.00000000
8.699999999999989 19045.98176323 -351.62987407 -0.00000000
8.74999999999999 19172.42428429 -347.65393286 -0.00000000
8.79999999999999 19290.96181570 -343.72441376 -0.00000000
8.84999999999999 19408.27620975 -339.72830750 -0.00000000
8.899999999999991 19530.74915748 -335.57229590 -0.00000000
8.949999999999992 19663.12748828 -331.17111168 -0.00000000
8.999999999999993 19807.77278225 -326.42762091 -0.00000000
9.049999999999994 19964.56662875 -321.21737722 -0.00000000
9.099999999999994 20131.37373587 -315.38729000 -0.00000000
9.149999999999995 20304.85682539 -308.77127709 -0.00000000
9.199999999999996 20481.40161277 -301.21922838 -0.00000000
9.249999999999996 20657.94138185 -292.63158286 -0.00000000
9.299999999999997 20832.53108687 -282.99077044 -0.00000000
9.349999999999998 21004.54605919 -272.37789824 -0.00000000
9.399999999999999 21174.40467290 -260.95661568 -0.00000000
9.45 21343.00117607 -248.92328206 -0.00000000
9.5 21511.28725032 -236.45751008 -0.00000000
9.55 21680.10862876 -223.69421048 -0.00000000
9.600000000000001 21850.15240935 -210.71335694 -0.00000000
9.650000000000002 22021.92791423 -197.54311743 -0.00000000
9.700000000000003 22195.77384644 -184.17329670 -0.00000000
9.750000000000004 22371.89390427 -170.57579802 -0.00000000
9.800000000000004 22550.39273583 -156.71901448 -0.00000000
9.850000000000005 22731.17223861 -142.52233883 -0.00000000
9.900000000000006 22913.17224647 -127.53865169 -0.00000000
9.950000000000006 23094.76647644 -111.11124134 -0.00000000
10.000000000000007 23275.92844622 -93.32401497 -0.00000000
10.050000000000008 22665.53345268 -57.24621255 -0.00000000
10.100000000000009 21463.79599588 -12.61573996 -0.00000000
10.15000000000001 19914.20296578 25.78380898 -0.00000000
10.20000000000001 18269.04844330 36.29153225 -0.00000000
10.25000000000001 16741.89833652 5.40022149 -0.00000000
10.300000000000011 15489.96602471 -62.94284742 -0.00000000
10.350000000000012 14597.60179213 -134.26153790 -0.00000000
10.400000000000013 14092.70132417 -167.89605460 -0.00000000
10.450000000000014 13950.14619307 -154.41544454 -0.00000000
10.500000000000014 14130.17995909 -96.98777482 -0.00000000
10.550000000000015 14591.09802584 12.48171708 -0.00000000
10.600000000000016 15278.36428082 151.57624800 -0.00000000
10.650000000000016 16112.99079244 297.73951975 -0.00000000
10.700000000000017 17025.54672181 398.48178619 -0.00000000
10.750000000000018 17937.31688547 431.84572133 -0.00000000
10.800000000000018 18761.23203487 408.03371591 -0.00000000
10.85000000000002 19425.19654068 347.27843211 -0.00000000
10.90000000000002 19880.32783251 273.66061131 -0.00000000
10.95000000000002 20103.02434687 207.62370355 -0.00000000
11.000000000000021 20095.77120698 161.89377028 -0.00000000
11.050000000000022 19880.47642203 132.72867599 -0.00000000
11.100000000000023 19504.65681011 123.07202482 -0.00000000
11.150000000000023 19030.17208701 136.24824502 -0.00000000
11.200000000000024 18523.21360401 158.57324644 -0.00000000
11.250000000000025 18048.70132776 182.64775787 -0.00000000
11.300000000000026 17660.67379776 214.00951882 -0.00000000
11.350000000000026 17395.23819514 258.93088017 -0.00000000
11.400000000000027 17270.00831675 309.17784277 -0.00000000
11.450000000000028 17287.99288351 357.08098604 -0.00000000
11.500000000000028 17437.72001184 400.17438974 -0.00000000
11.55000000000003 17694.51673868 433.65684058 -0.00000000
11.60000000000003 18025.34967688 457.58214477 -0.00000000
11.65000000000003 18396.25621965 468.68560341 -0.00000000
11.700000000000031 18770.06772501 472.78301398 -0.00000000
11.750000000000032 19120.56965925 464.40445311 -0.00000000
11.800000000000033 19418.96983096 456.91930889 -0.00000000
11.850000000000033 19644.65054546 457.96179330 -0.00000000
11.900000000000034 19785.85683513 470.60846588 -0.00000000
11.950000000000035 19839.98310232 494.32658494 -0.00000000
12.000000000000036 19813.09165108 526.08413885 -0.00000000
12.050000000000036 19718.85750446 561.74951809 -0.00000000
12.100000000000037 19577.19328962 597.75071739 -0.00000000
12.150000000000038 19411.76989905 631.78015187 -0.00000000
12.200000000000038 19242.45558310 663.46844219 -0.00000000
12.250000000000039 19084.26359891 692.75178210 -0.00000000
12.30000000000004 18956.08109793 714.81354132 -0.00000000
12.35000000000004 18873.14522679 728.81953998 -0.00000000
12.400000000000041 18844.37185925 738.05170421 -0.00000000
12.450000000000042 18871.57354097 747.04011092 -0.00000000
12.500000000000043 18950.10221240 759.01010173 -0.00000000
12.550000000000043 19069.80021236 776.32029212 -0.00000000
12.600000000000044 19220.27270145 789.41543339 -0.00000000
12.650000000000045 19381.76261784 800.27051541 -0.00000000
12.700000000000045 19535.89509834 810.91616015 -0.00000000
12.750000000000046 19669.02732252 822.56742427 -0.00000000
12.800000000000047 19771.66368614 839.06723284 -0.00000000
12.850000000000048 19837.81449215 876.80468826 -0.00000000
12.900000000000048 19866.05912569 923.65581167 -0.00000000
12.950000000000049 19855.57273307 967.76109392 -0.00000000
13.00000000000005 19814.50563141 1007.81616402 -0.00000000
13.05000000000005 19754.18075378 1044.42533810 -0.00000000
13.100000000000051 19686.62958855 1079.70815103 -0.00000000
13.150000000000052 19621.53718673 1116.78310311 -0.00000000
13.200000000000053 19566.85377013 1155.95280654 -0.00000000
13.250000000000053 19528.86226441 1192.90593452 -0.00000000
13.300000000000054 19510.40161191 1223.20439200 -0.00000000
13.350000000000055 19511.19599149 1244.35977402 -0.00000000
13.400000000000055 19528.80683606 1256.69468208 -0.00000000
13.450000000000056 19559.42233155 1262.08105665 -0.00000000
13.500000000000057 19598.58732037 1263.14994905 -0.00000000
13.550000000000058 19638.37374495 1267.07952714 -0.00000000
13.600000000000058 19673.59875138 1277.84290764 -0.00000000
13.650000000000059 19702.83831188 1295.09687087 -0.00000000
13.70000000000006 19725.47987306 1317.18725291 -0.00000000
13.75000000000006 19760.93757193 1361.89255519 -0.00000000
13.800000000000061 19788.79639585 1394.98592268 -0.00000000
13.850000000000062 19802.88548727 1414.22604709 -0.00000000
13.900000000000063 19797.61415019 1422.68930600 -0.00000000
13.950000000000063 19768.42859296 1430.66717291 -0.00000000
14.000000000000064 19718.74594839 1444.23162967 -0.00000000
14.050000000000065 19659.65276143 1460.56910491 -0.00000000
14.100000000000065 19603.01116118 1475.90210227 -0.00000000
14.150000000000066 19557.79342969 1488.28587193 -0.00000000
14.200000000000067 19528.43269828 1497.91620207 -0.00000000
14.250000000000068 19514.71572008 1506.17709179 -0.00000000
14.300000000000068 19512.76045543 1514.40315802 -0.00000000
14.350000000000069 19516.55998028 1523.05607922 -0.00000000
14.40000000000007 19519.61988327 1531.58170725 -0.00000000
14.45000000000007 19516.34262690 1538.82402898 -0.00000000
14.500000000000071 19502.96032944 1543.65836597 -0.00000000
14.550000000000072 19477.94837529 1545.50414314 -0.00000000
14.600000000000072 19441.94244961 1544.52257109 -0.00000000
14.650000000000073 19397.25703429 1541.48916522 -0.00000000
14.700000000000074 19347.13621728 1537.46145159 -0.00000000
14.750000000000075 19318.62819494 1535.38901219 -0.00000000
14.800000000000075 19280.30137108 1532.89775788 -0.00000000
14.850000000000076 19231.57174665 1529.93582329 -0.00000000
14.900000000000077 19173.33797293 1526.56456128 -0.00000000
14.950000000000077 19108.14358830 1522.99247109 -0.00000000
15.000000000000078 19039.81493485 1519.51506474 -0.00000000
15.050000000000079 18972.58221828 1516.34012768 -0.00000000
15.10000000000008 18910.18254409 1513.44855184 -0.00000000
15.15000000000008 18855.20190114 1510.56608392 -0.00000000
15.200000000000081 18808.74059016 1507.22718186 -0.00000000
15.250000000000082 18770.38695390 1502.88335788 -0.00000000
15.300000000000082 18738.45249386 1497.01541810 -0.00000000
15.350000000000083 18710.39610571 1489.22429525 -0.00000000
15.400000000000084 18683.33068333 1479.28740311 -0.00000000
15.450000000000085 18654.50033092 1467.17995985 -0.00000000
15.500000000000085 18621.64500121 1453.07342144 -0.00000000
15.550000000000086 18583.21062868 1437.32571571 -0.00000000
15.600000000000087 18538.42389658 1420.44971229 -0.00000000
15.650000000000087 18487.33099778 1402.99399017 -0.00000000
15.700000000000088 18430.93399384 1385.35521795 -0.00000000
15.750000000000089 18371.36587365 1367.70927168 -0.00000000
15.80000000000009 18310.64658792 1350.03282004 -0.00000000
15.85000000000009 18250.68967881 1332.20588345 -0.00000000
15.900000000000091 18193.16760908 1314.09412078 -0.00000000
15.950000000000092 18139.31210469 1295.59324174 -0.00000000
16.000000000000092 18089.78957898 1276.64582133 -0.00000000
16.050000000000093 18044.65428420 1257.24504313 -0.00000000
16.100000000000094 18003.38308694 1237.43305011 -0.00000000
16.150000000000095 17965.06715396 1217.27437494 -0.00000000
16.200000000000095 17928.69557463 1196.81501861 -0.00000000
16.250000000000096 17893.31188255 1176.07939377 -0.00000000
16.300000000000097 17858.09984581 1155.08456865 -0.00000000
16.350000000000097 17822.45474842 1133.85053563 -0.00000000
16.400000000000098 17786.02628569 1112.40645626 -0.00000000
16.4500000000001 17748.72584135 1090.79261328 -0.00000000
16.5000000000001 17710.70903809 1069.05835922 -0.00000000
16.5500000000001 17672.34130509 1047.25555753 -0.00000000
16.6000000000001 17634.14277685 1025.43047051 -0.00000000
16.6500000000001 17596.70750735 1003.61737895 -0.00000000
16.700000000000102 17560.61216486 981.83538203 -0.00000000
16.750000000000103 17526.33500967 960.08736825 -0.00000000
16.800000000000104 17494.22947604 938.33761454 -0.00000000
16.850000000000104 17464.59161166 916.44298770 -0.00000000
16.900000000000105 17437.37342299 894.35961099 -0.00000000
16.950000000000106 17412.36784454 872.04959699 -0.00000000
17.000000000000107 17389.26362274 849.48638651 -0.00000000
17.050000000000107 17367.69979728 826.66377202 -0.00000000
17.100000000000108 17347.31607202 803.60235945 -0.00000000
17.15000000000011 17327.79548019 780.34982814 -0.00000000
17.20000000000011 17308.89611259 756.97260985 -0.00000000
17.25000000000011 17290.46642918 733.54268395 -0.00000000
17.30000000000011 17272.44246927 710.12428310 -0.00000000
17.35000000000011 17254.83254000 686.76340642 -0.00000000
17.400000000000112 17237.69213529 663.47843005 -0.00000000
17.450000000000113 17221.08878804 640.24810953 -0.00000000
17.500000000000114 17205.08733109 617.01724906 -0.00000000
17.550000000000114 17189.77219890 593.73435773 -0.00000000
17.600000000000115 17175.23166386 570.36377118 -0.00000000
17.650000000000116 17161.53122708 546.88542613 -0.00000000
17.700000000000117 17148.70073104 523.29724645 -0.00000000
17.750000000000117 17136.73105937 499.61647626 -0.00000000
17.800000000000118 17125.57731437 475.87823742 -0.00000000
17.85000000000012 17115.16663962 452.13078474 -0.00000000
17.90000000000012 17105.40878948 428.42868358 -0.00000000
17.95000000000012 17096.20619091 404.82472598 -0.00000000
18.00000000000012 17087.46311763 381.36195805 -0.00000000
18.05000000000012 17079.09430821 358.06691702 -0.00000000
18.100000000000122 17071.03178929 334.94552301 -0.00000000
18.150000000000123 17063.22747945 311.98260675 -0.00000000
18.200000000000124 17055.65150873 289.14670384 -0.00000000
18.250000000000124 17044.97952067 249.52631325 -0.00000000
18.300000000000125 17038.10534206 221.42307860 -0.00000000
18.350000000000126 17034.11137167 202.25442205 -0.00000000
18.400000000000126 17032.72664229 187.18532072 -0.00000000
18.450000000000127 17033.25045275 171.64558856 -0.00000000
18.500000000000128 17035.72903961 146.79209193 -0.00000000
18.55000000000013 17034.35975499 121.94790796 -0.00000000
18.60000000000013 17027.59368904 97.49362724 -0.00000000
18.65000000000013 17016.82932720 73.32561257 -0.00000000
18.70000000000013 17004.71091104 49.41351527 -0.00000000
18.75000000000013 16993.80918314 25.57087146 -0.00000000
18.800000000000132 16985.35759267 1.68822322 -0.00000000
18.850000000000133 16978.44133070 -22.01715304 -0.00000000
18.900000000000134 16972.79923360 -45.63798589 -0.00000000
18.950000000000134 16967.87611289 -69.25071180 -0.00000000
19.000000000000135 16962.90903890 -92.83375775 -0.00000000
19.050000000000136 16957.16924430 -116.26210837 -0.00000000
19.100000000000136 16950.23613269 -139.40772407 -0.00000000
19.150000000000137 16941.97013254 -162.27971732 -0.00000000
19.200000000000138 16932.62486221 -185.02581411 -0.00000000
19.25000000000014 16922.78517326 -207.80499646 -0.00000000
19.30000000000014 16913.19058117 -230.60969789 -0.00000000
19.35000000000014 16903.86029710 -253.40435082 -0.00000000
19.40000000000014 16894.62779656 -276.10631771 -0.00000000
19.45000000000014 16885.28460567 -298.63525298 -0.00000000
19.500000000000142 16875.65567246 -320.94852144 -0.00000000
19.550000000000143 16865.64180863 -343.05069042 -0.00000000
19.600000000000144 16855.18443763 -364.97577257 -0.00000000
19.650000000000144 16844.36424794 -386.53582877 -0.00000000
19.700000000000145 16833.20903714 -407.55659556 -0.00000000
19.750000000000146 16821.63312323 -428.01663289 -0.00000000
19.800000000000146 16809.55468309 -447.97659991 -0.00000000
19.850000000000147 16796.88397571 -467.58673061 -0.00000000
19.900000000000148 16783.72207492 -487.05372180 -0.00000000
19.95000000000015 16770.59030474 -506.67455928 -0.00000000
20.00000000000015 16757.95520231 -526.62742752 -0.00000000
20.05000000000015 16745.95422046 -546.88443797 -0.00000000
20.10000000000015 16734.38804597 -567.25728191 -0.00000000
20.15000000000015 16722.88185475 -587.49446883 -0.00000000
20.200000000000152 16711.06487554 -607.37325013 -0.00000000
20.250000000000153 16698.57586480 -626.72909562 -0.00000000
20.300000000000153 16685.30316066 -645.52719378 -0.00000000
20.350000000000154 16671.64806282 -663.92407660 -0.00000000
20.400000000000155 16658.05430106 -682.13454476 -0.00000000
20.450000000000156 16644.74758002 -700.33952879 -0.00000000
20.500000000000156 16631.69273268 -718.63355813 -0.00000000
20.550000000000157 16618.69123204 -737.01110069 -0.00000000
20.600000000000158 16605.53102260 -755.38934938 -0.00000000
20.65000000000016 16592.10129499 -773.65307297 -0.00000000
20.70000000000016 16578.42602377 -791.70190338 -0.00000000
20.75000000000016 16564.62393827 -809.48314023 -0.00000000
20.80000000000016 16550.83548970 -827.00152073 -0.00000000
20.85000000000016 16537.16155054 -844.30710785 -0.00000000
20.900000000000162 16523.65390861 -861.46692337 -0.00000000
20.950000000000163 16510.43644680 -878.51332999 -0.00000000
21.000000000000163 16497.57959534 -895.44178438 -0.00000000
21.050000000000164 16484.81883765 -912.27576594 -0.00000000
21.100000000000165 16471.86805548 -929.07455731 -0.00000000
21.150000000000166 16458.60657510 -945.93765463 -0.00000000
21.200000000000166 16445.08337779 -963.01120149 -0.00000000
21.250000000000167 16431.42160222 -980.48021041 -0.00000000
21.300000000000168 16417.70928527 -998.52955791 -0.00000000
21.35000000000017 16403.97190121 -1017.25932147 -0.00000000
21.40000000000017 16390.22088908 -1036.61042170 -0.00000000
21.45000000000017 16376.63970705 -1056.25884902 -0.00000000
21.50000000000017 16363.70597074 -1075.59245758 -0.00000000
21.55000000000017 16353.08205725 -1093.09879624 -0.00000000
21.600000000000172 16346.70783038 -1107.10963174 -0.00000000
21.650000000000173 16342.65243281 -1118.96070558 -0.00000000
21.700000000000173 16338.09083519 -1130.79693463 -0.00000000
21.750000000000174 16331.17177005 -1144.10885471 -0.00000000
21.800000000000175 16321.43850774 -1159.37729102 -0.00000000
21.850000000000176 16309.57709198 -1176.26807090 -0.00000000
21.900000000000176 16296.91980741 -1194.01457586 -0.00000000
21.950000000000177 16284.83866249 -1211.82032483 -0.00000000
22.000000000000178 16274.26124517 -1229.14771904 -0.00000000
22.05000000000018 16265.46840662 -1245.82457484 -0.00000000
22.10000000000018 16258.17260946 -1261.98492775 -0.00000000
22.15000000000018 16251.77021003 -1277.91620507 -0.00000000
22.20000000000018 16245.64002866 -1293.89723118 -0.00000000
22.25000000000018 16239.37534180 -1310.09007352 -0.00000000
22.300000000000182 16232.87236356 -1326.51100398 -0.00000000
22.350000000000183 16226.27728161 -1343.06592461 -0.00000000
22.400000000000183 16219.86462892 -1359.61402618 -0.00000000
22.450000000000184 16213.89572684 -1376.03464591 -0.00000000
22.500000000000185 16208.51449917 -1392.26932227 -0.00000000
22.550000000000185 16203.75138221 -1408.31462069 -0.00000000
22.600000000000186 16199.62685060 -1424.16921027 -0.00000000
22.650000000000187 16196.05750024 -1439.84846524 -0.00000000
22.700000000000188 16192.86716254 -1455.39564326 -0.00000000
22.75000000000019 16189.90566153 -1470.86950617 -0.00000000
22.80000000000019 16187.07734915 -1486.34699051 -0.00000000
22.85000000000019 16184.32804435 -1501.92080772 -0.00000000
22.90000000000019 16182.46257388 -1513.47892056 -0.00000000
22.95000000000019 16180.89607519 -1527.50040016 -0.00000000
23.000000000000192 16179.14427072 -1544.13726175 -0.00000000
23.050000000000193 16177.68404580 -1554.62829409 -0.00000000
23.100000000000193 16176.02141540 -1568.34750480 -0.00000000
23.150000000000194 16173.93144444 -1585.50396871 -0.00000000
23.200000000000195 16171.16320378 -1605.56139671 -0.00000000
23.250000000000195 16167.54235260 -1627.61287471 -0.00000000
23.300000000000196 16163.07349595 -1650.56453903 -0.00000000
23.350000000000197 16158.00732282 -1673.35710410 -0.00000000
23.400000000000198 16152.78928705 -1695.11630471 -0.00000000
23.4500000000002 16147.98232617 -1715.25750896 -0.00000000
23.5000000000002 16144.17044000 -1733.52366283 -0.00000000
23.5500000000002 16141.83596794 -1749.95448623 -0.00000000
23.6000000000002 16141.27276450 -1764.82744274 -0.00000000
23.6500000000002 16142.53206224 -1778.57532815 -0.00000000
23.700000000000202 16145.40687711 -1791.69901222 -0.00000000
23.750000000000203 16149.44793170 -1804.68986951 -0.00000000
23.800000000000203 16154.06904975 -1817.96726837 -0.00000000
23.850000000000204 16158.71161659 -1831.83210452 -0.00000000
23.900000000000205 16162.90853885 -1846.44658510 -0.00000000
23.950000000000205 16169.60748075 -1873.79150832 -0.00000000
24.000000000000206 16171.96485956 -1894.80179301 -0.00000000
24.050000000000207 16170.96885706 -1909.56756113 -0.00000000
24.100000000000207 16168.05807670 -1923.68893967 -0.00000000
24.150000000000208 16166.60929511 -1932.35735696 -0.00000000
24.20000000000021 16168.27636882 -1939.84442640 -0.00000000
24.25000000000021 16172.70542969 -1949.41766540 -0.00000000
24.30000000000021 16178.06738532 -1962.40178723 -0.00000000
24.35000000000021 16182.56441019 -1978.37494471 -0.00000000
24.40000000000021 16185.42857089 -1995.71200815 -0.00000000
24.450000000000212 16187.12337494 -2012.43352597 -0.00000000
24.500000000000213 16188.76025687 -2027.02773310 -0.00000000
24.550000000000214 16191.23776978 -2039.00855295 -0.00000000
24.600000000000215 16194.74895276 -2048.93248816 -0.00000000
24.650000000000215 16198.86449104 -2057.92370034 -0.00000000
24.700000000000216 16202.92109399 -2067.07198270 -0.00000000
24.750000000000217 16206.41620242 -2077.01618002 -0.00000000
24.800000000000217 16209.22837277 -2087.82060302 -0.00000000
24.850000000000218 16211.60950316 -2099.09513249 -0.00000000
24.90000000000022 16214.00589239 -2110.24073795 -0.00000000
24.95000000000022 16216.81846858 -2120.70376765 -0.00000000
25.00000000000022 16220.13707219 -2130.22915550 -0.00000000
25.05000000000022 16223.27127018 -2139.23273407 -0.00000000
25.10000000000022 16224.77114789 -2148.68049764 -0.00000000
25.150000000000222 16224.83185617 -2158.34107340 -0.00000000
25.200000000000223 16224.83855231 -2167.28374346 -0.00000000
25.250000000000224 16226.06421927 -2174.82285369 -0.00000000
25.300000000000225 16228.95573690 -2180.73215058 -0.00000000
25.350000000000225 16233.15142881 -2185.25121391 -0.00000000
25.400000000000226 16237.85346994 -2188.85362067 -0.00000000
25.450000000000227 16242.29453476 -2191.98207546 -0.00000000
25.500000000000227 16246.01256120 -2194.90524464 -0.00000000
25.550000000000228 16248.92881779 -2197.67367134 -0.00000000
25.60000000000023 16251.25020559 -2200.15733375 -0.00000000
25.65000000000023 16253.30012708 -2202.11897869 -0.00000000
25.70000000000023 16255.40933904 -2203.29603227 -0.00000000
25.75000000000023 16257.86131049 -2203.46810207 -0.00000000
25.80000000000023 16260.74927894 -2202.56825140 -0.00000000
25.850000000000232 16263.84788242 -2200.74931383 -0.00000000
25.900000000000233 16266.79331983 -2198.24949683 -0.00000000
25.950000000000234 16269.31445284 -2195.24611957 -0.00000000
26.000000000000234 16271.33604757 -2191.79175720 -0.00000000
26.050000000000235 16272.96122618 -2187.82125725 -0.00000000
26.100000000000236 16274.38370181 -2183.19887101 -0.00000000
26.150000000000237 16275.78866672 -2177.77555318 -0.00000000
26.200000000000237 16277.28581894 -2171.43398075 -0.00000000
26.250000000000238 16278.89064832 -2164.11045394 -0.00000000
26.30000000000024 16280.54569469 -2155.79508215 -0.00000000
26.35000000000024 16282.16203097 -2146.51855282 -0.00000000
26.40000000000024 16283.65998173 -2136.33366620 -0.00000000
26.45000000000024 16284.99467677 -2125.29799357 -0.00000000
26.50000000000024 16286.16165813 -2113.46136784 -0.00000000
26.550000000000242 16287.18694064 -2100.85865779 -0.00000000
26.600000000000243 16288.11004336 -2087.50625708 -0.00000000
26.650000000000244 16288.96787256 -2073.40085895 -0.00000000
26.700000000000244 16289.76825830 -2058.52333033 -0.00000000
26.750000000000245 16289.52217012 -2043.06713755 -0.00000000
26.800000000000246 16288.08086260 -2026.90035564 -0.00000000
26.850000000000247 16286.27718954 -2009.67770718 -0.00000000
26.900000000000247 16284.79191473 -1991.25982034 -0.00000000
26.950000000000248 16283.92482581 -1971.72419737 -0.00000000
27.00000000000025 16283.60201408 -1951.28428961 -0.00000000
27.05000000000025 16283.54134559 -1930.15714175 -0.00000000
27.10000000000025 16283.45568412 -1908.45156839 -0.00000000
27.15000000000025 16283.19133007 -1886.12727479 -0.00000000
27.20000000000025 16282.75157094 -1863.03671592 -0.00000000
27.250000000000252 16282.22074861 -1839.02277039 -0.00000000
27.300000000000253 16281.66857132 -1814.01347685 -0.00000000
27.350000000000254 16281.11033858 -1788.06238024 -0.00000000
27.400000000000254 16280.48692332 -1761.31652115 -0.00000000
27.450000000000255 16279.70236280 -1733.93752680 -0.00000000
27.500000000000256 16278.72628447 -1706.00976230 -0.00000000
27.550000000000257 16277.69994010 -1677.39828075 -0.00000000
27.600000000000257 16276.78426575 -1647.87793708 -0.00000000
27.650000000000258 16276.03901749 -1617.26207547 -0.00000000
27.70000000000026 16275.19806700 -1585.62614159 -0.00000000
27.75000000000026 16274.08916948 -1553.15868216 -0.00000000
27.80000000000026 16272.69139787 -1520.11539149 -0.00000000
27.85000000000026 16271.06427428 -1486.76907649 -0.00000000
27.90000000000026 16269.24728034 -1453.34445287 -0.00000000
27.950000000000262 16267.21371361 -1419.96725367 -0.00000000
28.000000000000263 16264.99865365 -1386.52015547 -0.00000000
28.050000000000264 16262.76527786 -1352.60244302 -0.00000000
28.100000000000264 16260.64835477 -1317.69925290 -0.00000000
28.150000000000265 16258.71559022 -1281.43553078 -0.00000000
28.200000000000266 16256.94766201 -1243.73038283 -0.00000000
28.250000000000266 16255.21995999 -1204.78359838 -0.00000000
28.300000000000267 16253.37122009 -1164.96081744 -0.00000000
28.350000000000268 16251.26314311 -1124.64918532 -0.00000000
28.40000000000027 16248.81472216 -1084.14126153 -0.00000000
28.45000000000027 16246.03511185 -1043.56256417 -0.00000000
28.50000000000027 16242.99981493 -1002.89118575 -0.00000000
28.55000000000027 16239.82688802 -961.99623414 -0.00000000
28.60000000000027 16236.61672498 -920.70514625 -0.00000000
28.650000000000272 16234.64508903 -889.87724423 -0.00000000
28.700000000000273 16232.89336689 -852.65245639 -0.00000000
28.750000000000274 16230.90975592 -809.21658326 -0.00000000
28.800000000000274 16229.73316889 -782.50735113 -0.00000000
28.850000000000275 16228.61058317 -748.85450990 -0.00000000
28.900000000000276 16227.28237634 -707.94374266 -0.00000000
28.950000000000276 16225.37201985 -660.72181239 -0.00000000
29.000000000000277 16222.46309072 -608.82398930 -0.00000000
29.050000000000278 16218.21896430 -554.23510948 -0.00000000
29.10000000000028 16212.46606814 -498.85140364 -0.00000000
29.15000000000028 16205.22300583 -444.19920593 -0.00000000
29.20000000000028 16196.70146618 -391.26959087 -0.00000000
29.25000000000028 16187.26436775 -340.48901716 -0.00000000
29.30000000000028 16177.35683627 -291.79507631 -0.00000000
29.350000000000282 16167.42923826 -244.77418355 -0.00000000
29.400000000000283 16157.87151065 -198.81641678 -0.00000000
29.450000000000284 16148.98112011 -153.24637473 -0.00000000
29.500000000000284 16140.88571131 -107.44683005 -0.00000000
29.550000000000285 16133.51294268 -60.93950820 -0.00000000
29.600000000000286 16126.68027228 -13.42983748 -0.00000000
29.650000000000286 16120.17414141 35.18399803 -0.00000000
29.700000000000287 16113.78271657 84.86435382 -0.00000000
29.750000000000288 16107.30982547 135.49396915 -0.00000000
29.80000000000029 16100.58427240 186.92244369 -0.00000000
29.85000000000029 16093.46600706 238.99805227 -0.00000000
29.90000000000029 16085.85868238 291.58963390 -0.00000000
29.95000000000029 16077.71385412 344.59195760 -0.00000000
30.00000000000029 16069.03277143 397.92494706 -0.00000000
30.050000000000292 16059.87480706 451.53857371 -0.00000000
30.100000000000293 16050.35079820 505.40246060 -0.00000000
30.150000000000293 16040.60130625 559.49487391 -0.00000000
30.200000000000294 16030.77453693 613.80123348 -0.00000000
30.250000000000295 16021.01746291 668.31440697 -0.00000000
30.300000000000296 16011.46884980 723.03586223 -0.00000000
30.350000000000296 15993.21723671 822.10217691 -0.00000000
30.400000000000297 15976.18293832 899.07972320 -0.00000000
30.450000000000298 15961.98889545 955.35222678 -0.00000000
30.5000000000003 15952.23947965 997.29890123 -0.00000000
30.5500000000003 15947.56452045 1033.04068551 -0.00000000
30.6000000000003 15947.26760841 1069.83722577 -0.00000000
30.6500000000003 15949.58266532 1112.42347140 -0.00000000
30.7000000000003 15952.30229069 1162.61814648 -0.00000000
30.750000000000302 15953.46787514 1219.83420267 -0.00000000
30.800000000000303 15951.86813754 1282.03649735 -0.00000000
30.850000000000303 15947.22460453 1346.73132631 -0.00000000
30.900000000000304 15936.42670973 1436.05291931 -0.00000000
30.950000000000305 15923.80969325 1507.20382827 -0.00000000
31.000000000000306 15912.83911673 1563.20345641 -0.00000000
31.050000000000306 15905.98234560 1611.40809436 -0.00000000
31.100000000000307 15903.75852877 1658.66960601 -0.00000000
31.150000000000308 15904.86593484 1696.16156693 -0.00000000
31.20000000000031 15907.88864515 1743.97288377 -0.00000000
31.25000000000031 15911.43870071 1802.05887456 -0.00000000
31.30000000000031 15914.13258622 1867.42659047 -0.00000000
31.35000000000031 15915.11228207 1936.52186220 -0.00000000
31.40000000000031 15914.29535676 2005.94518590 -0.00000000
31.450000000000312 15912.16429041 2073.39087934 -0.00000000
31.500000000000313 15909.48500541 2137.84357849 -0.00000000
31.550000000000313 15907.44707862 2199.30059667 -0.00000000
31.600000000000314 15906.70574811 2258.44758607 -0.00000000
31.650000000000315 15907.62196493 2316.26292808 -0.00000000
31.700000000000315 15910.30223331 2373.70361160 -0.00000000
31.750000000000316 15914.61170710 2431.50407001 -0.00000000
31.800000000000317 15917.76284589 2464.52440634 -0.00000000
31.850000000000318 15922.80475199 2505.07011664 -0.00000000
31.90000000000032 15929.65303812 2554.74596687 -0.00000000
31.95000000000032 15937.99186967 2613.29294104 -0.00000000
32.00000000000032 15947.31898322 2679.28373526 -0.00000000
32.05000000000032 15957.06281334 2750.47145901 -0.00000000
32.100000000000314 15966.70125672 2824.34678539 -0.00000000
32.15000000000031 15975.84996267 2898.57097191 -0.00000000
32.20000000000031 15984.31379205 2971.28396999 -0.00000000
32.250000000000306 15992.09805317 3041.25876058 -0.00000000
32.3000000000003 15999.38173826 3107.91597752 -0.00000000
32.3500000000003 16006.46576008 3171.23635566 -0.00000000
32.4000000000003 16013.70062541 3231.61918719 -0.00000000
32.450000000000294 16021.42686427 3289.71908963 -0.00000000
32.50000000000029 16029.94250239 3346.29358775 -0.00000000
32.55000000000029 16039.46081605 3402.08127030 -0.00000000
32.600000000000286 16050.04035545 3457.69859769 -0.00000000
32.65000000000028 16061.72593509 3513.67457651 -0.00000000
32.70000000000028 16074.51952984 3570.38926766 -0.00000000
32.75000000000028 16088.22324556 3627.97728595 -0.00000000
32.800000000000274 16100.47049585 3685.34789242 -0.00000000
32.85000000000027 16110.65813340 3742.45621280 -0.00000000
32.90000000000027 16119.44725764 3799.87643084 -0.00000000
32.950000000000266 16127.35301445 3857.99687341 -0.00000000
33.00000000000026 16135.15134587 3917.06249786 -0.00000000
33.05000000000026 16143.55406547 3977.13108699 -0.00000000
33.10000000000026 16153.09575669 4038.07408196 -0.00000000
33.150000000000254 16164.09475668 4099.62246815 -0.00000000
33.20000000000025 16176.65174243 4161.42836027 -0.00000000
33.25000000000025 16190.67726832 4223.11953740 -0.00000000
33.300000000000246 16205.94197249 4284.35067520 -0.00000000
33.35000000000024 16222.12706677 4344.84765636 -0.00000000
33.40000000000024 16238.89121902 4404.43845655 -0.00000000
33.45000000000024 16256.08764968 4463.03430182 -0.00000000
33.500000000000234 16273.50158533 4520.62651932 -0.00000000
33.55000000000023 16290.82514054 4577.32916766 -0.00000000
33.60000000000023 16307.85286446 4633.37489871 -0.00000000
33.650000000000226 16324.49409661 4689.07035213 -0.00000000
33.70000000000022 16340.71848643 4744.71291783 -0.00000000
33.75000000000022 16356.49153975 4800.50876335 -0.00000000
33.80000000000022 16371.76172659 4856.54353850 -0.00000000
33.850000000000215 16386.48622175 4912.80085646 -0.00000000
33.90000000000021 16400.65996638 4969.20051506 -0.00000000
33.95000000000021 16414.33502324 5025.63816972 -0.00000000
34.000000000000206 16427.63099364 5082.01677838 -0.00000000
34.0500000000002 16440.72919198 5138.26520053 -0.00000000
34.1000000000002 16453.84306833 5194.34726467 -0.00000000
34.1500000000002 16467.20168411 5250.26306291 -0.00000000
34.200000000000195 16480.99045984 5306.01179459 -0.00000000
34.25000000000019 16494.62680171 5361.20435912 -0.00000000
34.30000000000019 16506.63650014 5415.00248495 -0.00000000
34.350000000000186 16517.42735257 5467.60620264 -0.00000000
34.40000000000018 16527.76831289 5519.42769221 -0.00000000
34.45000000000018 16538.46778010 5570.86825867 -0.00000000
34.50000000000018 16550.26040258 5622.24517927 -0.00000000
34.550000000000175 16563.71943468 5673.76089999 -0.00000000
34.60000000000017 16579.20224471 5725.50313581 -0.00000000
34.65000000000017 16596.82367769 5777.46644431 -0.00000000
34.700000000000166 16616.45959741 5829.58367384 -0.00000000
34.75000000000016 16637.78042816 5881.75917872 -0.00000000
34.80000000000016 16660.30513318 5933.89388797 -0.00000000
34.85000000000016 16683.45583089 5985.89533261 -0.00000000
34.900000000000155 16706.61870802 6037.67275001 -0.00000000
34.95000000000015 16729.21004770 6089.12302713 -0.00000000
35.00000000000015 16750.73145886 6140.11632006 -0.00000000
35.050000000000146 16770.80779349 6190.48993776 -0.00000000
35.10000000000014 16789.20044345 6240.05614917 -0.00000000
35.15000000000014 16805.79326036 6288.62315975 -0.00000000
35.20000000000014 16820.55608238 6336.02330300 -0.00000000
35.250000000000135 16833.49882720 6382.13445163 -0.00000000
35.30000000000013 16844.63522639 6426.89204799 -0.00000000
35.35000000000013 16853.99310475 6470.28271909 -0.00000000
35.40000000000013 16861.76643890 6512.34911257 -0.00000000
35.450000000000124 16868.37645695 6553.17515793 -0.00000000
35.50000000000012 16874.34541752 6592.83252531 -0.00000000
35.55000000000012 16880.17798223 6631.34213581 -0.00000000
35.600000000000115 16886.27177912 6668.65673768 -0.00000000
35.65000000000011 16892.86490349 6704.66637447 -0.00000000
35.70000000000011 16900.01752628 6739.22028058 -0.00000000
35.75000000000011 16907.62115532 6772.15582923 -0.00000000
35.800000000000104 16915.42839438 6803.32456401 -0.00000000
35.8500000000001 16923.09759088 6832.60747599 -0.00000000
35.9000000000001 16930.24494195 6859.92373510 -0.00000000
35.950000000000095 16936.49889722 6885.23139457 -0.00000000
36.00000000000009 16945.92102670 6926.15289273 -0.00000000
36.05000000000009 16952.49727551 6951.77837496 -0.00000000
36.10000000000009 16954.71444425 6963.08989414 -0.00000000
36.150000000000084 16951.20652939 6965.93085499 -0.00000000
36.20000000000008 16944.01922976 6963.27327157 -0.00000000
36.25000000000008 16935.99556908 6962.45457249 -0.00000000
36.300000000000075 16929.86994063 6967.43832525 -0.00000000
36.35000000000007 16927.19967461 6978.02465494 -0.00000000
36.40000000000007 16927.82444176 6991.48627492 -0.00000000
36.45000000000007 16930.28060181 7004.31040075 -0.00000000
36.500000000000064 16932.66884953 7013.70112535 -0.00000000
36.55000000000006 16933.43835020 7018.30296314 -0.00000000
36.60000000000006 16931.86734892 7018.19331649 -0.00000000
36.650000000000055 16928.13066244 7014.38628574 -0.00000000
36.70000000000005 16923.01948893 7008.17362797 -0.00000000
36.75000000000005 16917.52458574 7000.58795018 -0.00000000
36.80000000000005 16912.46225065 6992.13717462 -0.00000000
36.850000000000044 16908.24970778 6982.81485135 -0.00000000
36.90000000000004 16904.87414607 6972.29334075 -0.00000000
36.95000000000004 16902.03246210 6960.17503350 -0.00000000
37.000000000000036 16899.33567640 6946.18554534 -0.00000000
37.05000000000003 16896.48894251 6930.24983449 -0.00000000
37.10000000000003 16893.39302089 6912.45506741 -0.00000000
37.15000000000003 16890.14484435 6892.94835286 -0.00000000
37.200000000000024 16886.96278313 6871.84997139 -0.00000000
37.25000000000002 16884.07669415 6849.21177763 -0.00000000
37.30000000000002 16881.61545132 6825.02442369 -0.00000000
37.350000000000016 16879.54009039 6799.26353690 -0.00000000
37.40000000000001 16877.66272356 6771.93324280 -0.00000000
37.45000000000001 16875.73470949 6743.07019299 -0.00000000
37.50000000000001 16873.54580307 6712.71915392 -0.00000000
37.550000000000004 16870.98354517 6680.90340027 -0.00000000
37.6 16868.03729369 6647.61062424 -0.00000000
37.65 16864.75799043 6612.80562673 -0.00000000
37.699999999999996 16861.20450591 6576.45649825 -0.00000000
37.74999999999999 16857.39510751 6538.55832218 -0.00000000
37.79999999999999 16853.27029576 6499.15019440 -0.00000000
37.84999999999999 16848.67556981 6458.31808704 -0.00000000
37.899999999999984 16843.39445924 6416.14756620 -0.00000000
37.94999999999998 16837.88634780 6372.68428436 -0.00000000
37.99999999999998 16833.04687577 6327.96355963 -0.00000000
38.049999999999976 16828.23863226 6281.97692100 -0.00000000
38.09999999999997 16822.88568921 6234.47692571 -0.00000000
38.14999999999997 16816.64030463 6185.11818423 -0.00000000
38.19999999999997 16809.38248211 6133.60124418 -0.00000000
38.249999999999964 16801.12464986 6079.76410636 -0.00000000
38.29999999999996 16791.93084516 6023.63027196 -0.00000000
38.34999999999996 16781.84465991 5965.38823341 -0.00000000
38.399999999999956 16770.84561832 5905.30041925 -0.00000000
38.44999999999995 16758.85651709 5843.59173286 -0.00000000
38.49999999999995 16745.83597881 5780.36150072 -0.00000000
38.54999999999995 16731.79266458 5715.56970548 -0.00000000
38.599999999999945 16716.76701181 5649.07387636 -0.00000000
38.64999999999994 16700.81094482 5580.68696297 -0.00000000
38.69999999999994 16683.97157828 5510.22907129 -0.00000000
38.749999999999936 16666.28542529 5437.55931287 -0.00000000
38.79999999999993 16647.77883790 5362.60699717 -0.00000000
38.84999999999993 16628.48900009 5285.46211885 -0.00000000
38.89999999999993 16608.51845732 5206.39824594 -0.00000000
38.949999999999925 16587.96216002 5125.44439353 -0.00000000
38.99999999999992 16566.80089489 5042.29763609 -0.00000000
39.04999999999992 16544.99321972 4956.47853114 -0.00000000
39.099999999999916 16522.57074580 4867.41519404 -0.00000000
39.14999999999991 16499.53822170 4774.66100619 -0.00000000
39.19999999999991 16475.76606606 4678.21505540 -0.00000000
39.24999999999991 16451.19062467 4578.40305373 -0.00000000
39.299999999999905 16425.67987301 4475.80882476 -0.00000000
39.3499999999999 16398.76369900 4371.35495045 -0.00000000
39.3999999999999 16371.55192179 4264.81042809 -0.00000000
39.449999999999896 16346.55143852 4154.64658580 -0.00000000
39.49999999999989 16325.37271282 4039.06126036 -0.00000000
39.54999999999989 16304.92422074 3919.86355538 -0.00000000
39.59999999999989 16282.31177947 3798.82702154 -0.00000000
39.649999999999885 16257.16920373 3676.13237286 -0.00000000
39.69999999999988 16231.04948426 3550.80252091 -0.00000000
39.74999999999988 16205.55507244 3421.97648661 -0.00000000
39.799999999999876 16181.87440151 3289.10013158 -0.00000000
39.84999999999987 16160.90633578 3151.71357550 -0.00000000
39.89999999999987 16143.28515661 3009.37170983 -0.00000000
39.94999999999987 16129.39327154 2861.62129471 -0.00000000
39.999999999999865 16117.11654830 2710.04356888 -0.00000000
40.04999999999986 16103.44046432 2556.96707314 -0.00000000
40.09999999999986 16088.75341370 2402.12824203 -0.00000000
40.14999999999986 16074.86283887 2244.48713789 -0.00000000
40.199999999999854 16062.29842006 2084.32608110 -0.00000000
40.24999999999985 16051.18990335 1922.14342228 -0.00000000
40.29999999999985 16041.70623376 1758.15720166 -0.00000000
40.349999999999845 16034.02440598 1592.40401712 -0.00000000
40.39999999999984 16028.54581540 1424.59675152 -0.00000000
40.44999999999984 16025.81640578 1254.31452048 -0.00000000
40.49999999999984 16026.14326976 1081.32411836 -0.00000000
40.549999999999834 16029.47697261 905.70529930 -0.00000000
40.59999999999983 16035.23410757 727.87587910 -0.00000000
40.64999999999983 16043.42801155 548.01165755 -0.00000000
40.699999999999825 16053.99335268 366.36559119 -0.00000000
40.74999999999982 16066.84900822 183.19703935 -0.00000000
40.79999999999982 16082.54190286 -1.83478427 -0.00000000
40.84999999999982 16101.27751686 -188.84051029 -0.00000000
40.899999999999814 16121.83193045 -376.61270742 -0.00000000
40.94999999999981 16143.48644037 -564.20326791 -0.00000000
40.99999999999981 16166.42465681 -751.32435714 -0.00000000
41.049999999999805 16191.48369709 -938.21999681 -0.00000000
41.0999999999998 16219.18746661 -1125.16945643 -0.00000000
41.1499999999998 16249.26691653 -1312.31944998 -0.00000000
41.1999999999998 16281.39307706 -1499.74947851 -0.00000000
41.249999999999794 16307.18494875 -1637.70965238 -0.00000000
41.29999999999979 16325.73067660 -1731.39545432 -0.00000000
41.34999999999979 16353.70917375 -1859.62922405 -0.00000000
41.399999999999785 16391.00689365 -2025.09423797 -0.00000000
41.44999999999978 16436.31799588 -2223.45147508 -0.00000000
41.49999999999978 16487.66664163 -2445.49049641 -0.00000000
41.54999999999978 16542.94908843 -2679.84419573 -0.00000000
41.599999999999774 16600.09894480 -2915.26230453 -0.00000000
41.64999999999977 16657.32226235 -3142.42985218 -0.00000000
41.69999999999977 16713.14368211 -3354.97620383 -0.00000000
41.749999999999766 16766.65037874 -3549.97924032 -0.00000000
41.79999999999976 16817.38979054 -3727.50674342 -0.00000000
41.84999999999976 16903.37461769 -4020.45550380 -0.00000000
41.89999999999976 16961.51062169 -4225.58104203 -0.00000000
41.949999999999754 17009.39753605 -4406.03443041 -0.00000000
41.99999999999975 17029.30776147 -4491.53270112 -0.00000000
42.04999999999975 17040.50997414 -4544.52422841 -0.00000000
42.099999999999746 17057.08583814 -4615.00099528 -0.00000000
42.14999999999974 17084.88375850 -4724.53837270 -0.00000000
42.19999999999974 17124.36490846 -4871.26807790 -0.00000000
42.24999999999974 17173.01421956 -5039.60050165 -0.00000000
42.299999999999734 17226.06560742 -5212.50951272 -0.00000000
42.34999999999973 17280.07661101 -5377.13065327 -0.00000000
42.39999999999973 17333.68628671 -5527.54501836 -0.00000000
42.449999999999726 17385.73346168 -5663.71949800 -0.00000000
42.49999999999972 17435.72170769 -5788.79926435 -0.00000000
42.54999999999972 17483.52579869 -5906.43407249 -0.00000000
42.59999999999972 17529.37462512 -6019.31712769 -0.00000000
42.649999999999714 17574.18153367 -6128.60388922 -0.00000000
42.69999999999971 17619.36583310 -6234.18879419 -0.00000000
42.74999999999971 17665.35351446 -6335.33501515 -0.00000000
42.799999999999706 17711.87348005 -6431.13293607 -0.00000000
42.8499999999997 17758.30133567 -6520.85000842 -0.00000000
42.8999999999997 17804.04855161 -6604.24999884 -0.00000000
42.9499999999997 17848.86725137 -6681.64473227 -0.00000000
42.999999999999694 17892.92793522 -6753.70567539 -0.00000000
43.04999999999969 17936.63199093 -6820.90920097 -0.00000000
43.09999999999969 17980.20911710 -6883.19129875 -0.00000000
43.149999999999686 18023.65660459 -6939.88532511 -0.00000000
43.19999999999968 18067.20483496 -6989.58579724 -0.00000000
43.24999999999968 18113.51192949 -7042.04321050 -0.00000000
43.29999999999968 18161.73492487 -7092.13205619 -0.00000000
43.349999999999675 18210.64016440 -7135.10468848 -0.00000000
43.39999999999967 18259.41724663 -7168.67887883 -0.00000000
43.44999999999967 18308.06138146 -7192.16973661 -0.00000000
43.499999999999666 18358.13868639 -7207.13117598 -0.00000000
43.54999999999966 18412.02803774 -7215.70590308 -0.00000000
43.59999999999966 18467.54384396 -7218.66618920 -0.00000000
43.64999999999966 18522.10856677 -7216.78676098 -0.00000000
43.699999999999655 18574.60554949 -7207.86450512 -0.00000000
43.74999999999965 18624.67012189 -7191.82994310 -0.00000000
43.79999999999965 18672.63719090 -7173.51829158 -0.00000000
43.849999999999646 18718.69025316 -7155.55438220 -0.00000000
43.89999999999964 18762.46431410 -7137.69461609 -0.00000000
43.94999999999964 18802.99778443 -7104.71264490 -0.00000000
43.99999999999964 18839.89500052 -7056.21074333 -0.00000000
44.049999999999635 18874.59411503 -6995.97486985 -0.00000000
44.09999999999963 18906.86429929 -6921.48735702 -0.00000000
44.14999999999963 18937.95424083 -6837.74608550 -0.00000000
44.199999999999626 18969.54194222 -6750.15025824 -0.00000000
44.24999999999962 19002.60326104 -6660.61839574 -0.00000000
44.29999999999962 19036.94570764 -6567.45600183 -0.00000000
44.34999999999962 19071.44632977 -6467.72013626 -0.00000000
44.399999999999615 19104.95936954 -6359.46161738 -0.00000000
44.44999999999961 19136.85559098 -6242.21735067 -0.00000000
44.49999999999961 19166.41814071 -6115.94388754 -0.00000000
44.549999999999606 19189.71154601 -5975.43641269 -0.00000000
44.5999999999996 19208.65720329 -5824.93828245 -0.00000000
44.6499999999996 19227.16010532 -5663.49553693 -0.00000000
44.6999999999996 19246.84023602 -5491.56956742 -0.00000000
44.749999999999595 19265.01073292 -5313.83733899 -0.00000000
44.79999999999959 19279.19720697 -5132.86937048 -0.00000000
44.84999999999959 19288.32449906 -4948.42123586 -0.00000000
44.89999999999959 19292.73387183 -4759.45543825 -0.00000000
44.949999999999584 19293.54422683 -4564.91630650 -0.00000000
44.99999999999958 19291.69488609 -4361.32309807 -0.00000000
45.04999999999958 19287.41872602 -4144.40686003 -0.00000000
45.099999999999575 19280.17024466 -3911.98386891 -0.00000000
45.14999999999957 19270.00894076 -3664.82926847 -0.00000000
45.19999999999957 19257.56642881 -3405.19558533 -0.00000000
45.24999999999957 19245.02443776 -3135.05438113 -0.00000000
45.299999999999564 19234.45958924 -2857.47985879 -0.00000000
45.34999999999956 19227.00062841 -2574.78222489 -0.00000000
45.39999999999956 19219.19737264 -2286.98108117 -0.00000000
45.449999999999555 19203.33679936 -1995.70340903 -0.00000000
45.49999999999955 19180.21656010 -1699.07015287 -0.00000000
45.54999999999955 19153.37478616 -1395.25741234 -0.00000000
45.59999999999955 19127.17863928 -1082.84729421 -0.00000000
45.649999999999544 19103.69839984 -761.36791723 -0.00000000
45.69999999999954 19085.79215318 -434.37640841 -0.00000000
45.74999999999954 19077.37815898 -107.93528502 -0.00000000
45.799999999999535 19075.00640625 221.01081794 -0.00000000
45.84999999999953 19074.02197246 557.34450601 -0.00000000
45.89999999999953 19072.07238760 903.18742897 -0.00000000
45.94999999999953 19071.21367377 1255.26339132 -0.00000000
45.999999999999524 19070.73288439 1611.99948430 -0.00000000
46.04999999999952 19077.95447924 1953.02593005 -0.00000000
46.09999999999952 19091.61527069 2280.43863934 -0.00000000
46.149999999999515 19100.38029803 2613.08207111 -0.00000000
46.19999999999951 19104.46236347 2961.41219863 -0.00000000
46.24999999999951 19109.00860377 3327.17444589 -0.00000000
46.29999999999951 19114.61377930 3705.44267375 -0.00000000
46.349999999999504 19125.23719384 4093.21905886 -0.00000000
46.3999999999995 19145.21523749 4485.17258742 -0.00000000
46.4499999999995 19177.53947163 4877.25505946 -0.00000000
46.499999999999496 19223.69963500 5265.12508144 -0.00000000
46.54999999999949 19276.51038583 5635.80089267 -0.00000000
46.59999999999949 19327.01909611 5980.78685082 -0.00000000
46.64999999999949 19375.55780665 6313.84183624 -0.00000000
46.699999999999484 19427.06026645 6651.84813597 -0.00000000
46.74999999999948 19482.19786918 7005.15144708 -0.00000000
46.79999999999948 19535.89503484 7381.53348404 -0.00000000
46.849999999999476 19582.62353698 7783.45524286 -0.00000000
46.89999999999947 19623.06556127 8201.81063675 -0.00000000
46.94999999999947 19665.72476465 8621.07492830 -0.00000000
46.99999999999947 19723.45992585 9008.56449103 -0.00000000
47.049999999999464 19802.87394303 9344.76173052 -0.00000000
47.09999999999946 19903.19110309 9651.32864691 -0.00000000
47.14999999999946 20021.42670228 9951.21750098 -0.00000000
47.199999999999456 20146.03278025 10263.63398888 -0.00000000
47.24999999999945 20261.76730979 10599.73212985 -0.00000000
47.29999999999945 20369.28931238 10957.00748627 -0.00000000
47.34999999999945 20471.95818165 11322.41581791 -0.00000000
47.399999999999444 20575.17103453 11679.40967663 -0.00000000
47.44999999999944 20681.76338820 12018.42945057 -0.00000000
47.49999999999944 20793.27564520 12332.30723085 -0.00000000
47.549999999999436 20911.41570284 12592.03830857 -0.00000000
47.59999999999943 21029.57529879 12823.29346286 -0.00000000
47.64999999999943 21147.00347187 13057.91151569 -0.00000000
47.69999999999943 21260.21220615 13324.11061386 -0.00000000
47.749999999999424 21372.59087926 13606.62845342 -0.00000000
47.79999999999942 21499.04215494 13847.32190028 -0.00000000
47.84999999999942 21629.99085265 14055.13155777 -0.00000000
47.899999999999416 21754.66127773 14254.03060545 -0.00000000
47.94999999999941 21866.63630136 14468.40235068 -0.00000000
47.99999999999941 21968.42920214 14701.06627597 -0.00000000
48.04999999999941 22071.53626618 14935.23798789 -0.00000000
48.099999999999405 22183.10148675 15143.52589582 -0.00000000
48.1499999999994 22298.48608332 15313.56696689 -0.00000000
48.1999999999994 22406.99021594 15456.32977245 -0.00000000
48.249999999999396 22501.84068601 15586.97432610 -0.00000000
48.29999999999939 22579.06938689 15705.70972503 -0.00000000
48.34999999999939 22640.19977127 15818.48224423 -0.00000000
48.39999999999939 22708.76451386 15908.14245612 -0.00000000
48.449999999999385 22782.71585578 15984.62398615 -0.00000000
48.49999999999938 22859.62462335 16031.53552005 -0.00000000
48.54999999999938 22931.99563816 16058.49630364 -0.00000000
48.599999999999376 22996.91897208 16077.94413100 -0.00000000
48.64999999999937 23060.99203123 16089.14983251 -0.00000000
48.69999999999937 23132.19078519 16105.24730154 -0.00000000
48.74999999999937 23203.54157049 16121.22603110 -0.00000000
48.799999999999365 23264.20689465 16122.35222236 -0.00000000
48.84999999999936 23309.14232703 16105.84004564 -0.00000000
48.89999999999936 23337.67461301 16077.42506500 -0.00000000
48.949999999999356 23351.64408213 16045.03502382 -0.00000000
48.99999999999935 23353.08576195 15993.23745882 -0.00000000
49.04999999999935 23345.70612814 15893.58771874 -0.00000000
49.09999999999935 23342.50544351 15771.62152919 -0.00000000
49.149999999999345 23348.72030284 15641.68523483 -0.00000000
49.19999999999934 23361.98864264 15503.26174739 -0.00000000
49.24999999999934 23376.01856638 15348.22489727 -0.00000000
49.299999999999336 23384.98521914 15174.01365767 -0.00000000
49.34999999999933 23386.75636212 14992.17519535 -0.00000000
49.39999999999933 23377.01658166 14798.72558229 -0.00000000
49.44999999999933 23351.24483742 14578.66816708 -0.00000000
49.499999999999325 23309.25799333 14323.78148878 -0.00000000
49.54999999999932 23255.06008489 14035.11658631 -0.00000000
49.59999999999932 23196.77964755 13720.66806587 -0.00000000
49.64999999999932 23154.14556490 13398.86901506 -0.00000000
49.699999999999314 23091.77126690 13087.63570189 -0.00000000
49.74999999999931 23007.82263968 12781.46625699 -0.00000000
49.79999999999931 22935.22827309 12461.97454708 -0.00000000
49.849999999999305 22860.77634319 12123.20923129 -0.00000000
49.8999999999993 22773.56929041 11760.00425255 -0.00000000
49.9499999999993 22670.09697578 11374.28330292 -0.00000000
49.9999999999993 22553.56430565 10967.72749144 -0.00000000
50.049999999999294 22430.85603906 10536.98629335 -0.00000000
