# Body fitted drag for model part FluidModelPart.Drag_structure1
# Time Fx Fy Fz
0.05 -0.00000000 -0.00000000 -0.00000000
0.1 644807.00389703 -625.96285972 -0.00000000
0.15000000000000002 818978.09051174 27.63122415 -0.00000000
0.2 348781.91739694 -188.66834626 -0.00000000
0.25 -101413.90464055 -3288.00907714 -0.00000000
0.3 -205306.91125925 -3117.38439055 -0.00000000
0.35 -156952.66377648 -852.67525743 -0.00000000
0.39999999999999997 -23766.43900344 1974.12641887 -0.00000000
0.44999999999999996 54474.97068216 2212.22875471 -0.00000000
0.49999999999999994 92250.45070434 1106.31777339 -0.00000000
0.5499999999999999 88105.94482293 -552.50683757 -0.00000000
0.6 57755.65512427 -2122.79294590 -0.00000000
0.65 22008.99440562 -3003.60783028 -0.00000000
0.7000000000000001 -2433.39746634 -2712.17966486 -0.00000000
0.7500000000000001 -9037.14348461 -1466.60009259 -0.00000000
0.8000000000000002 -850.73553184 -25.73617437 -0.00000000
0.8500000000000002 14389.73017857 855.43231257 -0.00000000
0.9000000000000002 28338.90461023 879.11099711 -0.00000000
0.9500000000000003 35166.86970607 223.76011894 -0.00000000
1.0000000000000002 33536.35434632 -685.26970749 -0.00000000
1.0500000000000003 26376.77032632 -1411.75060984 -0.00000000
1.1000000000000003 18433.05480012 -1700.20831899 -0.00000000
1.1500000000000004 13393.18070173 -1544.97743488 -0.00000000
1.2000000000000004 12476.30772538 -1120.30131865 -0.00000000
1.2500000000000004 14686.85154886 -676.60325970 -0.00000000
1.3000000000000005 18032.77190699 -398.61607271 -0.00000000
1.3500000000000005 20661.72843325 -354.16284092 -0.00000000
1.4000000000000006 21599.93267261 -499.23450337 -0.00000000
1.4500000000000006 20904.89522155 -730.89233492 -0.00000000
1.5000000000000007 19328.84917258 -946.67276797 -0.00000000
1.5500000000000007 17774.34649327 -1082.16279235 -0.00000000
1.6000000000000008 16849.39690574 -1118.38539113 -0.00000000
1.6500000000000008 16700.81545118 -1073.42373115 -0.00000000
1.7000000000000008 17106.21456823 -986.55390235 -0.00000000
1.7500000000000009 17690.75497626 -899.36508466 -0.00000000
1.800000000000001 18133.76167662 -841.93650966 -0.00000000
1.850000000000001 18292.87796031 -823.77671274 -0.00000000
1.900000000000001 18183.29963097 -843.56819972 -0.00000000
1.950000000000001 17931.40827320 -889.52940198 -0.00000000
2.000000000000001 17685.68369808 -943.68877360 -0.00000000
2.0500000000000007 17542.86938557 -987.63805126 -0.00000000
2.1000000000000005 17526.69501982 -1009.44751466 -0.00000000
2.1500000000000004 17601.07651975 -1007.49779110 -0.00000000
2.2 17706.24663100 -988.19766759 -0.00000000
2.25 17792.69513416 -962.13865167 -0.00000000
2.3 17838.51757990 -940.08826606 -0.00000000
2.3499999999999996 17849.63709219 -929.74017463 -0.00000000
2.3999999999999995 17848.71022590 -934.07536665 -0.00000000
2.4499999999999993 17857.19979190 -950.05657395 -0.00000000
2.499999999999999 17884.64246796 -970.55872825 -0.00000000
2.549999999999999 17929.36895909 -989.20886695 -0.00000000
2.5999999999999988 17982.40532456 -1001.81002534 -0.00000000
2.6499999999999986 18034.27770464 -1006.84725234 -0.00000000
2.6999999999999984 18080.46389937 -1004.81519625 -0.00000000
2.7499999999999982 18122.35718136 -998.74496279 -0.00000000
2.799999999999998 18163.27728130 -992.84835722 -0.00000000
2.849999999999998 18206.04678414 -989.66572421 -0.00000000
2.8999999999999977 18255.33679510 -992.18120095 -0.00000000
2.9499999999999975 18311.06400363 -1000.72693536 -0.00000000
2.9999999999999973 18369.74397448 -1010.32549247 -0.00000000
3.049999999999997 18428.47153898 -1018.55206855 -0.00000000
3.099999999999997 18485.46996195 -1025.29410566 -0.00000000
3.149999999999997 18541.08233797 -1028.07039736 -0.00000000
3.1999999999999966 18596.15722440 -1026.08427278 -0.00000000
3.2499999999999964 18651.87732196 -1019.64155492 -0.00000000
3.2999999999999963 18708.47676913 -1010.05504643 -0.00000000
3.349999999999996 18765.24283323 -999.46433761 -0.00000000
3.399999999999996 18821.52247910 -989.42477083 -0.00000000
3.4499999999999957 18877.02074230 -980.30346089 -0.00000000
3.4999999999999956 18931.68534986 -971.98738744 -0.00000000
3.5499999999999954 18985.45533573 -964.24656093 -0.00000000
3.599999999999995 19038.22212315 -956.73505846 -0.00000000
3.649999999999995 19089.97887862 -948.87397805 -0.00000000
3.699999999999995 19140.75843403 -940.18533560 -0.00000000
3.7499999999999947 19190.59487357 -930.61763710 -0.00000000
3.7999999999999945 19239.52882279 -920.40379525 -0.00000000
3.8499999999999943 19287.50800681 -909.75872210 -0.00000000
3.899999999999994 19334.38320770 -898.83042001 -0.00000000
3.949999999999994 19379.96192332 -887.74604914 -0.00000000
3.999999999999994 19424.07760666 -876.59905413 -0.00000000
4.049999999999994 19466.63288578 -865.41267916 -0.00000000
4.099999999999993 19507.60107991 -854.13167720 -0.00000000
4.149999999999993 19547.00531415 -842.65268494 -0.00000000
4.199999999999993 19584.90699325 -830.86501114 -0.00000000
4.249999999999993 19621.40908927 -818.67013154 -0.00000000
4.299999999999993 19656.63607420 -806.00083817 -0.00000000
4.3499999999999925 19690.67263370 -792.86627074 -0.00000000
4.399999999999992 19694.88735045 -787.43879897 -0.00000000
4.449999999999992 19728.20204797 -770.14977439 -0.00000000
4.499999999999992 19788.81441358 -745.49925719 -0.00000000
4.549999999999992 19822.17939098 -731.62545480 -0.00000000
4.599999999999992 19847.14339219 -722.95102881 -0.00000000
4.6499999999999915 19866.25382330 -712.70643812 -0.00000000
4.699999999999991 19890.65495365 -698.19537692 -0.00000000
4.749999999999991 19918.86244532 -680.23314206 -0.00000000
4.799999999999991 19946.48617207 -660.47053159 -0.00000000
4.849999999999991 19970.53254059 -639.47639051 -0.00000000
4.899999999999991 19990.30597087 -621.66018124 -0.00000000
4.94999999999999 20006.41531586 -613.22571615 -0.00000000
4.99999999999999 20022.33211034 -603.64352324 -0.00000000
5.04999999999999 20038.94827680 -587.41971401 -0.00000000
5.09999999999999 20055.24984761 -565.27383226 -0.00000000
5.14999999999999 20070.12589733 -540.81454294 -0.00000000
5.1999999999999895 20083.21789714 -517.15167501 -0.00000000
5.249999999999989 20094.83992295 -495.30472262 -0.00000000
5.299999999999989 20105.50345292 -474.71541349 -0.00000000
5.349999999999989 20115.50751657 -454.48482189 -0.00000000
5.399999999999989 20124.82620564 -434.15743525 -0.00000000
5.449999999999989 20133.23783665 -413.78480785 -0.00000000
5.4999999999999885 20140.49279785 -393.62668276 -0.00000000
5.549999999999988 20146.38513354 -373.84023463 -0.00000000
5.599999999999988 20150.80634934 -354.30500540 -0.00000000
5.649999999999988 20153.93538509 -334.56158633 -0.00000000
5.699999999999988 20156.18980066 -313.98218622 -0.00000000
5.749999999999988 20157.80296819 -292.02868804 -0.00000000
5.799999999999987 20157.78264242 -268.09297052 -0.00000000
5.849999999999987 20156.35449662 -243.83097066 -0.00000000
5.899999999999987 20153.78093133 -220.92221558 -0.00000000
5.949999999999987 20150.07759572 -199.72060707 -0.00000000
5.999999999999987 20144.96157516 -179.44978175 -0.00000000
6.0499999999999865 20137.92125931 -158.97175326 -0.00000000
6.099999999999986 20129.29132760 -137.93455281 -0.00000000
6.149999999999986 20119.36718942 -116.54560980 -0.00000000
6.199999999999986 20108.15202617 -95.13157455 -0.00000000
6.249999999999986 20095.48681756 -73.84928393 -0.00000000
6.299999999999986 20081.21579170 -52.64320579 -0.00000000
6.349999999999985 20065.27581051 -31.37160612 -0.00000000
6.399999999999985 20047.69030313 -9.94157981 -0.00000000
6.449999999999985 20028.52404597 11.63745401 -0.00000000
6.499999999999985 20007.84463208 33.28030957 -0.00000000
6.549999999999985 19985.70067335 54.88900047 -0.00000000
6.5999999999999845 19962.11864562 76.40161967 -0.00000000
6.649999999999984 19937.11367697 97.80352109 -0.00000000
6.699999999999984 19910.70423381 119.10827514 -0.00000000
6.749999999999984 19882.92148182 140.32971277 -0.00000000
6.799999999999984 19853.80961125 161.46247724 -0.00000000
6.849999999999984 19823.41991834 182.47757957 -0.00000000
6.8999999999999835 19791.80482376 203.33069745 -0.00000000
6.949999999999983 19759.01571085 223.97627197 -0.00000000
6.999999999999983 19725.10334510 244.37940877 -0.00000000
7.049999999999983 19690.11810437 264.52028817 -0.00000000
7.099999999999983 19654.11120239 284.38910880 -0.00000000
7.149999999999983 19617.13604084 303.97771121 -0.00000000
7.199999999999982 19579.25397258 323.26746280 -0.00000000
7.249999999999982 19540.53307458 342.22683580 -0.00000000
7.299999999999982 19501.04544298 360.81300161 -0.00000000
7.349999999999982 19460.86192760 378.97867231 -0.00000000
7.399999999999982 19420.04692416 396.67826028 -0.00000000
7.4499999999999815 19378.60301282 413.86807949 -0.00000000
7.499999999999981 19336.34516297 430.49822674 -0.00000000
7.549999999999981 19293.60916671 446.55016647 -0.00000000
7.599999999999981 19250.73402001 462.00737348 -0.00000000
7.649999999999981 19207.84197285 476.83933600 -0.00000000
7.699999999999981 19164.89968169 491.00995611 -0.00000000
7.7499999999999805 19121.84345941 504.48803683 -0.00000000
7.79999999999998 19078.66662330 517.25021436 -0.00000000
7.84999999999998 19035.43444645 529.27785513 -0.00000000
7.89999999999998 18992.24963059 540.55322822 -0.00000000
7.94999999999998 18949.21043204 551.05775970 -0.00000000
7.99999999999998 18906.39064742 560.77479746 -0.00000000
8.04999999999998 18863.83116119 569.68627832 -0.00000000
8.09999999999998 18821.56972968 577.78122554 -0.00000000
8.14999999999998 18779.63848397 585.04938198 -0.00000000
8.199999999999982 18738.08084900 591.48306094 -0.00000000
8.249999999999982 18696.95167774 597.07657750 -0.00000000
8.299999999999983 18656.32265710 601.82988690 -0.00000000
8.349999999999984 18616.28146005 605.75513735 -0.00000000
8.399999999999984 18576.91328499 608.87823205 -0.00000000
8.449999999999985 18538.28096435 611.22779619 -0.00000000
8.499999999999986 18500.41900006 612.82348164 -0.00000000
8.549999999999986 18463.34122053 613.67515587 -0.00000000
8.599999999999987 18427.05500355 613.78957607 -0.00000000
8.649999999999988 18391.57221257 613.17684468 -0.00000000
8.699999999999989 18356.91150419 611.85284570 -0.00000000
8.74999999999999 18323.09323889 609.83815038 -0.00000000
8.79999999999999 18290.13165229 607.15541627 -0.00000000
8.84999999999999 18258.02936407 603.82678616 -0.00000000
8.899999999999991 18226.77938576 599.87273969 -0.00000000
8.949999999999992 18196.38359068 595.31691653 -0.00000000
8.999999999999993 18166.86700232 590.19044865 -0.00000000
9.049999999999994 18138.25752347 584.53065072 -0.00000000
9.099999999999994 18110.56099259 578.37256703 -0.00000000
9.149999999999995 18083.75878100 571.74568971 -0.00000000
9.199999999999996 18057.82003102 564.67481684 -0.00000000
9.249999999999996 18032.71457211 557.18407374 -0.00000000
9.299999999999997 18008.41835606 549.30106420 -0.00000000
9.349999999999998 17984.91110521 541.05897103 -0.00000000
9.399999999999999 17962.17240803 532.49578286 -0.00000000
9.45 17944.96771067 525.58580272 -0.00000000
9.5 17914.11613280 513.86915825 -0.00000000
9.55 17896.06151163 503.92672145 -0.00000000
9.600000000000001 17876.38285002 495.34478883 -0.00000000
9.650000000000002 17859.47551310 486.66112948 -0.00000000
9.700000000000003 17841.98157745 477.24392530 -0.00000000
9.750000000000004 17823.90962566 467.22130135 -0.00000000
9.800000000000004 17805.59968441 457.07217790 -0.00000000
9.850000000000005 17787.71163397 447.11545818 -0.00000000
9.900000000000006 17770.69462372 437.37661275 -0.00000000
9.950000000000006 17754.59346962 427.71242508 -0.00000000
10.000000000000007 17739.14835344 418.00118225 -0.00000000
10.050000000000008 17724.02606345 408.23519012 -0.00000000
10.100000000000009 17709.01440416 398.50434595 -0.00000000
10.15000000000001 17694.08823538 388.92483723 -0.00000000
10.20000000000001 17679.34746478 379.58078327 -0.00000000
10.25000000000001 17664.89191730 370.51374589 -0.00000000
10.300000000000011 17650.72090426 361.74381131 -0.00000000
10.350000000000012 17636.73973374 353.27963736 -0.00000000
10.400000000000013 17622.83887886 345.12235012 -0.00000000
10.450000000000014 17608.95301106 337.27635442 -0.00000000
10.500000000000014 17595.06883356 329.75878564 -0.00000000
10.550000000000015 17581.19955440 322.59976126 -0.00000000
10.600000000000016 17567.35478608 315.83491477 -0.00000000
10.650000000000016 17553.52476246 309.49706217 -0.00000000
10.700000000000017 17539.68218933 303.61263971 -0.00000000
10.750000000000018 17525.79365430 298.20363163 -0.00000000
10.800000000000018 17511.82490472 293.28791752 -0.00000000
10.85000000000002 17497.70806040 288.86652527 -0.00000000
10.90000000000002 17483.43861628 284.94494187 -0.00000000
10.95000000000002 17469.03646565 281.53814294 -0.00000000
11.000000000000021 17454.50078946 278.66572250 -0.00000000
11.050000000000022 17439.81333523 276.34709285 -0.00000000
11.100000000000023 17424.95334398 274.59622994 -0.00000000
11.150000000000023 17409.90444769 273.41990902 -0.00000000
11.200000000000024 17394.65437440 272.81972387 -0.00000000
11.250000000000025 17379.19455556 272.79529348 -0.00000000
11.300000000000026 17363.51978630 273.34682106 -0.00000000
11.350000000000026 17347.62719632 274.47492625 -0.00000000
11.400000000000027 17331.51558072 276.17817618 -0.00000000
11.450000000000028 17315.18467428 278.45173950 -0.00000000
11.500000000000028 17298.63346780 281.28952524 -0.00000000
11.55000000000003 17281.85970348 284.68740291 -0.00000000
11.60000000000003 17264.86140554 288.64813959 -0.00000000
11.65000000000003 17247.63631536 293.17961193 -0.00000000
11.700000000000031 17230.18139356 298.29251454 -0.00000000
11.750000000000032 17212.49681026 303.99648166 -0.00000000
11.800000000000033 17194.58757919 310.29450785 -0.00000000
11.850000000000033 17176.46404947 317.17807078 -0.00000000
11.900000000000034 17158.15029527 324.63214133 -0.00000000
11.950000000000035 17139.67193548 332.63925690 -0.00000000
12.000000000000036 17121.03495763 341.18012621 -0.00000000
12.050000000000036 17102.25729996 350.23700461 -0.00000000
12.100000000000037 17083.36495971 359.79485395 -0.00000000
12.150000000000038 17064.37292096 369.83974591 -0.00000000
12.200000000000038 17045.28510141 380.35666706 -0.00000000
12.250000000000039 17026.10676987 391.32086662 -0.00000000
12.30000000000004 17006.85926479 402.70333302 -0.00000000
12.35000000000004 16987.56840286 414.48092296 -0.00000000
12.400000000000041 16968.25692799 426.63642542 -0.00000000
12.450000000000042 16948.94163222 439.15433779 -0.00000000
12.500000000000043 16929.63621803 452.01595700 -0.00000000
12.550000000000043 16910.35669006 465.19461614 -0.00000000
12.600000000000044 16891.12474677 478.65585264 -0.00000000
12.650000000000045 16871.95400488 492.36470918 -0.00000000
12.700000000000045 16852.85643066 506.29830623 -0.00000000
12.750000000000046 16833.84934882 520.43598453 -0.00000000
12.800000000000047 16814.95344360 534.75948870 -0.00000000
12.850000000000048 16796.17818823 549.23932534 -0.00000000
12.900000000000048 16777.53371019 563.82646281 -0.00000000
12.950000000000049 16759.05110242 578.48842409 -0.00000000
13.00000000000005 16740.74754767 593.19910916 -0.00000000
13.05000000000005 16722.63633404 607.94525942 -0.00000000
13.100000000000051 16704.72254817 622.70987375 -0.00000000
13.150000000000052 16687.00813932 637.45920927 -0.00000000
13.200000000000053 16669.50204343 652.14948949 -0.00000000
13.250000000000053 16652.21390703 666.73918022 -0.00000000
13.300000000000054 16635.14661154 681.19629364 -0.00000000
13.350000000000055 16618.31225282 695.48838442 -0.00000000
13.400000000000055 16601.72692746 709.58001887 -0.00000000
13.450000000000056 16585.40064457 723.43572459 -0.00000000
13.500000000000057 16569.33754149 737.02179724 -0.00000000
13.550000000000058 16553.53003075 750.31138643 -0.00000000
13.600000000000058 16537.97524031 763.28234488 -0.00000000
13.650000000000059 16522.68520019 775.91515315 -0.00000000
13.70000000000006 16507.67301670 788.18512523 -0.00000000
13.75000000000006 16492.94512281 800.06545405 -0.00000000
13.800000000000061 16478.50430061 811.52469844 -0.00000000
13.850000000000062 16464.33836799 822.51671705 -0.00000000
13.900000000000063 16450.44263317 833.00401358 -0.00000000
13.950000000000063 16436.81149385 842.94446948 -0.00000000
14.000000000000064 16423.44577439 852.30201662 -0.00000000
14.050000000000065 16410.35397415 861.04743443 -0.00000000
14.100000000000065 16397.54174513 869.15938800 -0.00000000
14.150000000000066 16385.00331332 876.62290613 -0.00000000
14.200000000000067 16372.73509939 883.41790407 -0.00000000
14.250000000000068 16360.76866767 889.53840951 -0.00000000
14.300000000000068 16349.06556137 894.93169853 -0.00000000
14.350000000000069 16337.58071599 899.52484088 -0.00000000
14.40000000000007 16326.30167235 903.27310346 -0.00000000
14.45000000000007 16315.25484326 906.15819361 -0.00000000
14.500000000000071 16304.46277028 908.18375847 -0.00000000
14.550000000000072 16293.92712667 909.35576034 -0.00000000
14.600000000000072 16283.62869053 909.66656254 -0.00000000
14.650000000000073 16273.54622335 909.08959343 -0.00000000
14.700000000000074 16263.67202236 907.59087811 -0.00000000
14.750000000000075 16254.01053537 905.14080740 -0.00000000
14.800000000000075 16244.56771013 901.71739815 -0.00000000
14.850000000000076 16235.34370091 897.30421339 -0.00000000
14.900000000000077 16226.33243630 891.88697988 -0.00000000
14.950000000000077 16217.52607113 885.45218475 -0.00000000
15.000000000000078 16208.92203442 877.99530810 -0.00000000
15.050000000000079 16200.52205034 869.52279354 -0.00000000
15.10000000000008 16192.31130352 860.00425061 -0.00000000
15.15000000000008 16184.28341249 849.40735367 -0.00000000
15.200000000000081 16176.44056412 837.70773461 -0.00000000
15.250000000000082 16168.78826254 824.89326653 -0.00000000
15.300000000000082 16161.33158104 810.96263769 -0.00000000
15.350000000000083 16154.07723334 795.91832261 -0.00000000
15.400000000000084 16147.02632580 779.76145708 -0.00000000
15.450000000000085 16140.15973573 762.47836294 -0.00000000
15.500000000000085 16133.45977811 744.04717162 -0.00000000
15.550000000000086 16126.93131784 724.44518462 -0.00000000
15.600000000000087 16120.58617211 703.65889094 -0.00000000
15.650000000000087 16114.42547835 681.68602261 -0.00000000
15.700000000000088 16108.44589391 658.52623577 -0.00000000
15.750000000000089 16102.64148314 634.17248483 -0.00000000
15.80000000000009 16096.99692464 608.61087716 -0.00000000
15.85000000000009 16091.52427696 581.83521373 -0.00000000
15.900000000000091 16086.24857265 553.84786756 -0.00000000
15.950000000000092 16081.17664372 524.65472155 -0.00000000
16.000000000000092 16076.29974000 494.26162648 -0.00000000
16.050000000000093 16071.60779376 462.66784437 -0.00000000
16.100000000000094 16068.15867885 437.96887929 -0.00000000
16.150000000000095 16065.94700016 419.34716525 -0.00000000
16.200000000000095 16062.66826509 390.65147018 -0.00000000
16.250000000000096 16051.85165270 299.98894740 -0.00000000
16.300000000000097 16042.77524551 249.98055030 -0.00000000
16.350000000000097 16039.61642346 228.36953565 -0.00000000
16.400000000000098 16041.43848042 210.73480957 -0.00000000
16.4500000000001 16044.16133947 181.22947481 -0.00000000
16.5000000000001 16043.98920016 137.74753080 -0.00000000
16.5500000000001 16040.04276165 86.82696782 -0.00000000
16.6000000000001 16034.24321818 35.78193522 -0.00000000
16.6500000000001 16029.30873581 -11.93357189 -0.00000000
16.700000000000102 16026.77427582 -56.97631946 -0.00000000
16.750000000000103 16026.36129798 -101.88103159 -0.00000000
16.800000000000104 16026.71193327 -148.75754709 -0.00000000
16.850000000000104 16026.58219042 -198.24972365 -0.00000000
16.900000000000105 16025.56585489 -249.79088529 -0.00000000
16.950000000000106 16024.06882970 -302.43037688 -0.00000000
17.000000000000107 16022.79694228 -355.52819630 -0.00000000
17.050000000000107 16022.23736194 -408.97594199 -0.00000000
17.100000000000108 16022.45233480 -463.02233464 -0.00000000
17.15000000000011 16023.18749989 -517.97889470 -0.00000000
17.20000000000011 16024.12429183 -574.01572978 -0.00000000
17.25000000000011 16025.08419019 -631.12004548 -0.00000000
17.30000000000011 16026.08070768 -689.16752497 -0.00000000
17.35000000000011 16027.24384069 -747.99951126 -0.00000000
17.400000000000112 16028.70724817 -807.49526918 -0.00000000
17.450000000000113 16030.53385753 -867.60660708 -0.00000000
17.500000000000114 16032.70716850 -928.34492448 -0.00000000
17.550000000000114 16035.16878929 -989.74599629 -0.00000000
17.600000000000115 16037.86446869 -1051.83528057 -0.00000000
17.650000000000116 16040.76856047 -1114.60543007 -0.00000000
17.700000000000117 16043.87806008 -1178.00473063 -0.00000000
17.750000000000117 16047.22930353 -1241.98665155 -0.00000000
17.800000000000118 16050.85748459 -1306.52634181 -0.00000000
17.85000000000012 16054.76094081 -1371.59544664 -0.00000000
17.90000000000012 16058.91518721 -1437.13697884 -0.00000000
17.95000000000012 16063.28790493 -1503.12331053 -0.00000000
18.00000000000012 16067.87029517 -1569.53468153 -0.00000000
18.05000000000012 16072.70478584 -1636.35108154 -0.00000000
18.100000000000122 16077.84732181 -1703.55729557 -0.00000000
18.150000000000123 16083.32185032 -1771.14493222 -0.00000000
18.200000000000124 16089.08611814 -1839.15483529 -0.00000000
18.250000000000124 16095.13558698 -1907.54190516 -0.00000000
18.300000000000125 16101.48020475 -1976.21693695 -0.00000000
18.350000000000126 16108.11701235 -2045.08537561 -0.00000000
18.400000000000126 16115.02874050 -2114.07113134 -0.00000000
18.450000000000127 16122.21011818 -2183.15514196 -0.00000000
18.500000000000128 16129.66485969 -2252.36980609 -0.00000000
18.55000000000013 16137.39350082 -2321.71179112 -0.00000000
18.60000000000013 16145.39450252 -2391.14612136 -0.00000000
18.65000000000013 16153.66785498 -2460.62775899 -0.00000000
18.70000000000013 16162.24381506 -2530.12762576 -0.00000000
18.75000000000013 16171.13386880 -2599.61373771 -0.00000000
18.800000000000132 16180.32351187 -2669.02323826 -0.00000000
18.850000000000133 16189.80955074 -2738.31273128 -0.00000000
18.900000000000134 16199.60015866 -2807.46823942 -0.00000000
18.950000000000134 16209.70278965 -2876.49627143 -0.00000000
19.000000000000135 16220.12089331 -2945.40435729 -0.00000000
19.050000000000136 16230.85376353 -3014.18463117 -0.00000000
19.100000000000136 16241.89663251 -3082.80850004 -0.00000000
19.150000000000137 16253.24097111 -3151.23334310 -0.00000000
19.200000000000138 16264.89717697 -3219.39659516 -0.00000000
19.25000000000014 16276.90005118 -3287.24363480 -0.00000000
19.30000000000014 16289.25821674 -3354.73375252 -0.00000000
19.35000000000014 16301.95524287 -3421.84183103 -0.00000000
19.40000000000014 16314.96783631 -3488.55643377 -0.00000000
19.45000000000014 16328.28085570 -3554.87693424 -0.00000000
19.500000000000142 16341.89215467 -3620.80966385 -0.00000000
19.550000000000143 16355.89601180 -3686.30626418 -0.00000000
19.600000000000144 16370.40694038 -3751.28835682 -0.00000000
19.650000000000144 16385.23873966 -3815.81132181 -0.00000000
19.700000000000145 16400.26753492 -3879.88270834 -0.00000000
19.750000000000146 16415.48397896 -3943.46372510 -0.00000000
19.800000000000146 16430.95359066 -4006.50455800 -0.00000000
19.850000000000147 16446.74886208 -4068.97641035 -0.00000000
19.900000000000148 16462.90695350 -4130.86197001 -0.00000000
19.95000000000015 16479.42691692 -4192.12736188 -0.00000000
20.00000000000015 16496.29204715 -4252.72228305 -0.00000000
20.05000000000015 16513.48538730 -4312.59386077 -0.00000000
20.10000000000015 16530.98886419 -4371.70641010 -0.00000000
20.15000000000015 16548.79226553 -4430.03676329 -0.00000000
20.200000000000152 16566.89009370 -4487.56960613 -0.00000000
20.250000000000153 16585.26780815 -4544.30432092 -0.00000000
20.300000000000153 16603.94481958 -4600.25836586 -0.00000000
20.350000000000154 16622.91932924 -4655.42773535 -0.00000000
20.400000000000155 16642.17984264 -4709.77451585 -0.00000000
20.450000000000156 16661.73765573 -4763.26065441 -0.00000000
20.500000000000156 16681.58397904 -4815.86725961 -0.00000000
20.550000000000157 16701.69883393 -4867.59791383 -0.00000000
20.600000000000158 16722.06962673 -4918.45340863 -0.00000000
20.65000000000016 16742.69710007 -4968.40841238 -0.00000000
20.70000000000016 16763.58297151 -5017.41320968 -0.00000000
20.75000000000016 16784.71487735 -5065.42414912 -0.00000000
20.80000000000016 16806.07534579 -5112.37673771 -0.00000000
20.85000000000016 16827.64054604 -5158.29746907 -0.00000000
20.900000000000162 16849.39805265 -5203.24556747 -0.00000000
20.950000000000163 16865.58126992 -5236.42190399 -0.00000000
21.000000000000163 16877.00233781 -5259.88753585 -0.00000000
21.050000000000164 16893.67110393 -5293.19303572 -0.00000000
21.100000000000165 16915.84884708 -5335.91427253 -0.00000000
21.150000000000166 16942.81245272 -5385.35680330 -0.00000000
21.200000000000166 16973.12111416 -5437.60597300 -0.00000000
21.250000000000167 17030.19902188 -5528.33529094 -0.00000000
21.300000000000168 17084.09579782 -5602.94470752 -0.00000000
21.35000000000017 17100.92956035 -5618.14215108 -0.00000000
21.40000000000017 17097.16492896 -5611.11743822 -0.00000000
21.45000000000017 17092.17890234 -5612.89304943 -0.00000000
21.50000000000017 17099.17511009 -5634.94175100 -0.00000000
21.55000000000017 17121.09829160 -5672.69778472 -0.00000000
21.600000000000172 17152.82375868 -5715.27111069 -0.00000000
21.650000000000173 17186.36457454 -5753.82772740 -0.00000000
21.700000000000173 17215.67957150 -5784.96665215 -0.00000000
21.750000000000174 17238.87755355 -5809.82992811 -0.00000000
21.800000000000175 17257.64218721 -5831.41729309 -0.00000000
21.850000000000176 17275.11797552 -5852.27601846 -0.00000000
21.900000000000176 17293.83132973 -5873.50810842 -0.00000000
21.950000000000177 17314.66452646 -5894.94319965 -0.00000000
22.000000000000178 17337.01975115 -5915.81096387 -0.00000000
22.05000000000018 17359.67366951 -5935.35266780 -0.00000000
22.10000000000018 17381.57622485 -5953.17683946 -0.00000000
22.15000000000018 17402.31342639 -5969.26147048 -0.00000000
22.20000000000018 17422.07916256 -5983.78314532 -0.00000000
22.25000000000018 17441.33415916 -5996.94313091 -0.00000000
22.300000000000182 17460.45883353 -6008.86287822 -0.00000000
22.350000000000183 17479.58261042 -6019.56139621 -0.00000000
22.400000000000183 17498.60929943 -6028.98572548 -0.00000000
22.450000000000184 17517.34789351 -6037.05792342 -0.00000000
22.500000000000185 17535.63889822 -6043.71186781 -0.00000000
22.550000000000185 17553.41269816 -6048.90809666 -0.00000000
22.600000000000186 17570.67561902 -6052.63401194 -0.00000000
22.650000000000187 17587.46103526 -6054.89880251 -0.00000000
22.700000000000188 17603.79352326 -6055.71558139 -0.00000000
22.75000000000019 17619.66811851 -6055.11199779 -0.00000000
22.80000000000019 17635.05697500 -6053.12000896 -0.00000000
22.85000000000019 17649.93635565 -6049.71460238 -0.00000000
22.90000000000019 17664.29619492 -6044.83089705 -0.00000000
22.95000000000019 17678.12793264 -6038.41180495 -0.00000000
23.000000000000192 17691.42232279 -6030.45061277 -0.00000000
23.050000000000193 17704.16713100 -6020.98897724 -0.00000000
23.100000000000193 17716.33303994 -6010.01608112 -0.00000000
23.150000000000194 17727.89835236 -5997.50239193 -0.00000000
23.200000000000195 17738.83934040 -5983.41065651 -0.00000000
23.250000000000195 17749.12739295 -5967.71167364 -0.00000000
23.300000000000196 17758.77908665 -5950.41441645 -0.00000000
23.350000000000197 17767.82834323 -5931.54783822 -0.00000000
23.400000000000198 17776.29206984 -5911.13185662 -0.00000000
23.4500000000002 17784.16070301 -5889.16651697 -0.00000000
23.5000000000002 17791.40406203 -5865.63882488 -0.00000000
23.5500000000002 17797.98750381 -5840.53398189 -0.00000000
23.6000000000002 17803.88691786 -5813.84306696 -0.00000000
23.6500000000002 17809.09375587 -5785.56272432 -0.00000000
23.700000000000202 17813.60937114 -5755.69264667 -0.00000000
23.750000000000203 17817.43674784 -5724.23384571 -0.00000000
23.800000000000203 17820.57388608 -5691.18932628 -0.00000000
23.850000000000204 17823.01071186 -5656.56469819 -0.00000000
23.900000000000205 17824.73265010 -5620.36546304 -0.00000000
23.950000000000205 17825.72631462 -5582.59353999 -0.00000000
24.000000000000206 17825.98381481 -5543.24568426 -0.00000000
24.050000000000207 17825.50622963 -5502.31754339 -0.00000000
24.100000000000207 17824.28440265 -5459.83647597 -0.00000000
24.150000000000208 17822.32784976 -5415.74118034 -0.00000000
24.20000000000021 17819.63209170 -5369.92925189 -0.00000000
24.25000000000021 17816.16721074 -5322.32849476 -0.00000000
24.30000000000021 17811.89212301 -5272.92681154 -0.00000000
24.35000000000021 17806.77315903 -5221.76455190 -0.00000000
24.40000000000021 17800.78821042 -5168.89184606 -0.00000000
24.450000000000212 17793.92907889 -5114.34907267 -0.00000000
24.500000000000213 17786.20895762 -5058.17366575 -0.00000000
24.550000000000214 17777.63837822 -5000.35620066 -0.00000000
24.600000000000215 17768.20706057 -4940.83979457 -0.00000000
24.650000000000215 17760.80544348 -4894.57535551 -0.00000000
24.700000000000216 17751.25247462 -4835.44934313 -0.00000000
24.750000000000217 17734.61049785 -4743.09935597 -0.00000000
24.800000000000217 17718.25033977 -4667.41272801 -0.00000000
24.850000000000218 17703.10430702 -4604.02188702 -0.00000000
24.90000000000022 17689.21102160 -4542.87043589 -0.00000000
24.95000000000022 17675.47499088 -4476.94629188 -0.00000000
25.00000000000022 17660.43885232 -4404.31492324 -0.00000000
25.05000000000022 17643.22034224 -4326.66745799 -0.00000000
25.10000000000022 17623.84628649 -4246.48700357 -0.00000000
25.150000000000222 17602.96972680 -4165.27030002 -0.00000000
25.200000000000223 17581.25652491 -4083.17834167 -0.00000000
25.250000000000224 17559.12783013 -3999.75617835 -0.00000000
25.300000000000225 17536.61854898 -3914.49550311 -0.00000000
25.350000000000225 17513.50361366 -3827.09539366 -0.00000000
25.400000000000226 17489.52238576 -3737.46858855 -0.00000000
25.450000000000227 17464.55322987 -3645.62906033 -0.00000000
25.500000000000227 17438.67622745 -3551.53658801 -0.00000000
25.550000000000228 17411.97306694 -3455.22424727 -0.00000000
25.60000000000023 17384.49034388 -3356.79819772 -0.00000000
25.65000000000023 17356.31606908 -3256.30057241 -0.00000000
25.70000000000023 17327.56178415 -3153.68606880 -0.00000000
25.75000000000023 17298.32049614 -3048.86213145 -0.00000000
25.80000000000023 17268.64649258 -2941.73321975 -0.00000000
25.850000000000232 17238.56833999 -2832.24047497 -0.00000000
25.900000000000233 17208.11270734 -2720.37509616 -0.00000000
25.950000000000234 17177.32124579 -2606.12955023 -0.00000000
26.000000000000234 17146.26072577 -2489.45868305 -0.00000000
26.050000000000235 17115.02777922 -2370.31070861 -0.00000000
26.100000000000236 17083.74017044 -2248.65896094 -0.00000000
26.150000000000237 17052.52098371 -2124.50185345 -0.00000000
26.200000000000237 17021.48588086 -1997.83473814 -0.00000000
26.250000000000238 16990.74544262 -1868.63094162 -0.00000000
26.30000000000024 16960.39439008 -1736.87058999 -0.00000000
26.35000000000024 16930.49512351 -1602.59912579 -0.00000000
26.40000000000024 16901.12036617 -1465.88370212 -0.00000000
26.45000000000024 16872.37399802 -1326.77207370 -0.00000000
26.50000000000024 16844.39329532 -1185.27596308 -0.00000000
26.550000000000242 16817.31715633 -1041.38392123 -0.00000000
26.600000000000243 16791.24496880 -895.09396804 -0.00000000
26.650000000000244 16766.24007275 -746.36671624 -0.00000000
26.700000000000244 16742.36577307 -595.25157122 -0.00000000
26.750000000000245 16719.71616357 -441.86493743 -0.00000000
26.800000000000246 16698.39921517 -286.31816441 -0.00000000
26.850000000000247 16678.50634389 -128.68697187 -0.00000000
26.900000000000247 16660.08893734 31.00347308 -0.00000000
26.950000000000248 16643.21730486 192.73762778 -0.00000000
27.00000000000025 16628.15676583 357.10747260 -0.00000000
27.05000000000025 16614.69485041 523.61519118 -0.00000000
27.10000000000025 16602.60785707 691.46067843 -0.00000000
27.15000000000025 16591.94088246 860.35137272 -0.00000000
27.20000000000025 16582.87357873 1030.39878013 -0.00000000
27.250000000000252 16575.65115750 1201.87101689 -0.00000000
27.300000000000253 16570.37624022 1374.91123559 -0.00000000
27.350000000000254 16566.98834804 1549.46533674 -0.00000000
27.400000000000254 16565.35557795 1725.38356057 -0.00000000
27.450000000000255 16565.28743140 1902.54551878 -0.00000000
27.500000000000256 16566.73792795 2080.86532010 -0.00000000
27.550000000000257 16569.69826986 2260.15948249 -0.00000000
27.600000000000257 16574.08442751 2440.32733544 -0.00000000
27.650000000000258 16580.02883890 2621.32776762 -0.00000000
27.70000000000026 16587.72330904 2803.12517404 -0.00000000
27.75000000000026 16597.19839799 2985.64898667 -0.00000000
27.80000000000026 16608.33923904 3168.83769552 -0.00000000
27.85000000000026 16621.02803795 3352.65812852 -0.00000000
27.90000000000026 16635.06340010 3536.99463477 -0.00000000
27.950000000000262 16650.31764243 3721.71246298 -0.00000000
28.000000000000263 16666.78766081 3906.75846139 -0.00000000
28.050000000000264 16684.53219156 4092.12289483 -0.00000000
28.100000000000264 16703.61938382 4277.79909139 -0.00000000
28.150000000000265 16724.07860579 4463.78164358 -0.00000000
28.200000000000266 16745.88437696 4650.05025539 -0.00000000
28.250000000000266 16768.97134200 4836.57483230 -0.00000000
28.300000000000267 16793.29978949 5023.31005180 -0.00000000
28.350000000000268 16818.88182660 5210.18505778 -0.00000000
28.40000000000027 16845.77859149 5397.12842639 -0.00000000
28.45000000000027 16874.07885581 5584.10367808 -0.00000000
28.50000000000027 16903.86815867 5771.13152098 -0.00000000
28.55000000000027 16935.17121288 5958.18210743 -0.00000000
28.60000000000027 16967.96664517 6145.11228374 -0.00000000
28.650000000000272 17002.28214094 6331.78497277 -0.00000000
28.700000000000273 17038.21273886 6518.10849712 -0.00000000
28.750000000000274 17075.88194901 6704.02607413 -0.00000000
28.800000000000274 17115.40751644 6889.49319397 -0.00000000
28.850000000000275 17156.89915018 7074.45964966 -0.00000000
28.900000000000276 17200.46959433 7258.83261385 -0.00000000
28.950000000000276 17246.21379966 7442.46635228 -0.00000000
29.000000000000277 17294.28604741 7625.24792646 -0.00000000
29.050000000000278 17344.79966740 7807.15348263 -0.00000000
29.10000000000028 17397.77066905 7988.17754729 -0.00000000
29.15000000000028 17453.11443026 8168.26593016 -0.00000000
29.20000000000028 17510.78850210 8347.22351407 -0.00000000
29.25000000000028 17570.70108438 8524.75847430 -0.00000000
29.30000000000028 17632.73962946 8700.61439000 -0.00000000
29.350000000000282 17696.87296663 8874.52819731 -0.00000000
29.400000000000283 17763.11211708 9046.17644380 -0.00000000
29.450000000000284 17831.43018421 9215.40012436 -0.00000000
29.500000000000284 17901.79965798 9382.23432566 -0.00000000
29.550000000000285 17974.06346985 9546.70713848 -0.00000000
29.600000000000286 18047.98344798 9708.67962236 -0.00000000
29.650000000000286 18123.91442462 9867.62556605 -0.00000000
29.700000000000287 18202.25757855 10023.05716575 -0.00000000
29.750000000000288 18283.08594013 10174.62158904 -0.00000000
29.80000000000029 18366.04966228 10321.97813960 -0.00000000
29.85000000000029 18450.68719357 10464.87135259 -0.00000000
29.90000000000029 18536.85801993 10603.20728266 -0.00000000
29.95000000000029 18624.59703636 10737.11820419 -0.00000000
30.00000000000029 18713.88707083 10866.48544440 -0.00000000
30.050000000000292 18804.72671162 10990.78671139 -0.00000000
30.100000000000293 18897.28417464 11109.47617458 -0.00000000
30.150000000000293 18991.96238447 11222.28843005 -0.00000000
30.200000000000294 19089.09882991 11328.23416408 -0.00000000
30.250000000000295 19188.87581998 11428.38928766 -0.00000000
30.300000000000296 19290.24292360 11523.10000604 -0.00000000
30.350000000000296 19391.73762470 11611.64849617 -0.00000000
30.400000000000297 19492.95302773 11693.54435987 -0.00000000
30.450000000000298 19593.73130845 11768.18297854 -0.00000000
30.5000000000003 19695.70390845 11836.83365771 -0.00000000
30.5500000000003 19799.22704988 11899.29800204 -0.00000000
30.6000000000003 19903.71906128 11954.12198406 -0.00000000
30.6500000000003 20008.83963486 12000.02875312 -0.00000000
30.7000000000003 20114.27714781 12036.43107590 -0.00000000
30.750000000000302 20219.48564091 12063.78200184 -0.00000000
30.800000000000303 20324.58662233 12082.26969436 -0.00000000
30.850000000000303 20430.03781292 12091.68444426 -0.00000000
30.900000000000304 20536.16404668 12091.70299541 -0.00000000
30.950000000000305 20642.96084797 12081.93684556 -0.00000000
31.000000000000306 20750.12443630 12062.28820416 -0.00000000
31.050000000000306 20857.19768753 12032.70727660 -0.00000000
31.100000000000307 20963.79387419 11993.02762397 -0.00000000
31.150000000000308 21069.65185697 11942.96578673 -0.00000000
31.20000000000031 21174.55831220 11882.19796891 -0.00000000
31.25000000000031 21278.25422249 11810.45843280 -0.00000000
31.30000000000031 21380.45017162 11727.67641259 -0.00000000
31.35000000000031 21480.86368070 11633.99295857 -0.00000000
31.40000000000031 21578.91304766 11528.95150015 -0.00000000
31.450000000000312 21674.09198578 11412.37609921 -0.00000000
31.500000000000313 21765.94070451 11284.42268321 -0.00000000
31.550000000000313 21853.88405678 11144.83231484 -0.00000000
31.600000000000314 21937.30454842 10994.24504498 -0.00000000
31.650000000000315 22015.79766547 10831.40811150 -0.00000000
31.700000000000315 22089.10162685 10654.06749203 -0.00000000
31.750000000000316 22156.86919116 10461.21416655 -0.00000000
31.800000000000317 22218.63480738 10253.16452433 -0.00000000
31.850000000000318 22273.92264355 10030.59136895 -0.00000000
31.90000000000032 22322.36387246 9793.68866774 -0.00000000
31.95000000000032 22363.73444070 9542.07838393 -0.00000000
32.00000000000032 22397.96933513 9275.22301508 -0.00000000
32.05000000000032 22425.25407316 8992.76736861 -0.00000000
32.100000000000314 22446.22732173 8694.68751277 -0.00000000
32.15000000000031 22460.80213431 8381.35141552 -0.00000000
32.20000000000031 22468.63717376 8053.10123782 -0.00000000
32.250000000000306 22469.71029910 7710.13563545 -0.00000000
32.3000000000003 22464.37741020 7352.66244068 -0.00000000
32.3500000000003 22453.06697819 6980.92396262 -0.00000000
32.4000000000003 22436.08616085 6595.39661318 -0.00000000
32.450000000000294 22413.66206061 6196.29633734 -0.00000000
32.50000000000029 22386.56391914 5784.07953453 -0.00000000
32.55000000000029 22355.57124899 5359.22962545 -0.00000000
32.600000000000286 22321.28640751 4922.22585379 -0.00000000
32.65000000000028 22284.34176379 4473.73978466 -0.00000000
32.70000000000028 22245.17209730 4014.26938711 -0.00000000
32.75000000000028 22204.11220912 3544.20218852 -0.00000000
32.800000000000274 22161.54820248 3063.98191712 -0.00000000
32.85000000000027 22118.28786279 2574.43841116 -0.00000000
32.90000000000027 22074.80535364 2076.37807959 -0.00000000
32.950000000000266 22031.61455153 1570.46769630 -0.00000000
33.00000000000026 21989.86354406 1057.49025607 -0.00000000
33.05000000000026 21950.40892108 537.49821126 -0.00000000
33.10000000000026 21913.73686267 11.00695076 -0.00000000
33.150000000000254 21880.20104279 -521.88126271 -0.00000000
33.20000000000025 21850.28360561 -1060.68574283 -0.00000000
33.25000000000025 21824.57268310 -1604.51708818 -0.00000000
33.300000000000246 21803.81136861 -2152.40959095 -0.00000000
33.35000000000024 21788.68404724 -2703.48530104 -0.00000000
33.40000000000024 21779.83153184 -3256.92351429 -0.00000000
33.45000000000024 21777.91307201 -3811.87980910 -0.00000000
33.500000000000234 21783.72272623 -4367.34182567 -0.00000000
33.55000000000023 21797.19007058 -4923.13985761 -0.00000000
33.60000000000023 21818.04996812 -5478.99283985 -0.00000000
33.650000000000226 21846.32598945 -6034.01789696 -0.00000000
33.70000000000022 21882.59002335 -6587.12856245 -0.00000000
33.75000000000022 21927.16053338 -7137.57716928 -0.00000000
33.80000000000022 21979.71798865 -7684.92193668 -0.00000000
33.850000000000215 22040.04737791 -8228.69883165 -0.00000000
33.90000000000021 22108.42876626 -8768.18870849 -0.00000000
33.95000000000021 22185.25471877 -9302.49252890 -0.00000000
34.000000000000206 22270.22043182 -9830.07195494 -0.00000000
34.0500000000002 22362.17489334 -10349.21866973 -0.00000000
34.1000000000002 22459.96153832 -10859.32646521 -0.00000000
34.1500000000002 22562.90368597 -11360.60599401 -0.00000000
34.200000000000195 22670.86647056 -11854.03547996 -0.00000000
34.25000000000019 22785.37616169 -12337.39062918 -0.00000000
34.30000000000019 22906.81730026 -12808.92999633 -0.00000000
34.350000000000186 23036.31595941 -13269.12008655 -0.00000000
34.40000000000018 23171.84179742 -13715.87187553 -0.00000000
34.45000000000018 23310.73174879 -14147.39924051 -0.00000000
34.50000000000018 23451.04478018 -14561.63411124 -0.00000000
34.550000000000175 23591.37274792 -14957.86355454 -0.00000000
34.60000000000017 23730.82624420 -15337.71286720 -0.00000000
34.65000000000017 23868.16101730 -15702.60741170 -0.00000000
34.700000000000166 24001.79249340 -16051.29681160 -0.00000000
34.75000000000016 24130.95533826 -16381.72328993 -0.00000000
34.80000000000016 24255.34456118 -16692.29417863 -0.00000000
34.85000000000016 24373.88636039 -16980.01816955 -0.00000000
34.900000000000155 24487.19927145 -17244.65080786 -0.00000000
34.95000000000015 24595.33752185 -17487.14958821 -0.00000000
35.00000000000015 24697.83684400 -17707.02015907 -0.00000000
35.050000000000146 24793.33319916 -17905.55456819 -0.00000000
35.10000000000014 24880.90418268 -18082.99957731 -0.00000000
35.15000000000014 24958.80154376 -18235.98572002 -0.00000000
35.20000000000014 25025.61167394 -18360.87949515 -0.00000000
35.250000000000135 25085.79280773 -18462.35172782 -0.00000000
35.30000000000013 25141.77857183 -18546.48199205 -0.00000000
35.35000000000013 25191.12463287 -18609.46955581 -0.00000000
35.40000000000013 25233.38479382 -18651.89837223 -0.00000000
35.450000000000124 25269.19715852 -18676.42019502 -0.00000000
35.50000000000012 25297.23321071 -18679.44729610 -0.00000000
35.55000000000012 25316.62197110 -18659.55037667 -0.00000000
35.600000000000115 25327.26963112 -18617.60313809 -0.00000000
35.65000000000011 25329.05412970 -18553.89999382 -0.00000000
35.70000000000011 25321.73224167 -18468.41449147 -0.00000000
35.75000000000011 25304.71263596 -18360.75882629 -0.00000000
35.800000000000104 25277.77878133 -18231.08716742 -0.00000000
35.8500000000001 25241.07645095 -18079.61604993 -0.00000000
35.9000000000001 25190.85649473 -17901.54600927 -0.00000000
35.950000000000095 25132.37599110 -17701.61524356 -0.00000000
36.00000000000009 25069.08949596 -17481.35298733 -0.00000000
36.05000000000009 25000.68556698 -17238.03598087 -0.00000000
36.10000000000009 24924.74437232 -16971.04105597 -0.00000000
36.150000000000084 24839.42112282 -16683.72807867 -0.00000000
36.20000000000008 24745.82216213 -16380.21755825 -0.00000000
36.25000000000008 24642.56790634 -16059.37646104 -0.00000000
36.300000000000075 24527.96573047 -15718.00759750 -0.00000000
36.35000000000007 24402.28204559 -15354.59750258 -0.00000000
36.40000000000007 24267.01906853 -14970.63001305 -0.00000000
36.45000000000007 24122.83291048 -14570.31435634 -0.00000000
36.500000000000064 23974.08935994 -14153.71458776 -0.00000000
36.55000000000006 23824.36997030 -13720.47928609 -0.00000000
36.60000000000006 23673.98024699 -13269.61131364 -0.00000000
36.650000000000055 23519.99905357 -12802.38252438 -0.00000000
36.70000000000005 23363.93753005 -12321.25756758 -0.00000000
36.75000000000005 23210.85199229 -11827.80399865 -0.00000000
36.80000000000005 23064.98338321 -11324.39781045 -0.00000000
36.850000000000044 22925.32945955 -10811.15846788 -0.00000000
36.90000000000004 22788.05288337 -10287.57845943 -0.00000000
36.95000000000004 22652.33984843 -9755.35491101 -0.00000000
37.000000000000036 22521.20160931 -9218.11582873 -0.00000000
37.05000000000003 22395.46572005 -8674.85105431 -0.00000000
37.10000000000003 22276.58101526 -8124.82447964 -0.00000000
37.15000000000003 22166.15745494 -7569.40729344 -0.00000000
37.200000000000024 22064.39101521 -7009.88551858 -0.00000000
37.25000000000002 21970.48278196 -6446.03423899 -0.00000000
37.30000000000002 21881.60322174 -5880.54092380 -0.00000000
37.350000000000016 21803.32928378 -5314.54092419 -0.00000000
37.40000000000001 21738.03291850 -4745.95150926 -0.00000000
37.45000000000001 21682.24176018 -4169.98755515 -0.00000000
37.50000000000001 21635.58404684 -3588.39710039 -0.00000000
37.550000000000004 21604.92466298 -3011.59000229 -0.00000000
37.6 21587.44054290 -2439.90393049 -0.00000000
37.65 21586.29418660 -2171.57886916 -0.00000000
37.699999999999996 21596.41121374 -1735.91606062 -0.00000000
37.74999999999999 21617.04324914 -1131.44904206 -0.00000000
37.79999999999999 21663.26586069 95.09382551 -0.00000000
37.84999999999999 21683.49404389 1134.31412788 -0.00000000
37.899999999999984 21682.66985802 1399.99240173 -0.00000000
37.94999999999998 21715.16509733 1513.28672859 -0.00000000
37.99999999999998 21791.86084718 1846.20935152 -0.00000000
38.049999999999976 21889.84583697 2422.71536610 -0.00000000
38.09999999999997 21983.12640561 3102.24653054 -0.00000000
38.14999999999997 22063.41174825 3756.31001444 -0.00000000
38.19999999999997 22141.66454699 4335.65654805 -0.00000000
38.249999999999964 22226.59945217 4860.84509387 -0.00000000
38.29999999999996 22326.83808053 5378.19876604 -0.00000000
38.34999999999996 22444.83940859 5913.94720994 -0.00000000
38.399999999999956 22577.01363218 6467.28405210 -0.00000000
38.44999999999995 22716.14642358 7021.72526727 -0.00000000
38.49999999999995 22857.38065717 7557.60643164 -0.00000000
38.54999999999995 23002.07682219 8073.23191048 -0.00000000
38.599999999999945 23151.33077498 8578.78384193 -0.00000000
38.64999999999994 23305.39924449 9081.94901160 -0.00000000
38.69999999999994 23463.06175018 9584.49953902 -0.00000000
38.749999999999936 23623.16812099 10080.05797314 -0.00000000
38.79999999999993 23785.42178817 10564.74702696 -0.00000000
38.84999999999993 23948.13644576 11037.29916767 -0.00000000
38.89999999999993 24108.99666851 11496.29596239 -0.00000000
38.949999999999925 24265.19616625 11939.26052634 -0.00000000
38.99999999999992 24415.92438577 12367.93116089 -0.00000000
39.04999999999992 24564.53858809 12788.04691446 -0.00000000
39.099999999999916 24712.23177297 13201.21611416 -0.00000000
39.14999999999991 24857.39328586 13602.57116307 -0.00000000
39.19999999999991 24996.31101573 13987.74757172 -0.00000000
39.24999999999991 25125.63085316 14354.88721157 -0.00000000
39.299999999999905 25244.44109277 14704.26768409 -0.00000000
39.3499999999999 25353.02930733 15036.68533255 -0.00000000
39.3999999999999 25451.62490454 15350.97131076 -0.00000000
39.449999999999896 25539.04097003 15643.61024546 -0.00000000
39.49999999999989 25614.83128532 15920.22092088 -0.00000000
39.54999999999989 25680.33662737 16184.88787300 -0.00000000
39.59999999999989 25736.64444728 16437.17767732 -0.00000000
39.649999999999885 25784.57507400 16674.18205061 -0.00000000
39.69999999999988 25824.08286728 16893.87230974 -0.00000000
39.74999999999988 25853.07425784 17099.31369261 -0.00000000
39.799999999999876 25869.54503474 17293.23608074 -0.00000000
39.84999999999987 25874.93875748 17470.34732465 -0.00000000
39.89999999999987 25871.02074038 17628.87512409 -0.00000000
39.94999999999987 25858.90849225 17770.40454913 -0.00000000
39.999999999999865 25838.27385202 17897.48229605 -0.00000000
40.04999999999986 25808.43893281 18011.95053948 -0.00000000
40.09999999999986 25768.91967936 18114.53417060 -0.00000000
40.14999999999986 25713.21062327 18204.92951853 -0.00000000
40.199999999999854 25646.82979552 18281.19508938 -0.00000000
40.24999999999985 25576.98435801 18340.81893824 -0.00000000
40.29999999999985 25505.87040179 18383.25769085 -0.00000000
40.349999999999845 25431.32243691 18410.07182168 -0.00000000
40.39999999999984 25350.94496102 18422.89186168 -0.00000000
40.44999999999984 25263.13632076 18422.51948556 -0.00000000
40.49999999999984 25167.78343681 18408.64851681 -0.00000000
40.549999999999834 25067.04679384 18381.21082744 -0.00000000
40.59999999999983 24963.73503942 18342.74233158 -0.00000000
40.64999999999983 24856.14025552 18287.10861017 -0.00000000
40.699999999999825 24742.84205150 18210.69699951 -0.00000000
40.74999999999982 24622.49473474 18116.99390091 -0.00000000
40.79999999999982 24495.59525809 18009.32009244 -0.00000000
40.84999999999982 24363.57898288 17888.45184753 -0.00000000
40.899999999999814 24227.20381884 17752.93964111 -0.00000000
40.94999999999981 24086.19866195 17601.06515700 -0.00000000
40.99999999999981 23939.91042923 17433.13021749 -0.00000000
41.049999999999805 23788.33136735 17248.13011808 -0.00000000
41.0999999999998 23635.12424118 17045.12100052 -0.00000000
41.1499999999998 23483.25337217 16825.72169115 -0.00000000
41.1999999999998 23332.95130281 16591.58542690 -0.00000000
41.249999999999794 23185.17374490 16342.27342935 -0.00000000
41.29999999999979 23041.92549041 16078.36801025 -0.00000000
41.34999999999979 22900.42649639 15800.37950619 -0.00000000
41.399999999999785 22750.46824169 15519.08874060 -0.00000000
41.44999999999978 22593.05103792 15233.20750830 -0.00000000
41.49999999999978 22435.32472897 14932.49864780 -0.00000000
41.54999999999978 22280.85755591 14611.59586854 -0.00000000
41.599999999999774 22132.29508780 14270.45181894 -0.00000000
41.64999999999977 21992.02700165 13918.40364038 -0.00000000
41.69999999999977 21857.16750826 13562.90796889 -0.00000000
41.749999999999766 21725.29217263 13203.78647843 -0.00000000
41.79999999999976 21596.62172436 12833.84059260 -0.00000000
41.84999999999976 21472.11555018 12449.24474440 -0.00000000
41.89999999999976 21353.67031696 12051.57567703 -0.00000000
41.949999999999754 21240.73450026 11643.93835570 -0.00000000
41.99999999999975 21130.49301563 11228.41909592 -0.00000000
42.04999999999975 21031.26515733 10805.62033344 -0.00000000
42.099999999999746 20947.57299662 10372.35560261 -0.00000000
42.14999999999974 20876.61945694 9929.23206470 -0.00000000
42.19999999999974 20814.30271868 9477.98421267 -0.00000000
42.24999999999974 20757.53220109 9017.23840944 -0.00000000
42.299999999999734 20706.06646125 8547.66241648 -0.00000000
42.34999999999973 20662.48779107 8068.73790437 -0.00000000
42.39999999999973 20629.80065343 7576.39808455 -0.00000000
42.449999999999726 20606.07224354 7070.46157769 -0.00000000
42.49999999999972 20588.11940833 6556.17763805 -0.00000000
42.54999999999972 20582.28520495 6050.99497592 -0.00000000
42.59999999999972 20582.22510717 5549.03310465 -0.00000000
42.649999999999714 20582.01923879 5038.91730374 -0.00000000
42.69999999999971 20581.06714090 4517.99150018 -0.00000000
42.74999999999971 20584.38071784 3986.87159821 -0.00000000
42.799999999999706 20594.76576337 3445.91573659 -0.00000000
42.8499999999997 20612.27071517 2896.26391435 -0.00000000
42.8999999999997 20640.30683571 2336.33555721 -0.00000000
42.9499999999997 20678.28189477 1767.82878630 -0.00000000
42.999999999999694 20722.77155004 1192.77616466 -0.00000000
43.04999999999969 20770.01192277 611.29712185 -0.00000000
43.09999999999969 20818.16127369 21.28270983 -0.00000000
43.149999999999686 20869.60551501 -576.66861737 -0.00000000
43.19999999999968 20928.20613911 -1179.06606184 -0.00000000
43.24999999999968 20956.10829483 -1459.47654019 -0.00000000
43.29999999999968 21093.90992883 -2455.96114291 -0.00000000
43.349999999999675 21187.99383706 -3198.46046764 -0.00000000
43.39999999999967 21252.25107845 -3748.78612035 -0.00000000
43.44999999999967 21319.81147587 -4262.35494559 -0.00000000
43.499999999999666 21408.33750387 -4826.10115815 -0.00000000
43.54999999999966 21515.72694752 -5447.13724379 -0.00000000
43.59999999999966 21635.09785631 -6095.84076558 -0.00000000
43.64999999999966 21758.27467429 -6741.61694726 -0.00000000
43.699999999999655 21880.31719324 -7369.71425383 -0.00000000
43.74999999999965 22002.99352318 -7980.99172400 -0.00000000
43.79999999999965 22130.52186765 -8583.47247347 -0.00000000
43.849999999999646 22263.59571117 -9185.79312529 -0.00000000
43.89999999999964 22400.29629469 -9790.09487421 -0.00000000
43.94999999999964 22537.57800974 -10393.73255507 -0.00000000
43.99999999999964 22673.50629376 -10992.01921615 -0.00000000
44.049999999999635 22808.29013804 -11579.02140736 -0.00000000
44.09999999999963 22943.68050389 -12150.10924952 -0.00000000
44.14999999999963 23080.05632335 -12708.42551438 -0.00000000
44.199999999999626 23216.67861052 -13258.52865397 -0.00000000
44.24999999999962 23352.86699471 -13801.53802789 -0.00000000
44.29999999999962 23487.35300294 -14334.85719789 -0.00000000
44.34999999999962 23620.23803255 -14855.81434429 -0.00000000
44.399999999999615 23751.91281138 -15363.78952218 -0.00000000
44.44999999999961 23883.08182883 -15858.63433417 -0.00000000
44.49999999999961 24014.60198900 -16339.57806568 -0.00000000
44.549999999999606 24145.16150965 -16809.02627849 -0.00000000
44.5999999999996 24273.82893697 -17267.62143081 -0.00000000
44.6499999999996 24399.83734125 -17713.46543164 -0.00000000
44.6999999999996 24522.50486544 -18143.65046592 -0.00000000
44.749999999999595 24641.72684782 -18555.77271060 -0.00000000
44.79999999999959 24759.89414289 -18945.69265837 -0.00000000
44.84999999999959 24877.64046944 -19312.87242346 -0.00000000
44.89999999999959 24991.80107288 -19661.40693640 -0.00000000
44.949999999999584 25100.25114734 -19991.59394641 -0.00000000
44.99999999999958 25202.45734186 -20301.21194097 -0.00000000
45.04999999999958 25299.13217280 -20587.71584304 -0.00000000
45.099999999999575 25391.56855889 -20850.21664585 -0.00000000
45.14999999999957 25480.44415218 -21089.82703058 -0.00000000
45.19999999999957 25565.88348052 -21307.29307554 -0.00000000
45.24999999999957 25646.99197384 -21501.90871774 -0.00000000
45.299999999999564 25723.44488066 -21672.89576241 -0.00000000
45.34999999999956 25795.94009940 -21821.23414613 -0.00000000
45.39999999999956 25865.16554166 -21947.26293750 -0.00000000
45.449999999999555 25931.53702491 -22050.80845199 -0.00000000
45.49999999999955 25996.78328057 -22135.55158095 -0.00000000
45.54999999999955 26061.72051733 -22204.22379957 -0.00000000
45.59999999999955 26122.20264319 -22251.90556331 -0.00000000
45.649999999999544 26178.91005847 -22276.72465942 -0.00000000
45.69999999999954 26231.03148770 -22277.09837236 -0.00000000
45.74999999999954 26278.16550015 -22254.55898664 -0.00000000
45.799999999999535 26320.38104446 -22210.65795467 -0.00000000
45.84999999999953 26358.98217141 -22146.41548443 -0.00000000
45.89999999999953 26396.18131584 -22062.09320278 -0.00000000
45.94999999999953 26432.38059086 -21958.57207789 -0.00000000
45.999999999999524 26466.50600425 -21836.58671065 -0.00000000
46.04999999999952 26497.78958225 -21694.90550876 -0.00000000
46.09999999999952 26525.98547751 -21532.89609292 -0.00000000
46.149999999999515 26550.33013835 -21352.22622563 -0.00000000
46.19999999999951 26569.87879485 -21153.41746616 -0.00000000
46.24999999999951 26583.64004133 -20936.27691972 -0.00000000
46.29999999999951 26590.94761109 -20699.69987806 -0.00000000
46.349999999999504 26592.03443514 -20443.04483081 -0.00000000
46.3999999999995 26587.40789988 -20166.70125071 -0.00000000
46.4499999999995 26577.15816383 -19871.61903577 -0.00000000
46.499999999999496 26560.47416340 -19559.33805248 -0.00000000
46.54999999999949 26536.46899347 -19229.98892683 -0.00000000
46.59999999999949 26505.50285074 -18881.06339698 -0.00000000
46.64999999999949 26468.06542441 -18510.13179213 -0.00000000
46.699999999999484 26423.93267536 -18116.42361887 -0.00000000
46.74999999999948 26373.49208801 -17702.00729839 -0.00000000
46.79999999999948 26315.37487927 -17268.94350768 -0.00000000
46.849999999999476 26249.31095225 -16818.09630308 -0.00000000
46.89999999999947 26176.08376215 -16348.75474842 -0.00000000
46.94999999999947 26097.04765819 -15859.74699361 -0.00000000
46.99999999999947 26012.91205508 -15350.27820353 -0.00000000
47.049999999999464 25922.88002876 -14820.25181329 -0.00000000
47.09999999999946 25826.94092171 -14272.74569234 -0.00000000
47.14999999999946 25726.19292430 -13710.26255697 -0.00000000
47.199999999999456 25622.26161022 -13132.93673620 -0.00000000
47.24999999999945 25517.82393481 -12539.66911561 -0.00000000
47.29999999999945 25413.62149350 -11927.94239309 -0.00000000
47.34999999999945 25308.01017558 -11297.84039490 -0.00000000
47.399999999999444 25202.02233601 -10661.00574710 -0.00000000
47.44999999999944 25096.40081335 -10016.77061291 -0.00000000
47.49999999999944 24990.52515049 -9359.85699666 -0.00000000
47.549999999999436 24885.87366751 -8690.37709360 -0.00000000
47.59999999999943 24785.17877660 -8010.83509855 -0.00000000
47.64999999999943 24689.95206056 -7320.87692372 -0.00000000
47.69999999999943 24597.98344468 -6617.24945879 -0.00000000
47.749999999999424 24513.49551156 -5901.71326227 -0.00000000
47.79999999999942 24439.44279616 -5176.82785796 -0.00000000
47.84999999999942 24379.21173436 -4440.20994030 -0.00000000
47.899999999999416 24335.72018411 -3688.69610877 -0.00000000
47.94999999999941 24305.13651992 -2930.53520446 -0.00000000
47.99999999999941 24285.81763955 -2170.18137303 -0.00000000
48.04999999999941 24276.92299751 -1412.49623027 -0.00000000
48.099999999999405 24279.96797092 -656.90668799 -0.00000000
48.1499999999994 24300.48961703 104.10995339 -0.00000000
48.1999999999994 24337.36162587 873.26530704 -0.00000000
48.249999999999396 24382.71806152 1472.94546351 -0.00000000
48.29999999999939 24463.36002429 2462.73592159 -0.00000000
48.34999999999939 24533.06724721 3304.52027791 -0.00000000
48.39999999999939 24609.74694735 4031.76453161 -0.00000000
48.449999999999385 24704.45635622 4742.17804320 -0.00000000
48.49999999999938 24819.35389738 5482.91109911 -0.00000000
48.54999999999938 24950.36031827 6253.10924648 -0.00000000
48.599999999999376 25093.09257129 7030.97811012 -0.00000000
48.64999999999937 25247.10859531 7800.44903791 -0.00000000
48.69999999999937 25413.99648498 8558.34601514 -0.00000000
48.74999999999937 25592.37610403 9306.41735444 -0.00000000
48.799999999999365 25780.44865511 10046.17712812 -0.00000000
48.84999999999936 25977.23126265 10777.80487804 -0.00000000
48.89999999999936 26180.22068811 11499.51641366 -0.00000000
48.949999999999356 26387.76087861 12209.96900102 -0.00000000
48.99999999999935 26599.92023086 12902.53704165 -0.00000000
49.04999999999935 26817.68605043 13572.19567263 -0.00000000
49.09999999999935 27037.67228565 14228.04189943 -0.00000000
49.149999999999345 27256.30448547 14873.32950007 -0.00000000
49.19999999999934 27470.71751236 15506.63512013 -0.00000000
49.24999999999934 27680.55373860 16122.75731184 -0.00000000
49.299999999999336 27886.76305305 16717.10999856 -0.00000000
49.34999999999933 28090.13496485 17288.47087753 -0.00000000
49.39999999999933 28292.30128832 17838.19595299 -0.00000000
49.44999999999933 28492.72195868 18370.30931315 -0.00000000
49.499999999999325 28692.47821001 18881.18126079 -0.00000000
49.54999999999932 28886.86149874 19367.48704163 -0.00000000
49.59999999999932 29071.87950857 19828.28279931 -0.00000000
49.64999999999932 29242.56639477 20264.13524173 -0.00000000
49.699999999999314 29395.40214621 20675.43805082 -0.00000000
49.74999999999931 29530.60246125 21059.71341688 -0.00000000
49.79999999999931 29648.80774780 21410.99866372 -0.00000000
49.849999999999305 29752.38368721 21730.51361709 -0.00000000
49.8999999999993 29842.46272990 22023.66634444 -0.00000000
49.9499999999993 29918.54613619 22292.14450536 -0.00000000
49.9999999999993 29980.81088881 22533.11740041 -0.00000000
50.049999999999294 30031.14725483 22748.77842486 -0.00000000
