# (1): time [s] (2): displacement/rotation [m/rad] (3): support force/ moment [N]/[N m]
0.05 0.0 0.0
0.1 -2.326553487997671e-15 -0.00010229643413579922
0.15000000000000002 -2.8757408831308155e-14 -0.001264437028249879
0.2 -1.413046696314633e-13 -0.006213037398283243
0.25 -4.682556560242194e-13 -0.020588773962133367
0.3 -1.238061596425448e-12 -0.05443643879591092
0.35 -2.820509465299011e-12 -0.12401522777569057
0.39999999999999997 -5.77220736029316e-12 -0.2537986911096522
0.44999999999999996 -1.088093385931192e-11 -0.47842473410445985
0.49999999999999994 -1.920123137207088e-11 -0.8442606243580404
0.5499999999999999 -3.20722152546275e-11 -1.4101860422765664
0.6 -5.1107941672806815e-11 -2.2471695648175807
0.65 -7.815052088275026e-11 -3.436207099214848
0.7000000000000001 -1.1517631128745677e-10 -5.064197321232369
0.7500000000000001 -1.641463952187182e-10 -7.217367231720951
0.8000000000000002 -2.2679483443690934e-10 -9.971961944138208
0.8500000000000002 -3.0435303069034534e-10 -13.382125069835041
0.9000000000000002 -3.97921269600547e-10 -17.496235163696657
0.9500000000000003 -5.071135271728111e-10 -22.297319102881602
1.0000000000000002 -6.278658919394233e-10 -27.60669040803946
1.0500000000000003 -7.508404766250107e-10 -33.013770695496426
1.1000000000000003 -8.612726431628424e-10 -37.86937230061294
1.1500000000000004 -9.404811947694436e-10 -41.352100045415526
1.2000000000000004 -9.68888221348091e-10 -42.601131085702285
1.2500000000000004 -9.298729335891127e-10 -40.88566448022118
1.3000000000000005 -8.13326778582294e-10 -35.76123638048449
1.3500000000000005 -6.177743418014362e-10 -27.162974155933355
1.4000000000000006 -3.504308446987302e-10 -15.408124510701997
1.4500000000000006 -2.5321532955913922e-11 -1.113364700878397
1.5000000000000007 3.397775099520755e-10 14.939707101921204
1.5500000000000007 7.265559134172452e-10 31.946000608320023
1.6000000000000008 1.1186774468424232e-09 49.187226664025246
1.6500000000000008 1.5031096848211643e-09 66.09036141461111
1.7000000000000008 1.8703044077903376e-09 82.23557835761683
1.7500000000000009 2.213216241573521e-09 97.31309881865627
1.800000000000001 2.5259289196552124e-09 111.06278995700382
1.850000000000001 2.803584368651073e-09 123.27104671842294
1.900000000000001 3.0423526847080725e-09 133.76947172487394
1.950000000000001 3.2393615327767285e-09 142.43177102492987
2.000000000000001 3.3926683124543596e-09 149.17253025130017
2.0500000000000007 3.5012812027539482e-09 153.9481399401163
2.1000000000000005 3.5652282911289797e-09 156.75983507108123
2.1500000000000004 3.586295609632168e-09 157.6861458439894
2.2 3.5689882304599417e-09 156.92515617292077
2.25 3.521116271094958e-09 154.8202697976901
2.3 3.4541751121403436e-09 151.87692811511036
2.3499999999999996 3.3833790808589956e-09 148.76409121348325
2.3999999999999995 3.3269208349235003e-09 146.28167365181622
2.4499999999999993 3.3042404735058284e-09 145.2844388536875
2.499999999999999 3.3327091670094174e-09 146.53618133239945
2.549999999999999 3.426671906057973e-09 150.66763723740527
2.5999999999999988 3.596360469924834e-09 158.12868856794836
2.6499999999999986 3.846589951956138e-09 169.13105058520023
2.6999999999999984 4.175798246714487e-09 183.60603893833283
2.7499999999999982 4.575709319344758e-09 201.1897639257638
2.799999999999998 5.031722413316914e-09 221.24024360449764
2.849999999999998 5.5219297984561134e-09 242.79421506720948
2.8999999999999977 6.020549031893297e-09 264.7180478246709
2.9499999999999975 6.501484746131181e-09 285.8643523772609
2.9999999999999973 6.941118509283497e-09 305.19464782423563
3.049999999999997 7.3217337079349365e-09 321.92995083824053
3.099999999999997 7.633600238629496e-09 335.64243764799494
3.149999999999997 7.875633640723128e-09 346.2844255084346
3.1999999999999966 8.054948999235482e-09 354.16875821611853
3.2499999999999964 8.18560940764916e-09 359.9137771604067
3.2999999999999963 8.284619924602764e-09 364.26717925433957
3.349999999999996 8.371136116593016e-09 368.0712172793703
3.399999999999996 8.462565403312127e-09 372.09127959695496
3.4499999999999957 8.574839339038935e-09 377.02786211289316
3.4999999999999956 8.722520439524348e-09 383.5212653580128
3.5499999999999954 8.918044300603195e-09 392.11827113501874
3.599999999999995 9.170920066966179e-09 403.2369878598829
3.649999999999995 9.486957048707929e-09 417.1328455970913
3.699999999999995 9.867427983333001e-09 433.8618054534824
3.7499999999999947 1.030835488384091e-08 453.2489589701329
3.7999999999999945 1.0800147660244015e-08 474.8726386402185
3.8499999999999943 1.1327632242815951e-08 498.06565446258827
3.899999999999994 1.1866403572761768e-08 521.7549382690366
3.949999999999994 1.2385526901214049e-08 544.5803173765162
3.999999999999994 1.2852179431409132e-08 565.0986033586234
4.049999999999994 1.3236176315611602e-08 581.9825960008804
4.099999999999993 1.3514984232207886e-08 594.2415257111867
4.149999999999993 1.3679702725700121e-08 601.4840475820156
4.199999999999993 1.3734055479823305e-08 603.8738885897316
4.249999999999993 1.3690177818091384e-08 601.9446278370569
4.299999999999993 1.3563988602432711e-08 596.3962031587207
4.3499999999999925 1.3371619269359693e-08 587.9378990999612
4.399999999999992 1.3127002123589282e-08 577.1823063874436
4.449999999999992 1.2840283706014585e-08 564.5755591666035
4.499999999999992 1.2517044451713788e-08 550.363024076278
4.549999999999992 1.2158118240693979e-08 534.5813660595521
4.599999999999992 1.1760007027300515e-08 517.0767792405843
4.6499999999999915 1.1316061075654465e-08 497.55688079995133
4.699999999999991 1.0818424165697013e-08 475.67623990962846
4.749999999999991 1.0260196964471204e-08 451.13149919440247
4.799999999999991 9.637121596754848e-09 423.73544376560983
4.849999999999991 8.948734637353459e-09 393.46769724027496
4.899999999999991 8.198910778214538e-09 360.49862628808705
4.94999999999999 7.3950293169472975e-09 325.15269189210267
4.99999999999999 6.5469999292572896e-09 287.86561345157475
5.04999999999999 5.666303294546049e-09 249.1421859648955
5.09999999999999 4.765030346711005e-09 209.5140367638497
5.14999999999999 3.855112086889457e-09 169.50576108268075
5.1999999999999895 2.9477691102366655e-09 129.61071825277133
5.249999999999989 2.053170275611085e-09 90.2760237201305
5.299999999999989 1.1802624413277975e-09 51.89506268182023
5.349999999999989 3.367227422617313e-10 14.805391753725877
5.399999999999989 -4.710137728533392e-10 -20.710045842622872
5.449999999999989 -1.2376906098157097e-09 -54.42012685316636
5.4999999999999885 -1.959157810271817e-09 -86.14238139549198
5.549999999999988 -2.6323022481572893e-09 -115.73992815694419
5.599999999999988 -3.2549646284219047e-09 -143.11782490429073
5.649999999999988 -3.825793450943857e-09 -168.21664741027524
5.699999999999988 -4.3440325304824786e-09 -191.00314689980382
5.749999999999988 -4.8093214118656e-09 -211.46147448783296
5.799999999999987 -5.221543102448045e-09 -229.58648611449755
5.849999999999987 -5.5807064321306e-09 -245.3785700224789
5.899999999999987 -5.8868568139157396e-09 -258.8397229800612
5.949999999999987 -6.140454669930226e-09 -269.9901893280723
5.999999999999987 -6.343345473845338e-09 -278.9111128600407
6.0499999999999865 -6.4995037900467385e-09 -285.7772515456387
6.099999999999986 -6.618759620585617e-09 -291.0208216062307
6.149999999999986 -6.715605301223828e-09 -295.27903782255754
6.199999999999986 -6.80676534529719e-09 -299.28726178666375
6.249999999999986 -6.9092223525084514e-09 -303.7922029126717
6.299999999999986 -7.035633064385549e-09 -309.35036657764044
6.349999999999985 -7.194978777835229e-09 -316.3566522120859
6.399999999999985 -7.393811349654936e-09 -325.0991389815226
6.449999999999985 -7.636554787426581e-09 -335.7723464628927
6.499999999999985 -7.925325797725501e-09 -348.4693443130454
6.549999999999985 -8.259729229244888e-09 -363.1727580895536
6.5999999999999845 -8.636852524533359e-09 -379.7545252986775
6.649999999999984 -9.05152808773054e-09 -397.9874314653155
6.699999999999984 -9.496849967699964e-09 -417.56782821893967
6.749999999999984 -9.96488174668841e-09 -438.1467585120739
6.799999999999984 -1.0447460916266463e-08 -459.3653242964937
6.849999999999984 -1.0936989874862824e-08 -480.8894659631087
6.8999999999999835 -1.1427105280485062e-08 -502.4393931703812
6.949999999999983 -1.1913135757582793e-08 -523.8097097974919
6.999999999999983 -1.2392292003148888e-08 -544.8777727361584
7.049999999999983 -1.286357919793936e-08 -565.5998406918886
7.099999999999983 -1.3327469030312487e-08 -585.9966533714311
7.149999999999983 -1.3785401161360666e-08 -606.1315113594815
7.199999999999982 -1.4239183942206944e-08 -626.0839262049928
7.249999999999982 -1.4690371653081544e-08 -645.9222381915736
7.299999999999982 -1.5139749365672717e-08 -665.6809662050622
7.349999999999982 -1.5587023011307165e-08 -685.3471803141998
7.399999999999982 -1.603073431550216e-08 -704.8567615205006
7.4499999999999815 -1.646970064414985e-08 -724.1577104812695
7.499999999999981 -1.6902573302367487e-08 -743.1907263130522
7.549999999999981 -1.73272669277155e-08 -761.8641175320511
7.599999999999981 -1.7740908305076118e-08 -780.0515514910394
7.649999999999981 -1.814074252670201e-08 -797.6318974099262
7.699999999999981 -1.852401942121666e-08 -814.4842327625233
7.7499999999999805 -1.8887572983174024e-08 -830.4693511780102
7.79999999999998 -1.9227768181510618e-08 -845.4274236571026
7.84999999999998 -1.9540816636252518e-08 -859.1918785888392
7.89999999999998 -1.9823272355967127e-08 -871.6111988740277
7.94999999999998 -2.0072450186868697e-08 -882.5673207506244
7.99999999999998 -2.028656845288788e-08 -891.9819055474493
8.04999999999998 -2.0464566108936357e-08 -899.8083000800593
8.09999999999998 -2.060558655720219e-08 -906.0088405242175
8.14999999999998 -2.070850625614515e-08 -910.5341257835114
8.199999999999982 -2.0771876102495922e-08 -913.3204401093413
8.249999999999982 -2.0794019791783073e-08 -914.294077923547
8.299999999999983 -2.077407700858503e-08 -913.4172119419877
8.349999999999984 -2.0711467043074533e-08 -910.6643088833946
8.399999999999984 -2.060554747303136e-08 -906.0071220288861
8.449999999999985 -2.04556001804797e-08 -899.4140763862717
8.499999999999986 -2.026088760683058e-08 -890.8527421773377
8.549999999999986 -2.0020694125323444e-08 -880.2916539463555
8.599999999999987 -1.9734355976022007e-08 -867.7016267745364
8.649999999999988 -1.9401315869967334e-08 -853.0581571748229
8.699999999999989 -1.902123860117325e-08 -836.3465064458422
8.74999999999999 -1.8594201476711237e-08 -817.5700737089934
8.79999999999999 -1.8120938796431524e-08 -796.7611454587206
8.84999999999999 -1.7603086482140272e-08 -773.991651684237
8.899999999999991 -1.704335424209743e-08 -749.3807357854132
8.949999999999992 -1.644555645852903e-08 -723.0961126685115
8.999999999999993 -1.581445950004806e-08 -695.3473552126433
9.049999999999994 -1.515544484239244e-08 -666.371081995983
9.099999999999994 -1.4474031831339924e-08 -636.4099736165654
9.149999999999995 -1.3775338236740246e-08 -605.689053745265
9.199999999999996 -1.3063571714388894e-08 -574.3933291683733
9.249999999999996 -1.2341637979283549e-08 -542.6505615231837
9.299999999999997 -1.161092513323978e-08 -510.5217843800322
9.349999999999998 -1.0871283903024187e-08 -478.00043433104224
9.399999999999999 -1.0121175867809108e-08 -445.018868416066
9.45 -9.357920883102465e-09 -411.4592431271323
9.5 -8.577963723508373e-09 -377.16523844734735
9.55 -7.777098956555979e-09 -341.9519453479756
9.600000000000001 -6.950624142374868e-09 -305.6126018383887
9.650000000000002 -6.09342205601041e-09 -267.9222082062526
9.700000000000003 -5.199998764327956e-09 -228.6392012242637
9.750000000000004 -4.26452592440009e-09 -187.5073139716437
9.800000000000004 -3.280951929957449e-09 -144.26046284217279
9.850000000000005 -2.243235898295917e-09 -98.63303573501096
9.900000000000006 -1.1456030195133257e-09 -50.371119527656845
9.950000000000006 1.7203239543842755e-11 0.7564107466249015
10.000000000000007 1.2493664556329233e-09 54.933503140787536
10.050000000000008 2.5719621505472786e-09 113.08682911892356
10.100000000000009 4.026736151780691e-09 177.05191462732768
10.15000000000001 5.6603357745825945e-09 248.87979955682673
10.20000000000001 7.496905742261631e-09 329.63210536182163
10.25000000000001 9.513200283793277e-09 418.28673669964627
10.300000000000011 1.163260839617621e-08 511.4751776676866
10.350000000000012 1.3753428588722208e-08 604.7257065121246
10.400000000000013 1.579959303869834e-08 694.6936904711534
10.450000000000014 1.7762969049098558e-08 781.0215422776344
10.500000000000014 1.9703985496039763e-08 866.366264479535
10.550000000000015 2.172097974728839e-08 955.0516614152048
10.600000000000016 2.392017169928731e-08 1051.7481250169317
10.650000000000016 2.6396684733486907e-08 1160.6381435771673
10.700000000000017 2.9209547019620257e-08 1284.3171318621776
10.750000000000018 3.236287794406737e-08 1422.9662155325916
10.800000000000018 3.580973361938955e-08 1574.5213146890117
10.85000000000002 3.9472796148015024e-08 1735.5828319195257
10.90000000000002 4.326991878120053e-08 1902.538849632024
10.95000000000002 4.7134938831525096e-08 2072.4802548269886
11.000000000000021 5.102964632409408e-08 2243.7269897708215
11.050000000000022 5.4947018457670954e-08 2415.970268300708
11.100000000000023 5.8904756523242465e-08 2589.988400030799
11.150000000000023 6.293316087183939e-08 2767.113663750085
11.200000000000024 6.706951583733089e-08 2948.9854176008225
11.250000000000025 7.135573655569558e-08 3137.4466318689088
11.300000000000026 7.583310136214167e-08 3334.312277291377
11.350000000000026 8.053934792180934e-08 3541.241644572856
11.400000000000027 8.551169838947575e-08 3759.871357897657
11.450000000000028 9.078714727572378e-08 3991.8280321425723
11.500000000000028 9.639469512520063e-08 4238.386794795841
11.55000000000003 1.0234884792832312e-07 4500.185461020924
11.60000000000003 1.0864702513868422e-07 4777.110566546777
11.65000000000003 1.1526756010965018e-07 5068.209448689413
11.700000000000031 1.2217215767190225e-07 5371.7983037941385
11.750000000000032 1.2929418039593164e-07 5684.947144884985
11.800000000000033 1.3653894390955569e-07 6003.492786506454
11.850000000000033 1.4379311087020395e-07 6322.451889113937
11.900000000000034 1.5093552415933337e-07 6636.49728474802
11.950000000000035 1.5784691779478556e-07 6940.384956990664
12.000000000000036 1.6441782240775512e-07 7229.301637574597
12.050000000000036 1.7055432181871336e-07 7499.1179177744225
12.100000000000037 1.7618126606931386e-07 7746.529522487955
12.150000000000038 1.8124276634807318e-07 7969.079071666834
12.200000000000038 1.857012555712517e-07 8165.114774914981
12.250000000000039 1.8953706866442823e-07 8333.771976852375
12.30000000000004 1.9274855857092685e-07 8474.978257899736
12.35000000000004 1.9535042130705935e-07 8589.379788485752
12.400000000000041 1.9736907449204864e-07 8678.1381272244
12.450000000000042 1.9883706713003203e-07 8742.684424130106
12.500000000000043 1.9978937708590543e-07 8784.556624008783
12.550000000000043 2.002612983563278e-07 8805.30657169152
12.600000000000044 2.0028932997780044e-07 8806.539096511813
12.650000000000045 1.9991088842390125e-07 8789.899366674346
12.700000000000045 1.9916450835174892e-07 8757.081715893872
12.750000000000046 1.9809176797650582e-07 8709.9143003554
12.800000000000047 1.967376024893814e-07 8650.37287941785
12.850000000000048 1.951398189923147e-07 8580.119796858538
12.900000000000048 1.9332627735729122e-07 8500.380025829516
12.950000000000049 1.9131366819455164e-07 8411.887437234664
13.00000000000005 1.8910762218760378e-07 8314.889607090425
13.05000000000005 1.8670557081627666e-07 8209.273599908382
13.100000000000051 1.8410141964347335e-07 8094.771448849904
13.150000000000052 1.812902143453496e-07 7971.165316815852
13.200000000000053 1.782720317883289e-07 7838.458583552732
13.250000000000053 1.750555225985182e-07 7697.031609197697
13.300000000000054 1.7166023758397115e-07 7547.744024942843
13.350000000000055 1.6811733044041822e-07 7391.965630365018
13.400000000000055 1.6446865421251734e-07 7231.5366656514025
13.450000000000056 1.6076456128741857e-07 7068.67107932381
13.500000000000057 1.5706075600040096e-07 6905.818140180207
13.550000000000058 1.5341575326297552e-07 6745.550695491128
13.600000000000058 1.4988868942413167e-07 6590.468916566039
13.650000000000059 1.465365875358771e-07 6443.080054974277
13.70000000000006 1.4341155761994997e-07 6305.67534082684
13.75000000000006 1.40555593758099e-07 6180.101215583108
13.800000000000061 1.3800188595371627e-07 6067.817013409899
13.850000000000062 1.357772910075449e-07 5970.0036033319275
13.900000000000063 1.339035981852252e-07 5887.619039479021
13.950000000000063 1.323962168477028e-07 5821.3408573925635
14.000000000000064 1.312614271121253e-07 5771.445188093599
14.050000000000065 1.3049486451904386e-07 5737.7401302822645
14.100000000000065 1.300819711529221e-07 5719.585585694968
14.150000000000066 1.2999996335967443e-07 5715.979777849217
14.200000000000067 1.3022044366408598e-07 5725.674095669474
14.250000000000068 1.3071176143814332e-07 5747.276889919805
14.300000000000068 1.314405182983403e-07 5779.319664149901
14.350000000000069 1.3237206202621213e-07 5820.278791930312
14.40000000000007 1.3347021646268508e-07 5868.563640553446
14.45000000000007 1.3469671259757417e-07 5922.49155655785
14.500000000000071 1.3601078410047523e-07 5980.270081590576
14.550000000000072 1.373692279875414e-07 6039.999619869984
14.600000000000072 1.3872700970381813e-07 6099.700043103938
14.650000000000073 1.4003830395869795e-07 6157.356455075112
14.700000000000074 1.4125775950436686e-07 6210.974802795291
14.750000000000075 1.4234443091628813e-07 6258.75475330592
14.800000000000075 1.4326115482264703e-07 6299.062267055911
14.850000000000076 1.4397329212335215e-07 6330.3742944187225
14.900000000000077 1.444486542583743e-07 6351.275533778493
14.950000000000077 1.446581743906421e-07 6360.487942829575
15.000000000000078 1.4457684380518785e-07 6356.91191119262
15.050000000000079 1.44184658966628e-07 6339.667901667903
15.10000000000008 1.4346743109972653e-07 6308.132046754035
15.15000000000008 1.4241737503981095e-07 6261.9620398635
15.200000000000081 1.4103344391940628e-07 6201.111851188577
15.250000000000082 1.3932141095929455e-07 6125.835323979604
15.300000000000082 1.3729371916080918e-07 6036.679565652304
15.350000000000083 1.3496912743270904e-07 5934.469388309302
15.400000000000084 1.3237218271054432e-07 5820.284098310287
15.450000000000085 1.2953254710205624e-07 5695.427911469135
15.500000000000085 1.2648421107216068e-07 5561.39535751553
15.550000000000086 1.23264629552227e-07 5419.833295608161
15.600000000000087 1.199138231805084e-07 5272.501396696464
15.650000000000087 1.1647347983675137e-07 5121.232638817158
15.700000000000088 1.1298607230235585e-07 4967.894511416522
15.750000000000089 1.0949399975708072e-07 4814.351267743833
15.80000000000009 1.0603876316542171e-07 4662.427667342774
15.85000000000009 1.0266019291460434e-07 4513.875015998677
15.900000000000091 9.939574607134931e-08 4370.340266759681
15.950000000000092 9.627988387132739e-08 4233.338648716035
16.000000000000092 9.334353358348713e-08 4104.2300056655795
16.050000000000093 9.061363526871292e-08 3984.1988675054713
16.100000000000094 8.811277336112585e-08 3874.2382511981336
16.150000000000095 8.585889282322094e-08 3775.1371803716115
16.200000000000095 8.386509926404917e-08 3687.4718966984087
16.250000000000096 8.213954471732255e-08 3611.600837662982
16.300000000000097 8.068540321240956e-08 3547.6635624407013
16.350000000000097 7.95009398996173e-08 3495.5837912734355
16.400000000000098 7.857967454467011e-08 3455.0765941726036
16.4500000000001 7.791063593260081e-08 3425.6595768261614
16.5000000000001 7.747869924064642e-08 3406.6677145770045
16.5500000000001 7.726499468034739e-08 3397.271320043232
16.6000000000001 7.724737341283534e-08 3396.496528988251
16.6500000000001 7.74009162959253e-08 3403.2476694662423
16.700000000000102 7.769847215665848e-08 3416.3309291747523
16.750000000000103 7.811121426024113e-08 3434.4788228862144
16.800000000000104 7.860920422607348e-08 3456.3749873212305
16.850000000000104 7.916194991940353e-08 3480.67871113557
16.900000000000105 7.973895938716749e-08 3506.0492909736677
16.950000000000106 8.031028671563491e-08 3531.170032331241
17.000000000000107 8.084706225164452e-08 3554.7715628992632
17.050000000000107 8.132199948480737e-08 3575.654119711957
17.100000000000108 8.170987071856161e-08 3592.708463969075
17.15000000000011 8.19879431852486e-08 3604.9350566178896
17.20000000000011 8.21363666502876e-08 3611.4611009551018
17.25000000000011 8.213850328288439e-08 3611.555046740934
17.30000000000011 8.198119107431812e-08 3604.638172460856
17.35000000000011 8.165493341670545e-08 3590.2929209308777
17.400000000000112 8.115400927439558e-08 3568.2677434332672
17.450000000000113 8.047650023119334e-08 3538.478288958273
17.500000000000114 7.962423369836344e-08 3501.004907111886
17.550000000000114 7.860264635786006e-08 3456.086643839241
17.600000000000115 7.742057447871108e-08 3404.112021827342
17.650000000000116 7.608997882757611e-08 3345.6069450732907
17.700000000000117 7.462561306113534e-08 3281.2201184001797
17.750000000000117 7.304464550776786e-08 3211.706417542573
17.800000000000118 7.136624481192055e-08 3137.9086703074595
17.85000000000012 6.961113996885111e-08 3060.738311703327
17.90000000000012 6.780116493291878e-08 2981.155360782201
17.95000000000012 6.595879734173084e-08 2900.148138761232
18.00000000000012 6.41067000659596e-08 2818.713111386432
18.05000000000012 6.226727341805708e-08 2737.835199958426
18.100000000000122 6.04622250423691e-08 2658.468869793194
18.150000000000123 5.8712163869896536e-08 2581.5202767833953
18.200000000000124 5.703622415385579e-08 2507.8307365849955
18.250000000000124 5.5447203178820595e-08 2437.962934124546
18.300000000000125 5.395491785930795e-08 2372.3485101764736
18.350000000000126 5.2569059917572615e-08 2311.4136009256595
18.400000000000126 5.1299544482657885e-08 2255.5941655496417
18.450000000000127 5.015562598754589e-08 2205.2971130229625
18.500000000000128 4.914302113973521e-08 2160.773801758451
18.55000000000013 4.8264600146943614e-08 2122.1504321706984
18.60000000000013 4.7521080283511356e-08 2089.45854215801
18.65000000000013 4.69109314427661e-08 2062.630854326062
18.70000000000013 4.6430112938803536e-08 2041.4897034023359
18.75000000000013 4.6071912046225025e-08 2025.7399369756984
18.800000000000132 4.5826968267800644e-08 2014.969982523403
18.850000000000133 4.568345970127178e-08 2008.6600417893617
18.900000000000134 4.562733722211437e-08 2006.1923875865757
18.950000000000134 4.564254466978882e-08 2006.8610451856503
19.000000000000135 4.5711283674643815e-08 2009.8834365121272
19.050000000000136 4.581444984783372e-08 2014.419559019178
19.100000000000136 4.5932264984697303e-08 2019.5997830933463
19.150000000000137 4.604497702247774e-08 2024.5556285568614
19.200000000000138 4.613347159093371e-08 2028.4466539900322
19.25000000000014 4.617972304532984e-08 2030.4802882403203
19.30000000000014 4.6167107450404446e-08 2029.925592041833
19.35000000000014 4.608062963401858e-08 2026.1232413571136
19.40000000000014 4.590711183538585e-08 2018.4938220676827
19.45000000000014 4.5635364687105214e-08 2006.545347898019
19.500000000000142 4.525633663724748e-08 1989.8798303683698
19.550000000000143 4.4763227447865235e-08 1968.1982692206773
19.600000000000144 4.415155419438934e-08 1941.3035543518267
19.650000000000144 4.3419179431148857e-08 1909.1017042258577
19.700000000000145 4.256630247509032e-08 1871.6014826270537
19.750000000000146 4.1595407586248076e-08 1828.9121202025033
19.800000000000146 4.0511168912513456e-08 1781.2391349703275
19.850000000000147 3.9320310214992616e-08 1728.8781645716508
19.900000000000148 3.803141465722136e-08 1672.2066028759225
19.95000000000015 3.665467722645491e-08 1611.6727141709189
20.00000000000015 3.520161037100574e-08 1547.7826903050595
20.05000000000015 3.3684727516846265e-08 1481.0867352011883
20.10000000000015 3.211722924489069e-08 1412.1652663579828
20.15000000000015 3.0512707872302295e-08 1341.6159255595755
20.200000000000152 2.888487472128618e-08 1270.0415871332084
20.250000000000153 2.724730753835938e-08 1198.0392522049922
20.300000000000153 2.5613209083134192e-08 1126.1894340689726
20.350000000000154 2.3995164516609147e-08 1055.0454907716403
20.400000000000155 2.2404896772761017e-08 985.1228690240291
20.450000000000156 2.085302990557403e-08 916.8886987865119
20.500000000000156 1.9348874708101418e-08 850.7523671345352
20.550000000000157 1.7900249296920873e-08 787.0576295208243
20.600000000000158 1.651334216626509e-08 726.0765883904509
20.65000000000016 1.5192619358454113e-08 668.005611549441
20.70000000000016 1.3940773188952554e-08 612.9630776523236
20.75000000000016 1.2758708318058011e-08 560.9887637869779
20.80000000000016 1.1645561440471874e-08 512.0447112070981
20.85000000000016 1.0598752318769587e-08 466.0174692273173
20.900000000000162 9.614065287130603e-09 422.7216788678507
20.950000000000163 8.685761788622168e-09 381.90502101618506
21.000000000000163 7.806722663255083e-09 343.2544727030682
21.050000000000164 6.968614307129576e-09 306.4036129685502
21.100000000000165 6.1620726954241444e-09 270.94071418490154
21.150000000000166 5.37689904251101e-09 236.4173450533711
21.200000000000166 4.602260064628567e-09 202.35717597117483
21.250000000000167 3.826886210454776e-09 168.26469504894405
21.300000000000168 3.0392641437906395e-09 133.63367139869797
21.35000000000017 2.227826039944991e-09 97.9554783231699
21.40000000000017 1.3811444966965643e-09 60.72766337297425
21.45000000000017 4.881491023797401e-10 21.46347064774149
21.50000000000017 -4.6161910573211104e-10 -20.29697090093237
21.55000000000017 -1.4776653850474561e-09 -64.9715987687659
21.600000000000172 -2.568107582794715e-09 -112.91734729172454
21.650000000000173 -3.739355265518648e-09 -164.41603926273683
21.700000000000173 -4.995998014519827e-09 -219.66947438408636
21.750000000000174 -6.3408697729397336e-09 -278.8022585500338
21.800000000000175 -7.775207273992077e-09 -341.868769791599
21.850000000000176 -9.298819289735118e-09 -408.86059999065884
21.900000000000176 -1.0910206972734361e-08 -479.71184619305654
21.950000000000177 -1.2606613887510939e-08 -554.3013104457392
22.000000000000178 -1.438402265675497e-08 -632.452352333819
22.05000000000018 -1.6237138924296777e-08 -713.9321838470494
22.10000000000018 -1.8159406222815763e-08 -798.4525230994194
22.15000000000018 -2.0143080626797353e-08 -885.672876751558
22.20000000000018 -2.2179371341572328e-08 -975.2067215825203
22.25000000000018 -2.4258633233449577e-08 -1066.6299698640623
22.300000000000182 -2.6370586748933686e-08 -1159.4906390079843
22.350000000000183 -2.8504540883415618e-08 -1253.318655296027
22.400000000000183 -3.0649602424106073e-08 -1347.6350541007366
22.450000000000184 -3.279486507761689e-08 -1441.960295652664
22.500000000000185 -3.49295804309268e-08 -1535.8217820380419
22.550000000000185 -3.704331561415873e-08 -1628.760789487254
22.600000000000186 -3.912610036640526e-08 -1720.3389347249995
22.650000000000187 -4.1168566416840197e-08 -1810.1443034305964
22.700000000000188 -4.316208038657638e-08 -1897.7972938114121
22.75000000000019 -4.509886814058424e-08 -1982.956084243264
22.80000000000019 -4.697212789957426e-08 -2065.321606696689
22.85000000000019 -4.877612974230846e-08 -2144.641921762793
22.90000000000019 -5.050343177028986e-08 -2220.5898159546023
22.95000000000019 -5.2147367148341566e-08 -2292.872154612163
23.000000000000192 -5.3704096240530556e-08 -2361.320112446758
23.050000000000193 -5.5167464994219834e-08 -2425.663101378853
23.100000000000193 -5.653204171388788e-08 -2485.6622947122096
23.150000000000194 -5.77958413111875e-08 -2541.230409923382
23.200000000000195 -5.8961092257474885e-08 -2592.4654308646604
23.250000000000195 -6.00340413136209e-08 -2639.6420219120346
23.300000000000196 -6.10242898538959e-08 -2683.182346731945
23.350000000000197 -6.194391803949872e-08 -2723.6175589904465
23.400000000000198 -6.280656333982167e-08 -2761.5472857739865
23.4500000000002 -6.362656500640426e-08 -2797.602010889722
23.5000000000002 -6.441824142682049e-08 -2832.411300775283
23.5500000000002 -6.519532792620745e-08 -2866.579085144931
23.6000000000002 -6.597057254518137e-08 -2900.665883713337
23.6500000000002 -6.675546803042036e-08 -2935.1770220660337
23.700000000000202 -6.756008948660673e-08 -2970.5554933634453
23.750000000000203 -6.839300701864326e-08 -3007.1781172988435
23.800000000000203 -6.926124786075071e-08 -3045.353874949314
23.850000000000204 -7.017028992079561e-08 -3085.3236249257425
23.900000000000205 -7.112407677515235e-08 -3127.2607626832187
23.950000000000205 -7.213207364583536e-08 -3171.5814653977136
24.000000000000206 -7.320286887228788e-08 -3218.6633545186046
24.050000000000207 -7.433970544022526e-08 -3268.649021168918
24.100000000000207 -7.554211512699373e-08 -3321.5178780257693
24.150000000000208 -7.680489155705575e-08 -3377.0410055070356
24.20000000000021 -7.81188964619961e-08 -3434.8166022881924
24.25000000000021 -7.947310810505793e-08 -3494.360052660198
24.30000000000021 -8.085620183677147e-08 -3555.1734221184
24.35000000000021 -8.22572403969427e-08 -3616.7758093111484
24.40000000000021 -8.36656817835736e-08 -3678.7036920290407
24.450000000000212 -8.507110037284876e-08 -3740.4986651051795
24.500000000000213 -8.64629524823887e-08 -3801.6971324453243
24.550000000000214 -8.78305505751326e-08 -3861.8291727961464
24.600000000000215 -8.916324762601995e-08 -3920.4266461800066
24.650000000000215 -9.045073407826686e-08 -3977.0362507914874
24.700000000000216 -9.168333294632244e-08 -4031.2324984051315
24.750000000000217 -9.285222027139287e-08 -4082.6274076036934
24.800000000000217 -9.394955530993886e-08 -4130.876228047591
24.850000000000218 -9.49685445577543e-08 -4175.68025555523
24.90000000000022 -9.590347534653343e-08 -4216.788309313404
24.95000000000022 -9.674974564730387e-08 -4253.998042307057
25.00000000000022 -9.750390575281763e-08 -4287.157774055985
25.05000000000022 -9.816373566198164e-08 -4316.1698931376395
25.10000000000022 -9.872836318859616e-08 -4340.996050320594
25.150000000000222 -9.919829917979103e-08 -4361.658707087055
25.200000000000223 -9.957534912873717e-08 -4378.2372493244275
25.250000000000224 -9.986246642648986e-08 -4390.861534942758
25.300000000000225 -1.0006360504204751e-07 -4399.705416351333
25.350000000000225 -1.0018359501057549e-07 -4404.981265789484
25.400000000000226 -1.0022803538990632e-07 -4406.935268721563
25.450000000000227 -1.0020318810699194e-07 -4405.842756362308
25.500000000000227 -1.0011586204418619e-07 -4402.003109056441
25.550000000000228 -9.997328413859249e-08 -4395.734088634589
25.60000000000023 -9.978295750740452e-08 -4387.365600313969
25.65000000000023 -9.955250616408381e-08 -4377.232865010383
25.70000000000023 -9.928950605419839e-08 -4365.668990138219
25.75000000000023 -9.900130522985078e-08 -4352.9970628441115
25.80000000000023 -9.869484624008742e-08 -4339.522340675299
25.850000000000232 -9.837650827333205e-08 -4325.525310726444
25.900000000000233 -9.805197511757208e-08 -4311.255883969506
25.950000000000234 -9.772612274731781e-08 -4296.928452554896
26.000000000000234 -9.740292438363498e-08 -4282.717715387733
26.050000000000235 -9.708537400972247e-08 -4268.7553151775855
26.100000000000236 -9.677543133760371e-08 -4255.127418674094
26.150000000000237 -9.647399021229539e-08 -4241.8733274271035
26.200000000000237 -9.618087058213565e-08 -4228.985124729321
26.250000000000238 -9.589483305531955e-08 -4216.408315653896
26.30000000000024 -9.561361508365234e-08 -4204.0434180210395
26.35000000000024 -9.533398838229299e-08 -4191.748487091755
26.40000000000024 -9.505183733546582e-08 -4179.342562995446
26.45000000000024 -9.476225735957621e-08 -4166.609995666366
26.50000000000024 -9.445967075638217e-08 -4153.3055388018665
26.550000000000242 -9.413795612250369e-08 -4139.160039880457
26.600000000000243 -9.379058647574551e-08 -4123.886513450185
26.650000000000244 -9.341077121891118e-08 -4107.186383148017
26.700000000000244 -9.299159808265906e-08 -4088.755722797708
26.750000000000245 -9.252619027375974e-08 -4068.2921660753004
26.800000000000246 -9.200783499036706e-08 -4045.5005572083323
26.850000000000247 -9.143007968452432e-08 -4020.0971835504083
26.900000000000247 -9.078684561652949e-08 -3991.814768463031
26.950000000000248 -9.007257320582635e-08 -3960.408862261667
27.00000000000025 -8.928237624254815e-08 -3925.664622756619
27.05000000000025 -8.841217115621128e-08 -3887.4024990795438
27.10000000000025 -8.74587592077268e-08 -3845.4818455912086
27.15000000000025 -8.641986095335012e-08 -3799.802437229914
27.20000000000025 -8.529412012409928e-08 -3750.304640085972
27.250000000000252 -8.408110004917352e-08 -3696.9692541426903
27.300000000000253 -8.278128856911799e-08 -3639.8177293037347
27.350000000000254 -8.139611263146811e-08 -3578.912807150303
27.400000000000254 -7.992795002850766e-08 -3514.359037039629
27.450000000000255 -7.838011969839752e-08 -3446.302349654472
27.500000000000256 -7.675683527727113e-08 -3374.928014731126
27.550000000000257 -7.5063109670798e-08 -3300.4564451581386
27.600000000000257 -7.330462664210794e-08 -3223.1375508145006
27.650000000000258 -7.14876067563433e-08 -3143.2448442739214
27.70000000000026 -6.9618699883518e-08 -3061.0707142536157
27.75000000000026 -6.770489821802797e-08 -2976.9226011615433
27.80000000000026 -6.575345753752977e-08 -2891.1195349211407
27.85000000000026 -6.377181968354836e-08 -2803.988726514376
27.90000000000026 -6.176753068849055e-08 -2715.861968101228
27.950000000000262 -5.974814922655152e-08 -2627.0716076895756
28.000000000000263 -5.7721129972265745e-08 -2537.945420517106
28.050000000000264 -5.569367235894484e-08 -2448.799959097818
28.100000000000264 -5.367255214159213e-08 -2359.9331471970545
28.150000000000265 -5.1663972301071974e-08 -2271.617724223865
28.200000000000266 -4.967346454729449e-08 -2184.0969144159026
28.250000000000266 -4.7705848456854726e-08 -2097.5826301587026
28.300000000000267 -4.576523203561165e-08 -2012.2554967217682
28.350000000000268 -4.385502839119156e-08 -1928.265585333331
28.40000000000027 -4.197796788944003e-08 -1845.7329476884545
28.45000000000027 -4.0136095650266906e-08 -1764.7475058436207
28.50000000000027 -3.833075882565321e-08 -1685.368492842303
28.55000000000027 -3.6562594766148326e-08 -1607.623932406644
28.60000000000027 -3.483153236825535e-08 -1531.5106981807585
28.650000000000272 -3.313989946305926e-08 -1457.1311427735563
28.700000000000273 -3.1489801076340114e-08 -1384.577822247975
28.750000000000274 -2.988097221378876e-08 -1313.8390850460207
28.800000000000274 -2.8316328688507885e-08 -1245.0431368094505
28.850000000000275 -2.6799405115453973e-08 -1178.3453913329424
28.900000000000276 -2.5331377646907657e-08 -1113.7975629591629
28.950000000000276 -2.3910076370964655e-08 -1051.304242641493
29.000000000000277 -2.2530178107056274e-08 -990.6313749871608
29.050000000000278 -2.1183984777584975e-08 -931.4404825478761
29.10000000000028 -1.9862420444559532e-08 -873.3325046109879
29.15000000000028 -1.8555999742738175e-08 -815.8903783211982
29.20000000000028 -1.725561322269363e-08 -758.7135694985888
29.25000000000028 -1.5953058374084047e-08 -701.4414212473428
29.30000000000028 -1.4641314567980996e-08 -643.7652429190508
29.350000000000282 -1.3314607552285371e-08 -585.4311459173033
29.400000000000283 -1.1968330438732237e-08 -526.2365695683842
29.450000000000284 -1.0598883873876016e-08 -466.023253585317
29.500000000000284 -9.203479308754212e-09 -404.66858801447364
29.550000000000285 -7.779931414624284e-09 -342.0764859449236
29.600000000000286 -6.326484681064002e-09 -278.16975918511713
29.650000000000286 -4.841724645859736e-09 -212.8862151220665
29.700000000000287 -3.324574920054726e-09 -146.17852591543286
29.750000000000288 -1.7743447100203466e-09 -78.01631799964096
29.80000000000029 -1.9078844372040913e-10 -8.38879379631783
29.85000000000029 1.4258485935286093e-09 62.693261722967684
29.90000000000029 3.0748108145670215e-09 135.19662608019667
29.95000000000029 4.754839579104414e-09 209.06595801017443
30.00000000000029 6.464200740883268e-09 284.22500868418103
30.050000000000292 8.200725122302393e-09 360.5784013422349
30.100000000000293 9.96185512226943e-09 438.0136805978427
30.150000000000293 1.1744692977328038e-08 516.4034344357287
30.200000000000294 1.354605049939129e-08 595.6074811345917
30.250000000000295 1.5362503971758625e-08 675.4752829948835
30.300000000000296 1.7190459583668167e-08 755.8488234363729
30.350000000000296 1.9035834711146902e-08 836.9882840839931
30.400000000000297 2.0905834862434933e-08 919.2104845608051
30.450000000000298 2.280223501877868e-08 1002.5934691727332
30.5000000000003 2.4720493343978433e-08 1086.9375375260163
30.5500000000003 2.6651943444762175e-08 1171.861636215642
30.6000000000003 2.8586852950354412e-08 1256.9378417783598
30.6500000000003 3.0516963440394193e-08 1341.8030390058252
30.7000000000003 3.243688241680653e-08 1426.2201246777588
30.750000000000302 3.4344318429414134e-08 1510.0883458205692
30.800000000000303 3.6239518287229254e-08 1593.4185544013376
30.850000000000303 3.8124367347024295e-08 1676.2936478371605
30.900000000000304 4.0007069836041485e-08 1759.0743585143978
30.950000000000305 4.189587233221016e-08 1842.123280940481
31.000000000000306 4.3794907116452475e-08 1925.6221077372927
31.050000000000306 4.5704461268661204e-08 2009.5834615457884
31.100000000000307 4.762293679483916e-08 2093.9370800279107
31.150000000000308 4.95450236854331e-08 2178.449486908419
31.20000000000031 5.146560100880449e-08 2262.8955194954715
31.25000000000031 5.3382749037855396e-08 2347.190769140116
31.30000000000031 5.5298227307321215e-08 2431.412600979282
31.35000000000031 5.7216668891398696e-08 2515.764727058215
31.40000000000031 5.9144350635670085e-08 2600.523134550215
31.450000000000312 6.108808463922821e-08 2685.9873452370816
31.500000000000313 6.305448150968847e-08 2772.448021504191
31.550000000000313 6.504960333807108e-08 2860.17170796269
31.600000000000314 6.70788827501766e-08 2949.3972722123417
31.650000000000315 6.914717429594616e-08 3040.338164384797
31.700000000000315 7.12588416398764e-08 3133.1862508265963
31.750000000000316 7.34178314862406e-08 3228.11506452369
31.800000000000317 7.561920177064864e-08 3324.90730741395
31.850000000000318 7.785394677968078e-08 3423.167006495062
31.90000000000032 8.011416741211587e-08 3522.5468454934175
31.95000000000032 8.239529557837304e-08 3622.845969678039
32.00000000000032 8.469663668337016e-08 3724.03383833691
32.05000000000032 8.702100475630014e-08 3826.23418176614
32.100000000000314 8.937389802983384e-08 3929.6887522397187
32.15000000000031 9.176252566794383e-08 4034.7145301199275
32.20000000000031 9.419489715299997e-08 4141.663685038772
32.250000000000306 9.667909487578956e-08 4250.891592344852
32.3000000000003 9.922276906786065e-08 4362.734625739317
32.3500000000003 1.0183283230263552e-07 4477.496724768561
32.4000000000003 1.0451529472527878e-07 4595.442150031853
32.450000000000294 1.0727517007638277e-07 4716.791351128539
32.50000000000029 1.1011639425010485e-07 4841.717385733634
32.55000000000029 1.130417315283762e-07 4970.34179680154
32.600000000000286 1.1605268201409766e-07 5102.730542488123
32.65000000000028 1.1914942011732305e-07 5238.891291444321
32.70000000000028 1.2233076573215617e-07 5378.772155490597
32.75000000000028 1.2559419280763738e-07 5522.262066471006
32.800000000000274 1.289357791648232e-07 5669.188569755974
32.85000000000027 1.3235022944188465e-07 5819.318833117333
32.90000000000027 1.3583103551994502e-07 5972.366700506036
32.950000000000266 1.3937070603087962e-07 6128.002783300714
33.00000000000026 1.4296102012642623e-07 6285.865618303923
33.05000000000026 1.4659326910141665e-07 6445.572291695178
33.10000000000026 1.5025845756221236e-07 6606.7272842235325
33.150000000000254 1.539474599576446e-07 6768.929353730183
33.20000000000025 1.5765113834559282e-07 6931.776713237487
33.25000000000025 1.6136041901752963e-07 7094.870400060284
33.300000000000246 1.6506632665855816e-07 7257.815777791573
33.35000000000024 1.687599802478382e-07 7420.222356047995
33.40000000000024 1.7243255933859058e-07 7581.702307832383
33.45000000000024 1.7607526065700564e-07 7741.868561227374
33.500000000000234 1.7967925912150713e-07 7900.333085448004
33.55000000000023 1.8323568801660065e-07 8056.7060191039145
33.60000000000023 1.8673565652063146e-07 8210.596440878871
33.650000000000226 1.901703139857792e-07 8361.615195863485
33.70000000000022 1.9353095458877502e-07 8509.379496951755
33.75000000000022 1.9680914241956613e-07 8653.51842487553
33.80000000000022 1.999968378503081e-07 8793.67848453379
33.850000000000215 2.030865174345136e-07 8929.528876848826
33.90000000000021 2.0607129048543147e-07 9060.766624611208
33.95000000000021 2.0894502300356847e-07 9187.122021459836
34.000000000000206 2.1170248240151072e-07 9308.364995300299
34.0500000000002 2.143395124331472e-07 9424.312799783225
34.1000000000002 2.168532399446465e-07 9534.839104956096
34.1500000000002 2.1924230451392587e-07 9639.88409430117
34.200000000000195 2.2150707808287446e-07 9739.464121763955
34.25000000000019 2.236497589498417e-07 9833.675844517165
34.30000000000019 2.256742251686827e-07 9922.6897770505
34.350000000000186 2.2758587139714777e-07 10006.74311754319
34.40000000000018 2.293914944911033e-07 10086.13471754628
34.45000000000018 2.310992131081366e-07 10161.22154702647
34.50000000000018 2.3271841117426902e-07 10232.416208649094
34.550000000000175 2.3425969783484168e-07 10300.185176855086
34.60000000000017 2.3573487393110814e-07 10365.047323867362
34.65000000000017 2.3715689160422977e-07 10427.572143515341
34.700000000000166 2.3853979399641786e-07 10488.377099949184
34.75000000000016 2.398986260122369e-07 10548.12370389573
34.80000000000016 2.4124931037121166e-07 10607.512062804697
34.85000000000016 2.426084848887218e-07 10667.273726238103
34.900000000000155 2.4399329848617876e-07 10728.162716623849
34.95000000000015 2.4542116583917764e-07 10790.944741358822
35.00000000000015 2.4690948464198254e-07 10856.384761186277
35.050000000000146 2.484753256290147e-07 10925.233360723496
35.10000000000014 2.501351124499398e-07 10998.212672861453
35.15000000000014 2.519043134785239e-07 11076.0028278814
35.20000000000014 2.5379716793765944e-07 11159.229911422153
35.250000000000135 2.558264625102446e-07 11248.456142264262
35.30000000000013 2.5800336490728333e-07 11344.172554471226
35.35000000000013 2.603373136394318e-07 11446.794150744967
35.40000000000013 2.6283596676403406e-07 11556.65764887974
35.450000000000124 2.655052067189343e-07 11674.02169430046
35.50000000000012 2.683491780833892e-07 11799.06852037556
35.55000000000012 2.7137032475202633e-07 11931.905582922018
35.600000000000115 2.7456939645524864e-07 12072.565846901605
35.65000000000011 2.7794540629134326e-07 12221.005919146448
35.70000000000011 2.8149553521616273e-07 12377.101848857457
35.75000000000011 2.8521499230149047e-07 12540.642983292164
35.800000000000104 2.890968487566668e-07 12711.32466984704
35.8500000000001 2.931318683869754e-07 12888.740801467451
35.9000000000001 2.9730835864209426e-07 13072.37726738394
35.950000000000095 3.016120650043045e-07 13261.607309458133
36.00000000000009 3.0605271833977666e-07 13456.858784997172
36.05000000000009 3.1063962990895207e-07 13658.541101627134
36.10000000000009 3.1536455460096357e-07 13866.29172934597
36.150000000000084 3.202088114907431e-07 14079.28928492279
36.20000000000008 3.2513905451929374e-07 14296.067572568209
36.25000000000008 3.301102139675945e-07 14514.64491785818
36.300000000000075 3.3507299197298224e-07 14732.853738750438
36.35000000000007 3.3997920551505467e-07 14948.57547179975
36.40000000000007 3.447837180854833e-07 15159.825505917152
36.45000000000007 3.494440478150176e-07 15364.735952071867
36.500000000000064 3.5391921763717254e-07 15561.505086037745
36.55000000000006 3.5816898388995126e-07 15748.363430714819
36.60000000000006 3.621538758159011e-07 15923.57549291075
36.650000000000055 3.6583591028581304e-07 16085.47118908976
36.70000000000005 3.691795795691409e-07 16232.489276736747
36.75000000000005 3.7215272737537493e-07 16363.215873097173
36.80000000000005 3.7472710607753343e-07 16476.4089557856
36.850000000000044 3.7687860252951924e-07 16571.008291768794
36.90000000000004 3.785872599263081e-07 16646.136398538303
36.95000000000004 3.7983724514402086e-07 16701.097108083184
37.000000000000036 3.8061687508177454e-07 16735.376725117203
37.05000000000003 3.8091873921794976e-07 16748.64941576606
37.10000000000003 3.8073988815597436e-07 16740.785497753484
37.15000000000003 3.8008202251508304e-07 16711.859745755595
37.200000000000024 3.7895161788039935e-07 16662.156885341996
37.25000000000002 3.77359945131269e-07 16592.17248679404
37.30000000000002 3.7532297365388835e-07 16502.60870945243
37.350000000000016 3.728611676298975e-07 16394.365344712496
37.40000000000001 3.6999919666979856e-07 16268.527092839638
37.45000000000001 3.6676558099946685e-07 16126.347962143931
37.50000000000001 3.63192285417663e-07 15969.233415662415
37.550000000000004 3.5931427080642395e-07 15798.72065148019
37.6 3.5516900891958563e-07 15616.457268424447
37.65 3.507959654020322e-07 15424.178534892559
37.699999999999996 3.4623605556449086e-07 15223.683459766353
37.74999999999999 3.415310767293896e-07 15016.809833177396
37.79999999999999 3.367231214447424e-07 14805.408426056909
37.84999999999999 3.318539774639569e-07 14591.316607795372
37.899999999999984 3.269645188721512e-07 14376.331574622187
37.94999999999998 3.220941215384213e-07 14162.184647575234
37.99999999999998 3.1728013102185413e-07 13950.51787681373
38.049999999999976 3.1255731771309623e-07 13742.860084690143
38.09999999999997 3.0795729839274975e-07 13540.601432200612
38.14999999999997 3.0350797260760204e-07 13344.968636962021
38.19999999999997 2.9923304101778836e-07 13157.0037953762
38.249999999999964 2.9515164812217004e-07 12977.54867359077
38.29999999999996 2.9127815739793114e-07 12807.234820592377
38.34999999999996 2.8762203879446954e-07 12646.478621415728
38.399999999999956 2.841878342760289e-07 12495.479782084562
38.44999999999995 2.809751720109167e-07 12354.221953498612
38.49999999999995 2.779788194032533e-07 12222.475063191237
38.54999999999995 2.751887858840099e-07 12099.799834957568
38.599999999999945 2.725904959045918e-07 11985.555395224525
38.64999999999994 2.7016504886903047e-07 11878.910702032146
38.69999999999994 2.678895705726729e-07 11778.85999747211
38.749999999999936 2.657376475744876e-07 11684.241906641695
38.79999999999993 2.636798300107073e-07 11593.76154590092
38.84999999999993 2.616841978037666e-07 11506.015418562885
38.89999999999993 2.597169845176415e-07 11419.518845243885
38.949999999999925 2.5774318627847076e-07 11332.732737547536
38.99999999999992 2.557271019213796e-07 11244.08734782779
39.04999999999992 2.536328169641301e-07 11152.00354906877
39.099999999999916 2.5142466285005747e-07 11054.913027377677
39.14999999999991 2.490676879438399e-07 10951.278991239044
39.19999999999991 2.465281813572526e-07 10839.619203655206
39.24999999999991 2.4377423419766273e-07 10718.530659730555
39.299999999999905 2.40776294675665e-07 10586.71399424779
39.3499999999999 2.3750769228591566e-07 10442.99652942093
39.3999999999999 2.3394497861100216e-07 10286.347259730526
39.449999999999896 2.3006802123021664e-07 10115.880981006732
39.49999999999989 2.2585994530594001e-07 9930.855722035923
39.54999999999989 2.213073858439457e-07 9730.683836216087
39.59999999999989 2.1640080780801384e-07 9514.946076704338
39.649999999999885 2.1113455382415116e-07 9283.393693927941
39.69999999999988 2.0550662181223034e-07 9035.938658250381
39.74999999999988 1.9951840216895721e-07 8772.642104146227
39.799999999999876 1.9317448500245094e-07 8493.705854481494
39.84999999999987 1.8648248195003635e-07 8199.464586004548
39.89999999999987 1.7945277662525036e-07 7890.374856728671
39.94999999999987 1.7209816495584528e-07 7566.999291922215
39.999999999999865 1.6443361861981273e-07 7229.996182606415
40.04999999999986 1.5647614013160354e-07 6880.113113828696
40.09999999999986 1.4824430482451556e-07 6518.166826046158
40.14999999999986 1.3975759469824132e-07 6145.013925010039
40.199999999999854 1.3103592739074245e-07 5761.530171088795
40.24999999999985 1.2209939393256322e-07 5368.598948564539
40.29999999999985 1.1296805300016532e-07 4967.1022191398915
40.349999999999845 1.0366170305600039e-07 4557.910503144872
40.39999999999984 9.419960266563405e-08 4141.870582136015
40.44999999999984 8.460017027332677e-08 3719.7922983025933
40.49999999999984 7.488073032873292e-08 3292.4373918891993
40.549999999999834 6.505734625499829e-08 2860.5121569553953
40.59999999999983 5.514474108731289e-08 2424.6639519252917
40.64999999999983 4.515623347675078e-08 1985.4783857347675
40.699999999999825 3.510369251282694e-08 1543.4773314205206
40.74999999999982 2.4997520897827266e-08 1099.1181863107079
40.79999999999982 1.4846605148788218e-08 652.7916824514253
40.84999999999982 4.658301627183315e-09 204.82127234476948
40.899999999999814 -5.5613758222181606e-09 -244.52862074174493
40.94999999999981 -1.5807473736932087e-08 -695.0401975821962
40.99999999999981 -2.607582633435746e-08 -1146.53029251645
41.049999999999805 -3.63627834819836e-08 -1598.8384125483672
41.0999999999998 -4.666486712602453e-08 -2051.811630826331
41.1499999999998 -5.6978342236993405e-08 -2505.2857215116205
41.1999999999998 -6.729877829103087e-08 -2959.0658785125192
41.249999999999794 -7.76016792884411e-08 -3412.075035072384
41.29999999999979 -8.782779186303572e-08 -3861.7078747422765
41.34999999999979 -9.791273961949532e-08 -4305.133826156585
41.399999999999785 -1.0780764132371336e-07 -4740.203626050548
41.44999999999978 -1.1748525548728193e-07 -5165.719491033817
41.49999999999978 -1.2693852492048652e-07 -5581.371122913576
41.54999999999978 -1.3617548314366663e-07 -5987.511748249424
41.599999999999774 -1.452129563064628e-07 -6384.881197488993
41.64999999999977 -1.5407069753000934e-07 -6774.347997345944
41.69999999999977 -1.6276693809770205e-07 -7156.713760717095
41.749999999999766 -1.7131578651133168e-07 -7532.598825553683
41.79999999999976 -1.7972639611861393e-07 -7902.4056562033165
41.84999999999976 -1.88051158187866e-07 -8268.437848932468
41.89999999999976 -1.9634507042615685e-07 -8633.11360274143
41.949999999999754 -2.046560175598835e-07 -8998.538365360182
41.99999999999975 -2.1299862041063343e-07 -9365.355000973988
42.04999999999975 -2.2135197794377285e-07 -9732.64451015996
42.099999999999746 -2.2967380372154104e-07 -10098.547596831619
42.14999999999974 -2.3791369903369824e-07 -10460.848275683156
42.19999999999974 -2.4602038091402497e-07 -10817.291681480132
42.24999999999974 -2.539437677108628e-07 -11165.675769693276
42.299999999999734 -2.616348823415101e-07 -11503.847062682558
42.34999999999973 -2.69045867000335e-07 -11829.701296399473
42.39999999999973 -2.7613089024894957e-07 -12141.223304314399
42.449999999999726 -2.82847460655783e-07 -12436.544776950053
42.49999999999972 -2.89157302397136e-07 -12713.982761260982
42.54999999999972 -2.950262795012349e-07 -12972.036329713723
42.59999999999972 -3.004238439982191e-07 -13209.362315945262
42.649999999999714 -3.0532254858138225e-07 -13424.753886922454
42.69999999999971 -3.0969802907475227e-07 -13617.139772057517
42.74999999999971 -3.1352949458305195e-07 -13785.605814654582
42.799999999999706 -3.168004746660339e-07 -13929.427824483488
42.8499999999997 -3.194994062076543e-07 -14048.097381881893
42.8999999999997 -3.2162007304509645e-07 -14141.341167842334
42.9499999999997 -3.231619028282638e-07 -14209.134016653277
42.999999999999694 -3.241300695912168e-07 -14251.7034258716
43.04999999999969 -3.2453537729764016e-07 -14269.52443592306
43.09999999999969 -3.243939424416732e-07 -14263.305674350388
43.149999999999686 -3.237267198757328e-07 -14233.968506895286
43.19999999999968 -3.225588909422492e-07 -14182.620134209126
43.24999999999968 -3.209181842564429e-07 -14110.479758203759
43.29999999999968 -3.188335196265801e-07 -14018.818956462414
43.349999999999675 -3.163345971706182e-07 -13908.943616073493
43.39999999999967 -3.1345204894611014e-07 -13782.200600659118
43.44999999999967 -3.1021756065664474e-07 -13639.983101696274
43.499999999999666 -3.066628899604997e-07 -13483.68747444396
43.54999999999966 -3.0281670357871823e-07 -13314.574168471125
43.59999999999966 -2.987033489600106e-07 -13133.713718883115
43.64999999999966 -2.9434395543585e-07 -12942.03516310655
43.699999999999655 -2.897570844202845e-07 -12740.354629581814
43.74999999999965 -2.8495843301924174e-07 -12529.362305734618
43.79999999999965 -2.7996035620759914e-07 -12309.601428537724
43.849999999999646 -2.747719190545867e-07 -12081.470580814268
43.89999999999964 -2.6939977126919483e-07 -11845.262144201412
43.94999999999964 -2.638487908047738e-07 -11601.190597857354
43.99999999999964 -2.581239176728492e-07 -11349.473149581641
44.049999999999635 -2.522321334576265e-07 -11090.416773261839
44.09999999999963 -2.4618310741291034e-07 -10824.446617165579
44.14999999999963 -2.39989408318114e-07 -10552.115319055993
44.199999999999626 -2.3366639385031612e-07 -10274.098141981987
44.24999999999962 -2.2723160506334383e-07 -9991.166350076006
44.29999999999962 -2.207038550237432e-07 -9704.147136709167
44.34999999999962 -2.1410256236364193e-07 -9413.894321418698
44.399999999999615 -2.0744781001547557e-07 -9121.290932420261
44.44999999999961 -2.00761145643731e-07 -8827.2844008614
44.49999999999961 -1.9406672306881506e-07 -8532.936748187627
44.549999999999606 -1.8739101891246836e-07 -8239.412127299785
44.5999999999996 -1.807631438221109e-07 -7947.990506804578
44.6499999999996 -1.7421439896081434e-07 -7660.048170283301
44.6999999999996 -1.677772194054289e-07 -7377.011258471514
44.749999999999595 -1.614845001161958e-07 -7100.326132757891
44.79999999999959 -1.553688546951389e-07 -6831.42678346699
44.84999999999959 -1.4946129279602168e-07 -6571.676676781797
44.89999999999959 -1.4378941685887798e-07 -6322.2894668063245
44.949999999999584 -1.3837545112249612e-07 -6084.242333042849
44.99999999999958 -1.3323421164472745e-07 -5858.1867240370275
45.04999999999958 -1.2837148460515368e-07 -5644.377052825795
45.099999999999575 -1.2378338762590056e-07 -5442.642614796277
45.14999999999957 -1.1945669600438273e-07 -5252.401931841921
45.19999999999957 -1.1536950804661443e-07 -5072.692006461132
45.24999999999957 -1.1149156756579082e-07 -4902.182501725637
45.299999999999564 -1.0778424563641509e-07 -4739.1749390261075
45.34999999999956 -1.0420025527785753e-07 -4581.590152968573
45.39999999999956 -1.0068321788810763e-07 -4426.949227862083
45.449999999999555 -9.716766753579453e-08 -4272.373686434924
45.49999999999955 -9.35788920488897e-08 -4114.578502649879
45.54999999999955 -8.983292338438562e-08 -3949.871678267773
45.59999999999955 -8.583701824783066e-08 -3774.1753752499135
45.649999999999544 -8.148991208940243e-08 -3583.0370837336923
45.69999999999954 -7.668336569798159e-08 -3371.6976243629056
45.74999999999954 -7.130555727310069e-08 -3135.2402945964445
45.799999999999535 -6.524370575725099e-08 -2868.706214236314
45.84999999999953 -5.838512496135222e-08 -2567.140674362761
45.89999999999953 -5.061756835172861e-08 -2225.6082973030293
45.94999999999953 -4.1831450751884635e-08 -1839.2907228313761
45.999999999999524 -3.192168484556519e-08 -1403.5673575330104
46.04999999999952 -2.0790887516937386e-08 -914.1563546564482
46.09999999999952 -8.35106557126188e-09 -367.1887337133883
46.149999999999515 5.475187988631308e-09 240.73902033611972
46.19999999999951 2.0752932166961125e-08 912.4874925481932
46.24999999999951 3.753346915504241e-08 1650.3123934671778
46.29999999999951 5.5856187086536305e-08 2455.945583392691
46.349999999999504 7.574690002824272e-08 3330.5220832893465
46.3999999999995 9.72151247123194e-08 4274.46033518712
46.4499999999995 1.202521401817603e-07 5287.3768865633965
46.499999999999496 1.4482972237270988e-07 6368.030751081891
46.54999999999949 1.7089785532462234e-07 7514.222772591624
46.59999999999949 1.9838228268785767e-07 8722.687967149908
46.64999999999949 2.271855579150991e-07 9989.141698980788
46.699999999999484 2.5718976367999977e-07 11308.399250831753
46.74999999999948 2.8825750160843833e-07 12674.41934155402
46.79999999999948 3.2023139581149974e-07 14080.28229690068
46.849999999999476 3.529341826727479e-07 15518.193997391145
46.89999999999947 3.8617088709112784e-07 16979.581565725974
46.94999999999947 4.1973388493853254e-07 18455.31595842713
46.99999999999947 4.5340796702120115e-07 19935.934623600348
47.049999999999464 4.869758891942286e-07 21411.88553440622
47.09999999999946 5.202269238426956e-07 22873.90318988317
47.14999999999946 5.529650856235813e-07 24313.370293314267
47.199999999999456 5.850142958840766e-07 25722.54482698844
47.24999999999945 6.162191884367502e-07 27094.595481399378
47.29999999999945 6.464416119293649e-07 28423.447867637573
47.34999999999945 6.755567165749468e-07 29703.61245448186
47.399999999999444 7.034525336747921e-07 30930.166080409705
47.44999999999944 7.300311962863755e-07 32098.805625251407
47.49999999999944 7.552094519566269e-07 33205.87055460444
47.549999999999436 7.789172232679579e-07 34248.27962835559
47.59999999999943 8.01098047884325e-07 35223.550249104876
47.64999999999943 8.217095733023461e-07 36129.82021592072
47.69999999999943 8.407228182218307e-07 36965.815247476094
47.749999999999424 8.581191727613674e-07 37730.71708426486
47.79999999999942 8.738853106376066e-07 38423.939781766945
47.84999999999942 8.880113481356873e-07 39045.04876205775
47.899999999999416 9.004922688357119e-07 39593.82345773132
47.94999999999941 9.113328205412851e-07 40070.47262538029
47.99999999999941 9.20551478201166e-07 40475.808591645175
48.04999999999941 9.281805699676084e-07 40811.252795884604
48.099999999999405 9.342626494930439e-07 41078.67628337033
48.1499999999994 9.388464205148181e-07 41280.22051299647
48.1999999999994 9.419861399691248e-07 41418.27111274382
48.249999999999396 9.437441271847365e-07 41495.56820663878
48.29999999999939 9.441897326256564e-07 41515.16107130868
48.34999999999939 9.433957818544978e-07 41480.25178029608
48.39999999999939 9.414351909001156e-07 41394.04638486164
48.449999999999385 9.383767871870857e-07 41259.57116406631
48.49999999999938 9.342764076693279e-07 41079.28121782867
48.54999999999938 9.291756645158259e-07 40855.00619525228
48.599999999999376 9.231065019727421e-07 40588.1506556952
48.64999999999937 9.16097593278995e-07 40279.9753353114
48.69999999999937 9.081770990485019e-07 39931.71843060128
48.74999999999937 8.993629660633332e-07 39544.16904519794
48.799999999999365 8.896575461617002e-07 39117.43058728174
48.84999999999936 8.790502158550926e-07 38651.035951755686
48.89999999999936 8.675248528819871e-07 38144.276257490426
48.949999999999356 8.550693203681777e-07 37596.617857200734
48.99999999999935 8.416767730862446e-07 37007.759772482495
49.04999999999935 8.273355684022752e-07 36377.19008734523
49.09999999999935 8.12032247987111e-07 35704.317051335136
49.149999999999345 7.957623491123615e-07 34988.94444235664
49.19999999999934 7.785387971706277e-07 34231.64057812936
49.24999999999934 7.603945822918359e-07 33433.856004566194
49.299999999999336 7.413829934085545e-07 32597.93378741172
49.34999999999933 7.215813044165388e-07 31727.27158935812
49.39999999999933 7.010911403446288e-07 30826.337770201517
49.44999999999933 6.800322504810715e-07 29900.397596887695
49.499999999999325 6.585356546459804e-07 28955.211891365463
49.54999999999932 6.367403156427328e-07 27996.890721310607
49.59999999999932 6.147924324754773e-07 27031.862323544574
49.64999999999932 5.92842904079699e-07 26066.761586581488
49.699999999999314 5.710400413930559e-07 25108.10960703229
49.74999999999931 5.495223422342136e-07 24161.996007619244
49.79999999999931 5.284143427647311e-07 23233.89652974016
49.849999999999305 5.07827089369646e-07 22328.693781627175
49.8999999999993 4.878557121866311e-07 21450.57054863769
49.9499999999993 4.685763218244839e-07 20602.87334479772
49.9999999999993 4.500459642634223e-07 19788.110429809087
50.049999999999294 4.32307173840019e-07 19008.15199964286
