# (1): time [s] (2): displacement/rotation [m/rad] (3): support force/ moment [N]/[N m]
0.05 0.0 0.0
0.1 1.521785648426486e-12 0.0002575830930148031
0.15000000000000002 7.690598293372709e-12 0.0013017392413902794
0.2 2.2359576590674352e-11 0.003784665010267713
0.25 4.8758752080054855e-11 0.008253087539174022
0.3 8.773636853266859e-11 0.014850583720446448
0.35 1.3566900761963594e-10 0.022963840305005263
0.39999999999999997 1.8220696092696117e-10 0.030841027192576573
0.44999999999999996 2.0804752849839471e-10 0.03521489766979537
0.49999999999999994 1.8293737522945738e-10 0.03096465983125585
0.5499999999999999 6.42477646112907e-11 0.010874815349306875
0.6 -2.0373115054247604e-10 -0.03448429149956629
0.65 -6.895408512315693e-10 -0.11671424645378888
0.7000000000000001 -1.4727423384239952e-09 -0.24928184014440866
0.7500000000000001 -2.640040215355701e-09 -0.44686301586424704
0.8000000000000002 -4.278905722674929e-09 -0.7242634808029556
0.8500000000000002 -6.468401680566432e-09 -1.0948657016612282
0.9000000000000002 -9.30401245219481e-09 -1.5748317165184211
0.9500000000000003 -1.2840385081435792e-08 -2.1734112870608673
1.0000000000000002 -1.700464618377809e-08 -2.8782695934666784
1.0500000000000003 -2.151090008856022e-08 -3.641014872280423
1.1000000000000003 -2.583849257000939e-08 -4.373519254768121
1.1500000000000004 -2.930738027898252e-08 -4.960676076967248
1.2000000000000004 -3.125515118159054e-08 -5.290363016843948
1.2500000000000004 -3.128372107570205e-08 -5.295198863272095
1.3000000000000005 -2.950400891912355e-08 -4.993958171167039
1.3500000000000005 -2.6687414329591583e-08 -4.517210905945704
1.4000000000000006 -2.4250139959232083e-08 -4.104668790377688
1.4500000000000006 -2.4047662949579497e-08 -4.070396779424878
1.5000000000000007 -2.8020427977423402e-08 -4.742841748761509
1.5500000000000007 -3.778047461353367e-08 -6.394863505634749
1.6000000000000008 -5.424389938936169e-08 -9.181523952695196
1.6500000000000008 -7.739349290136868e-08 -13.0999101623587
1.7000000000000008 -1.062140267982228e-07 -17.97818081181954
1.7500000000000009 -1.3914460817075136e-07 -23.552133367806817
1.800000000000001 -1.746676835946032e-07 -29.564901099277453
1.850000000000001 -2.1130972564217796e-07 -35.76706927897607
1.900000000000001 -2.475783404869113e-07 -41.90602978286093
1.950000000000001 -2.819726364733721e-07 -47.72773611280282
2.000000000000001 -3.130279696298949e-07 -52.9842771883042
2.0500000000000007 -3.393696946621488e-07 -57.44297543938131
2.1000000000000005 -3.597651993042439e-07 -60.89519433416504
2.1500000000000004 -3.727936971970677e-07 -63.10044629461058
2.2 -3.767929857611875e-07 -63.7773807362449
2.25 -3.703196375053655e-07 -62.68167775887702
2.3 -3.5252580444481185e-07 -59.669827462440296
2.3499999999999996 -3.2340955104703115e-07 -54.741502231513124
2.3999999999999995 -2.8401308327647253e-07 -48.073109719932205
2.4499999999999993 -2.3656514412438347e-07 -40.04189524724316
2.499999999999999 -1.8390829105054683e-07 -31.129000650550488
2.549999999999999 -1.2942559681661179e-07 -21.907057395225653
2.5999999999999988 -7.697285548877545e-08 -13.028711511033832
2.6499999999999986 -3.063037591959537e-08 -5.184611234659478
2.6999999999999984 5.673506949057375e-09 0.9603188659915755
2.7499999999999982 2.858906870620124e-08 4.839091991286952
2.799999999999998 3.574119759168809e-08 6.049687900026865
2.849999999999998 2.6005661483438098e-08 4.401814886167598
2.8999999999999977 8.78898079014503e-12 0.0014876555438107144
2.9499999999999975 -3.979770276513243e-08 -6.736307037542551
2.9999999999999973 -8.949597686809413e-08 -15.148421565087835
3.049999999999997 -1.4426223005077204e-07 -24.41836106163412
3.099999999999997 -1.9901312600440954e-07 -33.68570113653357
3.149999999999997 -2.4903821771966725e-07 -42.15313402741994
3.1999999999999966 -2.905435528860798e-07 -49.17848126987495
3.2499999999999964 -3.210586265506265e-07 -54.34357601644182
3.2999999999999963 -3.3958604053699556e-07 -57.479594945986356
3.349999999999996 -3.464575067231984e-07 -58.64268484344918
3.399999999999996 -3.426356458789838e-07 -57.995782476914925
3.4499999999999957 -3.2955564314553907e-07 -55.781812615780744
3.4999999999999956 -3.091069333248673e-07 -52.32058801478841
3.5499999999999954 -2.835648278943688e-07 -47.99723634847401
3.599999999999995 -2.554706213135119e-07 -43.24190655917252
3.649999999999995 -2.2750251870743656e-07 -38.507921597179184
3.699999999999995 -2.0235089608240045e-07 -34.25066450134788
3.7499999999999947 -1.8260205856155016e-07 -30.907902886183944
3.7999999999999945 -1.7063013805286524e-07 -28.881491139468498
3.8499999999999943 -1.684951392895429e-07 -28.520113316246164
3.899999999999994 -1.7852769347461818e-07 -30.21826071335321
3.949999999999994 -2.0271451521885853e-07 -34.31221202740392
3.999999999999994 -2.421017327398625e-07 -40.979038807376114
4.049999999999994 -2.9647505836959164e-07 -50.182469926396344
4.099999999999993 -3.639842887892183e-07 -61.60933309632885
4.149999999999993 -4.4134123234167655e-07 -74.70305678009264
4.199999999999993 -5.241887610095996e-07 -88.72613730065197
4.249999999999993 -6.076357145055991e-07 -102.85067869476167
4.299999999999993 -6.869769135137987e-07 -116.28026482942309
4.3499999999999925 -7.583898863001565e-07 -128.36788993662006
4.399999999999992 -8.194192665977866e-07 -138.69794959915842
4.449999999999992 -8.691628097267531e-07 -147.11772653024138
4.499999999999992 -9.081427113665073e-07 -153.71560951077976
4.549999999999992 -9.379293864813238e-07 -158.75741281247002
4.599999999999992 -9.606441501272026e-07 -162.60219810339157
4.6499999999999915 -9.784679355488344e-07 -165.61911824775174
4.699999999999991 -9.932479078939771e-07 -168.12083128156277
4.749999999999991 -1.0062688051283355e-06 -170.32479672631638
4.799999999999991 -1.0182099173784585e-06 -172.3459937527202
4.849999999999991 -1.0292308089791434e-06 -174.21143081293994
4.899999999999991 -1.0391822227612497e-06 -175.89584408396502
4.94999999999999 -1.0477739929368841e-06 -177.35011902643183
4.99999999999999 -1.0547514738200851e-06 -178.5311533654039
5.04999999999999 -1.059939775124772e-06 -179.4093445212581
5.09999999999999 -1.0632507871648605e-06 -179.96977872115815
5.14999999999999 -1.064683280287269e-06 -180.21224782945464
5.1999999999999895 -1.0643154080690028e-06 -180.14998041096953
5.249999999999989 -1.062290693934099e-06 -179.80726977371353
5.299999999999989 -1.0588002125343362e-06 -179.21645792318043
5.349999999999989 -1.0540638263170174e-06 -178.41475959409502
5.399999999999989 -1.0483130170111816e-06 -177.44135624397987
5.449999999999989 -1.0417774168813608e-06 -176.33511628312345
5.4999999999999885 -1.0346765665114543e-06 -175.1331999664549
5.549999999999988 -1.027217458062332e-06 -173.87064355619802
5.599999999999988 -1.0195966179674004e-06 -172.580711846661
5.649999999999988 -1.0120028869495086e-06 -171.2953687202269
5.699999999999988 -1.0046190981883764e-06 -170.04556120020794
5.749999999999988 -9.976260039335637e-07 -168.8618840839457
5.799999999999987 -9.912084845903186e-07 -167.77563091575172
5.849999999999987 -9.85560754367046e-07 -166.81967511413933
5.899999999999987 -9.80887908748117e-07 -166.02873190282116
5.949999999999987 -9.774076863811836e-07 -165.43965653430197
5.999999999999987 -9.75355544928637e-07 -165.09230344735613
6.0499999999999865 -9.749834079171283e-07 -165.02931415412104
6.099999999999986 -9.7669837041603e-07 -165.31959507859176
6.149999999999986 -9.809712278370584e-07 -166.04283480138568
6.199999999999986 -9.882472375656116e-07 -167.27439924189963
6.249999999999986 -9.989237812416846e-07 -169.08155069298218
6.299999999999986 -1.013223065505318e-06 -171.50190067613062
6.349999999999985 -1.0312540472748068e-06 -174.55389164416266
6.399999999999985 -1.0530866661686962e-06 -178.24936183677247
6.449999999999985 -1.0787772463816531e-06 -182.5978448964207
6.499999999999985 -1.1083641966912e-06 -187.60584203549774
6.549999999999985 -1.141853552156169e-06 -193.27437477048474
6.5999999999999845 -1.1792022493544014e-06 -199.5961540265458
6.649999999999984 -1.2203012589716712e-06 -206.55272509685898
6.699999999999984 -1.2649606120096422e-06 -214.11193312294014
6.749999999999984 -1.312899692888391e-06 -222.22628006911023
6.799999999999984 -1.3637465886032801e-06 -230.83281455836948
6.849999999999984 -1.4170491394485933e-06 -239.85500235893855
6.8999999999999835 -1.4722978540199857e-06 -249.20660506271366
6.949999999999983 -1.5289578018294632e-06 -258.79707834777406
6.999999999999983 -1.5865040529430942e-06 -268.5375706231365
7.049999999999983 -1.6444541264970274e-06 -278.3464153851382
7.099999999999983 -1.7023913672018377e-06 -288.15308801141714
7.149999999999983 -1.7599741970343175e-06 -297.89977173663937
7.199999999999982 -1.8169260979594745e-06 -307.5396620908053
7.249999999999982 -1.873005795397927e-06 -317.0319200421581
7.299999999999982 -1.9279698445450215e-06 -326.33533921854826
7.349999999999982 -1.981539910546354e-06 -335.40280762837205
7.399999999999982 -2.0333807284504914e-06 -344.1775770802801
7.4499999999999815 -2.083146151344856e-06 -352.60105746174816
7.499999999999981 -2.130395533870489e-06 -360.59866350211036
7.549999999999981 -2.1745595395697743e-06 -368.07402719719306
7.599999999999981 -2.2149883823064696e-06 -374.91716333130944
7.649999999999981 -2.251011522069396e-06 -381.01457381079024
7.699999999999981 -2.282092546871226e-06 -386.27546354963306
7.7499999999999805 -2.3079395651228945e-06 -390.6504258929558
7.79999999999998 -2.328530406667768e-06 -394.1357082376739
7.84999999999998 -2.344066060453464e-06 -396.7653307198313
7.89999999999998 -2.354884779375956e-06 -398.5965472813718
7.94999999999998 -2.361369332636623e-06 -399.6941468594917
7.99999999999998 -2.3638695003055886e-06 -400.1173345284605
8.04999999999998 -2.3626495017205853e-06 -399.91083303508407
8.09999999999998 -2.357861153228377e-06 -399.10033937828615
8.14999999999998 -2.3495604736115866e-06 -397.69533550535004
8.199999999999982 -2.337734619063107e-06 -395.6936474257639
8.249999999999982 -2.3223296991041936e-06 -393.08615343686654
8.299999999999983 -2.3033442570827263e-06 -389.87260698030786
8.349999999999984 -2.2808168321148173e-06 -386.0595313300724
8.399999999999984 -2.254805076053138e-06 -381.65668485294736
8.449999999999985 -2.2253835495333502e-06 -376.6766879591535
8.499999999999986 -2.192651657253544e-06 -371.1363662572255
8.549999999999986 -2.156744550334068e-06 -365.05859592794474
8.599999999999987 -2.117841984499584e-06 -358.4738030931459
8.649999999999988 -2.076172153442377e-06 -351.42061266503407
8.699999999999989 -2.0320095972995754e-06 -343.9454943272675
8.74999999999999 -1.9856681027413876e-06 -336.1015607775135
8.79999999999999 -1.9374905695341255e-06 -327.9468525042547
8.84999999999999 -1.887837893209124e-06 -319.5424560260245
8.899999999999991 -1.8370781843382916e-06 -310.9506791059312
8.949999999999992 -1.7855766308558834e-06 -302.2333348105747
8.999999999999993 -1.733685514863663e-06 -293.4500517173962
9.049999999999994 -1.6817336508749798e-06 -284.6564861926285
9.099999999999994 -1.6300148741087948e-06 -275.9023738771715
9.149999999999995 -1.5787759653146263e-06 -267.2294857975972
9.199999999999996 -1.5282052152693042e-06 -258.66969275038224
9.249999999999996 -1.4784233992349472e-06 -250.2434376051307
9.299999999999997 -1.4294790654681176e-06 -241.9589378201284
9.349999999999998 -1.381349586811184e-06 -233.81236343860388
9.399999999999999 -1.333948126084885e-06 -225.78901607695363
9.45 -1.2871348815583964e-06 -217.8652323747881
9.5 -1.240730002571507e-06 -210.01057014112854
9.55 -1.1945258257689455e-06 -202.18987950489304
9.600000000000001 -1.1482969154382203e-06 -194.36500237978365
9.650000000000002 -1.1018072891489444e-06 -186.49599550284537
9.700000000000003 -1.0548149935317035e-06 -178.54190494779857
9.750000000000004 -1.0070748000885869e-06 -170.46122242794561
9.800000000000004 -9.583399125710153e-07 -162.21217429328578
9.850000000000005 -9.083618653941759e-07 -153.75270433576506
9.900000000000006 -8.568789220740368e-07 -145.0385100656199
9.950000000000006 -8.035912445809302e-07 -136.0188397839069
10.000000000000007 -7.481507654935763e-07 -126.6347783056632
10.050000000000008 -6.896802895071497e-07 -116.73784829439354
10.100000000000009 -6.267357780596466e-07 -106.08362641779873
10.15000000000001 -5.578078000494035e-07 -94.41662075935204
10.20000000000001 -4.822726531450705e-07 -81.63126114509654
10.25000000000001 -4.0132096732769604e-07 -67.92907802938477
10.300000000000011 -3.182861296615333e-07 -53.87429289184081
10.350000000000012 -2.3770213934140827e-07 -40.23434728215827
10.400000000000013 -1.6343870059706917e-07 -27.664241716067888
10.450000000000014 -9.734168667344207e-08 -16.476415557308556
10.500000000000014 -3.8729473008327556e-08 -6.555494499920869
10.550000000000015 1.5955974516671287e-08 2.7007675307749572
10.600000000000016 7.264176650863874e-08 12.295615298187114
10.650000000000016 1.3852213962072748e-07 23.446772028261147
10.700000000000017 2.198734685815164e-07 37.21660022729282
10.750000000000018 3.201094660142718e-07 54.182917577472686
10.800000000000018 4.391426389534924e-07 74.33091469438172
10.85000000000002 5.738554413605527e-07 97.13290415234634
10.90000000000002 7.192144131680579e-07 121.73690379864574
10.95000000000002 8.695550570540647e-07 147.1841197702487
11.000000000000021 1.0196652787029277e-06 172.59233361786383
11.050000000000022 1.1652359017041465e-06 197.2321581315967
11.100000000000023 1.303102371550218e-06 220.5679490576725
11.150000000000023 1.4314580403586206e-06 242.29390646293396
11.200000000000024 1.549569105814269e-06 262.2858242411029
11.250000000000025 1.6573287345214143e-06 280.52561937467755
11.300000000000026 1.7551667058998194e-06 297.0860379250834
11.350000000000026 1.8442285695768373e-06 312.1609798785114
11.400000000000027 1.9262488808031856e-06 326.044042501401
11.450000000000028 2.0031954186333886e-06 339.0682993877621
11.500000000000028 2.076975981524638e-06 351.5566715928436
11.55000000000003 2.1491540462802807e-06 363.77379900944464
11.60000000000003 2.2207948321766494e-06 375.89998461007684
11.65000000000003 2.2923129339588115e-06 388.00540424170816
11.700000000000031 2.363558887280265e-06 400.0647590137182
11.750000000000032 2.4337551453457827e-06 411.9464384665881
11.800000000000033 2.501822033169165e-06 423.46769280064444
11.850000000000033 2.5668430677225286e-06 434.4733946934146
11.900000000000034 2.6284050412188107e-06 444.8936030595955
11.950000000000035 2.686735743166776e-06 454.7668743977877
12.000000000000036 2.742654215992532e-06 464.23184287216895
12.050000000000036 2.797392601241988e-06 473.4970653387953
12.100000000000037 2.8523749040087986e-06 482.80357419067957
12.150000000000038 2.9090220914575814e-06 492.39188760967795
12.200000000000038 2.968636578794536e-06 502.48245723268775
12.250000000000039 3.032345360609417e-06 513.2660423512951
12.30000000000004 3.100935815653928e-06 524.8759176185026
12.35000000000004 3.1747275817661047e-06 537.3661861223836
12.400000000000041 3.2536125555676065e-06 550.7185498834643
12.450000000000042 3.3372343708548294e-06 564.8726890340519
12.500000000000043 3.4251950901965693e-06 579.7612472060123
12.550000000000043 3.5172335106447778e-06 595.3400122178653
12.600000000000044 3.6130423477469513e-06 611.5569719614709
12.650000000000045 3.712175736330055e-06 628.3366576410391
12.700000000000045 3.814089653437663e-06 645.5869859096592
12.750000000000046 3.918216525066273e-06 663.2118870826897
12.800000000000047 4.024118600412189e-06 681.1372658326427
12.850000000000048 4.132046326187939e-06 699.4055137006105
12.900000000000048 4.242936766058203e-06 718.175241564117
12.950000000000049 4.357960882356363e-06 737.6446508583955
13.00000000000005 4.478193148378585e-06 757.9956109257381
13.05000000000005 4.6044815017418105e-06 779.3716468376825
13.100000000000051 4.737461767121356e-06 801.8803806411655
13.150000000000052 4.877669495760988e-06 825.6124617295366
13.200000000000053 5.025616538835742e-06 850.6545279344541
13.250000000000053 5.181697964265226e-06 877.0734499198575
13.300000000000054 5.345991970865937e-06 904.8824639079729
13.350000000000055 5.5180770799968165e-06 934.0102288580202
13.400000000000055 5.69695948771239e-06 964.2885298217308
13.450000000000056 5.881116776446531e-06 995.459676745352
13.500000000000057 6.068624927182283e-06 1027.1980030214222
13.550000000000058 6.257453922080652e-06 1059.1599002880253
13.600000000000058 6.445771946610049e-06 1091.0353088114766
13.650000000000059 6.632098377085361e-06 1122.5736127256084
13.70000000000006 6.815318148135698e-06 1153.5860719227421
13.75000000000006 6.9951796045352804e-06 1184.0300903043424
13.800000000000061 7.171653052557888e-06 1213.900641799983
13.850000000000062 7.344332822363112e-06 1243.129061225219
13.900000000000063 7.512270601669849e-06 1271.5548337199164
13.950000000000063 7.674248512886339e-06 1298.9718167978954
14.000000000000064 7.82915965089084e-06 1325.1926515855682
14.050000000000065 7.976135834402497e-06 1350.0703864936281
14.100000000000065 8.114468626770507e-06 1373.4851089023784
14.150000000000066 8.243492004172682e-06 1395.324085145079
14.200000000000067 8.362529227253623e-06 1415.4727678040238
14.250000000000068 8.470918435401355e-06 1433.8191278929012
14.300000000000068 8.568077319375576e-06 1450.26460158614
14.350000000000069 8.653556078402155e-06 1464.7330539334857
14.40000000000007 8.727047532326041e-06 1477.172490480573
14.45000000000007 8.788353484533556e-06 1487.5493637321756
14.500000000000071 8.837329540038056e-06 1495.8392328563575
14.550000000000072 8.873837796009406e-06 1502.018755907715
14.600000000000072 8.897729070811721e-06 1506.0626818482772
14.650000000000073 8.908860796306434e-06 1507.9468790652008
14.700000000000074 8.907141691701029e-06 1507.6558970323936
14.750000000000075 8.89264187516934e-06 1505.2016042124806
14.800000000000075 8.865590148730496e-06 1500.6227284853292
14.850000000000076 8.826348068839283e-06 1493.980468239831
14.900000000000077 8.775395411534773e-06 1485.3560321509576
14.950000000000077 8.713326000785802e-06 1474.8499330700145
15.000000000000078 8.640850399412344e-06 1462.5824434999909
15.050000000000079 8.558798585360063e-06 1448.694048591736
15.10000000000008 8.468114509926617e-06 1433.3445250491218
15.15000000000008 8.36983755822613e-06 1416.7098030583784
15.200000000000081 8.265070888290846e-06 1398.9766072468033
15.250000000000082 8.154940706433525e-06 1380.3355634792902
15.300000000000082 8.040552610393556e-06 1360.9738093370327
15.350000000000083 7.922951277656199e-06 1341.0681708126626
15.400000000000084 7.803088541525336e-06 1320.779758747712
15.450000000000085 7.681802988250596e-06 1300.2505153665418
15.500000000000085 7.559812388787283e-06 1279.6019332479098
15.550000000000086 7.437719035506203e-06 1258.9359586363025
15.600000000000087 7.316026795200899e-06 1238.3378778973022
15.650000000000087 7.195165467211219e-06 1217.8804404640814
15.700000000000088 7.0755141189812775e-06 1197.6278087006478
15.750000000000089 6.957416464217952e-06 1177.6381608660886
15.80000000000009 6.841185614791718e-06 1157.964495438961
15.85000000000009 6.727100414882885e-06 1138.6540106212635
15.900000000000091 6.615397595368185e-06 1119.7467763607608
15.950000000000092 6.506263492466028e-06 1101.274332618109
16.000000000000092 6.399827700904657e-06 1083.2586150785164
16.050000000000093 6.2961598338241735e-06 1065.7114067207237
16.100000000000094 6.195269793717176e-06 1048.63438367742
16.150000000000095 6.097110881120967e-06 1032.0196414240384
16.200000000000095 6.001584026702151e-06 1015.8504111171185
16.250000000000096 5.908541997431993e-06 1000.1017715471752
16.300000000000097 5.817793474932938e-06 984.7413394547842
16.350000000000097 5.729107359065109e-06 969.7299979716227
16.400000000000098 5.642217670519432e-06 955.0227264515958
16.4500000000001 5.5568292623706976e-06 940.5695672295309
16.5000000000001 5.472624326229042e-06 926.3167268765491
16.5500000000001 5.3892694238343376e-06 912.2077663938584
16.6000000000001 5.306422594345925e-06 898.1848042190209
16.6500000000001 5.223740059739729e-06 884.1896512063814
16.700000000000102 5.140882155538597e-06 870.164814484521
16.750000000000103 5.057518255278327e-06 856.0543309896733
16.800000000000104 4.9733299344649405e-06 841.8043030088883
16.850000000000104 4.8880099437620796e-06 827.3627243779155
16.900000000000105 4.8012614047932365e-06 812.6793443597018
16.950000000000106 4.7127980148284946e-06 797.7057022904299
17.000000000000107 4.622344984118629e-06 782.3952862361707
17.050000000000107 4.529640824689908e-06 766.7038357709373
17.100000000000108 4.434440277295753e-06 750.5898374033983
17.15000000000011 4.3365185147771594e-06 734.0152360532799
17.20000000000011 4.235676392612973e-06 716.9463237790145
17.25000000000011 4.131746158193101e-06 699.3547061505366
17.30000000000011 4.024596851778581e-06 681.218216435851
17.35000000000011 3.914138656117346e-06 662.5216518331591
17.400000000000112 3.8003255357823267e-06 643.2572202150313
17.450000000000113 3.6831554982853348e-06 623.4245843255139
17.500000000000114 3.5626683121822273e-06 603.0304755381305
17.550000000000114 3.4389417888192335e-06 582.0880644904502
17.600000000000115 3.3120877694380465e-06 560.6162818465856
17.650000000000116 3.182248398163742e-06 538.6391874492807
17.700000000000117 3.049592990178747e-06 516.1854402154
17.750000000000117 2.914315681671334e-06 493.28790035747926
17.800000000000118 2.7766339084508557e-06 469.9833718684878
17.85000000000012 2.6367875826738926e-06 446.3124631714367
17.90000000000012 2.495038678271855e-06 422.31951694731526
17.95000000000012 2.351670821994676e-06 398.0525409136262
18.00000000000012 2.2069884417124154e-06 373.5630636627511
18.05000000000012 2.061315051490356e-06 348.9058443873894
18.100000000000122 1.914990362181915e-06 324.13838380877877
18.150000000000123 1.7683660876137681e-06 299.32021431600776
18.200000000000124 1.6218005785695052e-06 274.5119916941514
18.250000000000124 1.4751735166392172e-06 249.69335040210794
18.300000000000125 1.3283674657443907e-06 224.84441277289704
18.350000000000126 1.1816152960558773e-06 200.00459527686118
18.400000000000126 1.0354793805591417e-06 175.26908725500496
18.450000000000127 8.90659385667376e-07 150.7563168440209
18.500000000000128 7.476189661246761e-07 126.54476396859393
18.55000000000013 6.066311393497377e-07 102.68064057140299
18.60000000000013 4.6788462358821644e-07 79.19588980388632
18.65000000000013 3.3152959886462463e-07 56.11593169498356
18.70000000000013 1.9769224942872954e-07 33.462124659645205
18.75000000000013 6.647380716857744e-08 11.251603583366897
18.800000000000132 -6.205501559034273e-08 -10.503662502908979
18.850000000000133 -1.8785109329658035e-07 -31.796374008111815
18.900000000000134 -3.108984795326602e-07 -52.62383178237119
18.950000000000134 -4.31210836223288e-07 -72.98834829382338
19.000000000000135 -5.488319301523236e-07 -92.89733167091903
19.050000000000136 -6.638313536664192e-07 -112.36256137282143
19.100000000000136 -7.762972812112606e-07 -131.39896213381758
19.150000000000137 -8.863319074059549e-07 -150.0238317948395
19.200000000000138 -9.940530020311534e-07 -168.25710450653133
19.25000000000014 -1.0995992277147142e-06 -186.12225082048238
19.30000000000014 -1.2031320638518413e-06 -203.6466033390981
19.35000000000014 -1.3048339970974365e-06 -220.8610504316125
19.40000000000014 -1.404903511464488e-06 -237.799188239527
19.45000000000014 -1.5035484854621597e-06 -254.49620305167096
19.500000000000142 -1.6009800939472138e-06 -270.9878391089155
19.550000000000143 -1.6974086428082156e-06 -287.3096935673464
19.600000000000144 -1.7930414662384657e-06 -303.4968605828673
19.650000000000144 -1.8880756254046814e-06 -319.5826954607335
19.700000000000145 -1.98268729430065e-06 -335.59701806570405
19.750000000000146 -2.077024556549615e-06 -351.56489358205073
19.800000000000146 -2.1712054884444056e-06 -367.5063080418077
19.850000000000147 -2.2653218175848013e-06 -383.43678759932567
19.900000000000148 -2.3594472294012064e-06 -399.3688045243315
19.95000000000015 -2.453650519194437e-06 -415.31400336504873
20.00000000000015 -2.548007837263844e-06 -431.2852736040804
20.05000000000015 -2.642607503725008e-06 -447.2975646323411
20.10000000000015 -2.7375454460177173e-06 -463.36711348470584
20.15000000000015 -2.8329138358313555e-06 -479.5095214837816
20.200000000000152 -2.928787574192296e-06 -495.7374666555854
20.250000000000153 -3.0252121904263636e-06 -512.0586554629698
20.300000000000153 -3.12219688635304e-06 -528.4746454400893
20.350000000000154 -3.21971648010765e-06 -544.9811742109664
20.400000000000155 -3.31772030214147e-06 -561.5696652595223
20.450000000000156 -3.4161433858737407e-06 -578.2291221009159
20.500000000000156 -3.5149157167056956e-06 -594.9476938040222
20.550000000000157 -3.613967026369801e-06 -611.7134865007982
20.600000000000158 -3.7132267332289278e-06 -628.5145532810989
20.65000000000016 -3.8126204257231857e-06 -645.3382989678227
20.70000000000016 -3.912065240843126e-06 -662.1706978601144
20.75000000000016 -4.011466437257195e-06 -678.995713688186
20.80000000000016 -4.110716617101329e-06 -695.7951678905315
20.85000000000016 -4.2096978606536375e-06 -712.5491009368957
20.900000000000162 -4.3082859027202726e-06 -729.236479238863
20.950000000000163 -4.40635424037638e-06 -745.8358904413536
21.000000000000163 -4.503776821689397e-06 -762.3259985259191
21.050000000000164 -4.600430611187061e-06 -778.685978051388
21.100000000000165 -4.6961992949660015e-06 -794.8961412943146
21.150000000000166 -4.7909787831349215e-06 -810.9388696129538
21.200000000000166 -4.884684909506564e-06 -826.7999167257329
21.250000000000167 -4.977263224736085e-06 -842.4700663342385
21.300000000000168 -5.068699567343503e-06 -857.9469214137517
21.35000000000017 -5.1590280792818536e-06 -873.2362609580974
21.40000000000017 -5.2483325223119235e-06 -888.3522627941214
21.45000000000017 -5.3367357360845865e-06 -903.3157192175386
21.50000000000017 -5.424373941099698e-06 -918.1496874162789
21.55000000000017 -5.511337429967283e-06 -932.8694506529954
21.600000000000172 -5.597587439363222e-06 -947.4684477034233
21.650000000000173 -5.682949789641559e-06 -961.9171962735273
21.700000000000173 -5.7671877016154065e-06 -976.175618238387
21.750000000000174 -5.85009374884475e-06 -990.2086038280768
21.800000000000175 -5.93155316552725e-06 -1003.996727356483
21.850000000000176 -6.011562324559487e-06 -1017.539374886604
21.900000000000176 -6.090209395735961e-06 -1030.8514703654505
21.950000000000177 -6.16763548164967e-06 -1043.9568973421767
22.000000000000178 -6.24399559585108e-06 -1056.8818939862838
22.05000000000018 -6.319432758785809e-06 -1069.6506684697868
22.10000000000018 -6.394069535985241e-06 -1082.2839666899172
22.15000000000018 -6.468013597845143e-06 -1094.8000133379098
22.20000000000018 -6.541369778393984e-06 -1107.2165530109316
22.25000000000018 -6.614251058536461e-06 -1119.55270927669
22.300000000000182 -6.6867837287417335e-06 -1131.8298585292243
22.350000000000183 -6.7591057165230956e-06 -1144.0713468919016
22.400000000000183 -6.831359931177479e-06 -1156.3013637232968
22.450000000000184 -6.9036859249113e-06 -1168.5435301483712
22.500000000000185 -6.9762130048500945e-06 -1180.819733171631
22.550000000000185 -7.0490561926951094e-06 -1193.1494417935899
22.600000000000186 -7.122313990734309e-06 -1205.5493288774917
22.650000000000187 -7.1960674945676294e-06 -1218.0331209658907
22.700000000000188 -7.270381084107961e-06 -1230.6117152420452
22.75000000000019 -7.345304509380017e-06 -1243.2935325799826
22.80000000000019 -7.420876239836111e-06 -1256.0850844621345
22.85000000000019 -7.497127932970029e-06 -1268.9917293535218
22.90000000000019 -7.573970040576578e-06 -1281.9983099922192
22.95000000000019 -7.651299375407428e-06 -1295.0873605211839
23.000000000000192 -7.729099388948979e-06 -1308.2560798775187
23.050000000000193 -7.807232755307654e-06 -1321.4812237702452
23.100000000000193 -7.885555486584851e-06 -1334.7384202726619
23.150000000000194 -7.964044343728993e-06 -1348.0237358565548
23.200000000000195 -8.042835037613826e-06 -1361.3601414486452
23.250000000000195 -8.122202291999716e-06 -1374.7941378133428
23.300000000000196 -8.202508805044418e-06 -1388.3871165884261
23.350000000000197 -8.284142007064838e-06 -1402.2046556688244
23.400000000000198 -8.367452555389301e-06 -1416.3061086167895
23.4500000000002 -8.452704568466446e-06 -1430.736181102264
23.5000000000002 -8.540043573899273e-06 -1445.5195056680373
23.5500000000002 -8.629483869302812e-06 -1460.6585023815512
23.6000000000002 -8.720913795449439e-06 -1476.1342713870708
23.6500000000002 -8.81411517535535e-06 -1491.9098832376856
23.700000000000202 -8.908791934583876e-06 -1507.9352232741865
23.750000000000203 -9.004602686117078e-06 -1524.1525070615012
23.800000000000203 -9.101192537612552e-06 -1540.5016642031592
23.850000000000204 -9.198220226086002e-06 -1556.9249312584834
23.900000000000205 -9.295377987299812e-06 -1573.3702149091237
23.950000000000205 -9.392742534321797e-06 -1589.8504998939638
24.000000000000206 -9.490463985798693e-06 -1606.391195852913
24.050000000000207 -9.588488614159353e-06 -1622.9832086576553
24.100000000000207 -9.686607459117123e-06 -1639.5911689136842
24.150000000000208 -9.784392234795595e-06 -1656.142583362272
24.20000000000021 -9.881260140325497e-06 -1672.5388049629012
24.25000000000021 -9.976632168226511e-06 -1688.6818287581634
24.30000000000021 -1.0070065352835096e-05 -1704.4966767340181
24.35000000000021 -1.0161304604281995e-05 -1719.940171431414
24.40000000000021 -1.0250251689776832e-05 -1734.9956856032702
24.450000000000212 -1.0336881110845461e-05 -1749.6589032831134
24.500000000000213 -1.0421146551779466e-05 -1763.9219849020526
24.550000000000214 -1.0502918547668425e-05 -1777.7630167483255
24.600000000000215 -1.058197430519217e-05 -1791.1442879967763
24.650000000000215 -1.0658033669553716e-05 -1804.0183786055584
24.700000000000216 -1.0730816708447198e-05 -1816.3379061924986
24.750000000000217 -1.080009560240741e-05 -1828.0643091884576
24.800000000000217 -1.0865722875982003e-05 -1839.1726253504294
24.850000000000218 -1.092763155924376e-05 -1849.6515190997072
24.90000000000022 -1.0985814060325216e-05 -1859.499705408597
24.95000000000022 -1.1040292223714435e-05 -1868.720881756311
25.00000000000022 -1.1091093142324182e-05 -1877.3196339899268
25.05000000000022 -1.1138249174859771e-05 -1885.3014392641342
25.10000000000022 -1.118182865927734e-05 -1892.6778647152976
25.150000000000222 -1.1221948546868458e-05 -1899.4687059535572
25.200000000000223 -1.1258749573342077e-05 -1905.6977844279113
25.250000000000224 -1.1292357732105228e-05 -1911.3864262505595
25.300000000000225 -1.1322856208592869e-05 -1916.548711697297
25.350000000000225 -1.1350279431057655e-05 -1921.190468222085
25.400000000000226 -1.1374626825414302e-05 -1925.3115986531159
25.450000000000227 -1.1395885381497108e-05 -1928.9099008414037
25.500000000000227 -1.1414050132007675e-05 -1931.9845340035654
25.550000000000228 -1.1429135714186934e-05 -1934.5379756933858
25.60000000000023 -1.1441177137442265e-05 -1936.5761517332346
25.65000000000023 -1.1450221618883591e-05 -1938.1070542665714
25.70000000000023 -1.145631537542599e-05 -1939.1385061401604
25.75000000000023 -1.145948967344454e-05 -1939.6757996168167
25.80000000000023 -1.1459751647849595e-05 -1939.7201423779766
25.850000000000232 -1.1457084836606438e-05 -1939.2687479984795
25.900000000000233 -1.1451457948996493e-05 -1938.3163200950391
25.950000000000234 -1.1442835815921e-05 -1936.8569058153296
26.000000000000234 -1.1431186968245315e-05 -1934.885178576698
26.050000000000235 -1.141648532962768e-05 -1932.3967246006523
26.100000000000236 -1.1398706539513358e-05 -1929.3874205291863
26.150000000000237 -1.1377821260576463e-05 -1925.852300617519
26.200000000000237 -1.1353788254136068e-05 -1921.7843846532946
26.250000000000238 -1.1326549363345194e-05 -1917.1738287925132
26.30000000000024 -1.1296027428650398e-05 -1912.0075727224744
26.35000000000024 -1.1262127122475456e-05 -1906.2694809434386
26.40000000000024 -1.1224738004898881e-05 -1899.9408599839583
26.45000000000024 -1.1183738821198888e-05 -1893.0011858193045
26.50000000000024 -1.1139002108693883e-05 -1885.4288836424057
26.550000000000242 -1.1090398403336762e-05 -1877.2020398876282
26.600000000000243 -1.1037799587997922e-05 -1868.2989689735991
26.650000000000244 -1.0981081131428704e-05 -1858.6985922784768
26.700000000000244 -1.0920123222441042e-05 -1848.3806301154139
26.750000000000245 -1.0854817330032327e-05 -1837.3267121236636
26.800000000000246 -1.0785067234681333e-05 -1825.520551829562
26.850000000000247 -1.0710779081120733e-05 -1812.946262941844
26.900000000000247 -1.063185124077101e-05 -1799.5866434295417
26.950000000000248 -1.0548172186827188e-05 -1785.4228158512692
27.00000000000025 -1.0459627368430089e-05 -1770.435390902991
27.05000000000025 -1.0366110772934232e-05 -1754.6064244904453
27.10000000000025 -1.0267535016694157e-05 -1737.9211257331292
27.15000000000025 -1.0163835398039352e-05 -1720.3685429858945
27.20000000000025 -1.0054967046670454e-05 -1701.941081335156
27.250000000000252 -9.94089810176452e-06 -1682.6333478996446
27.300000000000253 -9.821603702368916e-06 -1662.4411346221468
27.350000000000254 -9.697064639680826e-06 -1641.361190149328
27.400000000000254 -9.56727153873571e-06 -1619.391927639858
27.450000000000255 -9.432232269996458e-06 -1596.5346792775279
27.500000000000256 -9.291978303378738e-06 -1572.7947717771895
27.550000000000257 -9.14656348802129e-06 -1548.1813198441414
27.600000000000257 -8.99605531827684e-06 -1522.7057478232996
27.650000000000258 -8.840523608093697e-06 -1496.379872682947
27.70000000000026 -8.680036099460183e-06 -1469.2151606837213
27.75000000000026 -8.514662292792211e-06 -1441.223375724247
27.80000000000026 -8.344483321749686e-06 -1412.4182507892501
27.85000000000026 -8.169604971600074e-06 -1382.817691486145
27.90000000000026 -7.99017030324281e-06 -1352.445912834309
27.950000000000262 -7.80636843385395e-06 -1321.3349255096232
28.000000000000263 -7.6184336094505114e-06 -1289.5243788632633
28.050000000000264 -7.426630095016988e-06 -1257.0590033683761
28.100000000000264 -7.231225911941172e-06 -1223.9841653208869
28.150000000000265 -7.032465605114024e-06 -1190.3412572976408
28.200000000000266 -6.8305527735085865e-06 -1156.1647412172829
28.250000000000266 -6.625647458345834e-06 -1121.481706251505
28.300000000000267 -6.4178767711128245e-06 -1086.3136677628866
28.350000000000268 -6.20735274729571e-06 -1050.679589294079
28.40000000000027 -5.994190308071628e-06 -1014.5989228305122
28.45000000000027 -5.778519388956628e-06 -978.093661740405
28.50000000000027 -5.560488884662675e-06 -941.1890084959196
28.55000000000027 -5.340262863201678e-06 -903.9127338583431
28.60000000000027 -5.118011630692703e-06 -866.2936644741575
28.650000000000272 -4.894213847250321e-06 -828.4128201328062
28.700000000000273 -4.66937797914083e-06 -790.3562657237188
28.750000000000274 -4.443796757854837e-06 -752.1735500666329
28.800000000000274 -4.2180997400990205e-06 -713.9712342688251
28.850000000000275 -3.9929808600777705e-06 -675.8667762120286
28.900000000000276 -3.7688858973685652e-06 -637.9356302038118
28.950000000000276 -3.5459059926881282e-06 -600.1932230605186
29.000000000000277 -3.3237982668077866e-06 -562.5984441414912
29.050000000000278 -3.1020719421250945e-06 -525.068222606266
29.10000000000028 -2.880100032586891e-06 -487.4964324659317
29.15000000000028 -2.657228658369615e-06 -449.77239559207567
29.20000000000028 -2.4328654724371733e-06 -411.79584912451617
29.25000000000028 -2.2065375714988325e-06 -373.4867476952014
29.30000000000028 -1.9779171684071655e-06 -334.78960883367176
29.350000000000282 -1.7468192562787976e-06 -295.67311758745814
29.400000000000283 -1.5131789329510185e-06 -256.12628837535755
29.450000000000284 -1.2770168643121064e-06 -216.15261918240367
29.500000000000284 -1.0384012142545148e-06 -175.76364768229462
29.550000000000285 -7.974129183324431e-07 -134.97307332764854
29.600000000000286 -5.541191071580298e-07 -93.79225889529832
29.650000000000286 -3.0855722898577997e-07 -52.227543015939744
29.700000000000287 -6.072936192835508e-08 -10.279277438643028
29.750000000000288 1.893957531208075e-07 32.057828869111155
29.80000000000029 4.418758869464056e-07 74.79355440498686
29.85000000000029 6.967862588359466e-07 117.94063106506329
29.90000000000029 9.54210209697823e-07 161.51316544114627
29.95000000000029 1.214230777195109e-06 205.52521279661244
30.00000000000029 1.4769236892602524e-06 249.98959112267343
30.050000000000292 1.7423521312971291e-06 294.9169954155533
30.100000000000293 2.0105631781792965e-06 340.31539374325604
30.150000000000293 2.281585450321653e-06 386.1896305035459
30.200000000000294 2.5554276834150206e-06 432.54118433190877
30.250000000000295 2.832078083176225e-06 479.368058884153
30.300000000000296 3.111504446025342e-06 526.664803262689
30.350000000000296 3.3949081945299917e-06 574.6347747151722
30.400000000000297 3.683667544082543e-06 623.5112550996446
30.450000000000298 3.978408110572226e-06 673.4001384859799
30.5000000000003 4.278816873242316e-06 724.2484418178732
30.5500000000003 4.583880248977842e-06 775.8846022513377
30.6000000000003 4.892273087001118e-06 828.0843198421729
30.6500000000003 5.202720902073558e-06 880.631870483573
30.7000000000003 5.514240311433167e-06 933.360803155505
30.750000000000302 5.826232841417091e-06 986.1698179821783
30.800000000000303 6.138456071025466e-06 1039.0178818844456
30.850000000000303 6.450920011326885e-06 1091.906689372973
30.900000000000304 6.764450126723753e-06 1144.975961619507
30.950000000000305 7.07985776830029e-06 1198.3630309231203
31.000000000000306 7.39734568628035e-06 1252.1022155400165
31.050000000000306 7.716504579918863e-06 1306.1242357053368
31.100000000000307 8.036587506005785e-06 1360.3026610360976
31.150000000000308 8.356437113904225e-06 1414.4415940633874
31.20000000000031 8.67496916595112e-06 1468.3575126918938
31.25000000000031 8.99153022025192e-06 1521.9398129186961
31.30000000000031 9.305955434525036e-06 1575.1605929267448
31.35000000000031 9.618455494988561e-06 1628.055514248114
31.40000000000031 9.929437424661293e-06 1680.6934711112508
31.450000000000312 1.0239334569783534e-05 1733.1478133108778
31.500000000000313 1.0548488909417747e-05 1785.4764254937231
31.550000000000313 1.0857096070828018e-05 1837.7124202573552
31.600000000000314 1.1165204727998366e-05 1889.864036341156
31.650000000000315 1.1472752182654344e-05 1941.9206612022383
31.700000000000315 1.1779615964302927e-05 1993.8615650299166
31.750000000000316 1.2085664643930062e-05 2045.6645016609507
31.800000000000317 1.2390070837351498e-05 2097.1894249741854
31.850000000000318 1.2691767420635815e-05 2148.2557096081127
31.90000000000032 1.298994574250432e-05 2198.726480242774
31.95000000000032 1.3284269704450591e-05 2248.544847596206
32.00000000000032 1.3574907455416114e-05 2297.7392731829987
32.05000000000032 1.3862457301556496e-05 2346.4110285260435
32.100000000000314 1.4147817273517647e-05 2394.7121176290802
32.15000000000031 1.443203573896799e-05 2442.819991098855
32.20000000000031 1.471617113792459e-05 2490.913804425267
32.250000000000306 1.5001179462719517e-05 2539.1553724224113
32.3000000000003 1.5287838731008634e-05 2587.6763852494278
32.3500000000003 1.557671159727943e-05 2636.5720798953994
32.4000000000003 1.5868141436853584e-05 2685.9005773430767
32.450000000000294 1.6162273760395963e-05 2735.686507268238
32.50000000000029 1.645909355340633e-05 2785.9273282607865
32.55000000000029 1.675846964488516e-05 2836.600837829979
32.600000000000286 1.706019828745667e-05 2887.6725489379724
32.65000000000028 1.7364042750428216e-05 2939.102391668161
32.70000000000028 1.7669766018294714e-05 2990.850247895529
32.75000000000028 1.7977152119336425e-05 3042.8795614443547
32.800000000000274 1.828598571378933e-05 3095.1538831060902
32.85000000000027 1.8596035192547538e-05 3147.634009862933
32.90000000000027 1.8907063615652124e-05 3200.2798363770908
32.950000000000266 1.9218850757388896e-05 3253.0540864259356
33.00000000000026 1.9531213429652e-05 3305.9257529100387
33.05000000000026 1.9844017850579523e-05 3358.872191414389
33.10000000000026 2.015718147307357e-05 3411.879429710495
33.150000000000254 2.0470664752886318e-05 3464.9407743920437
33.20000000000025 2.078445540618113e-05 3518.0541462512065
33.25000000000025 2.1098548453167247e-05 3571.2187023900974
33.300000000000246 2.141292545272231e-05 3624.4313213958276
33.35000000000024 2.1727536096814944e-05 3677.683487944088
33.40000000000024 2.2042284737096514e-05 3730.95901224001
33.45000000000024 2.2357022585315375e-05 3784.2327098313
33.500000000000234 2.2671545594387378e-05 3837.4700429503623
33.55000000000023 2.298559912372359e-05 3890.6279101850037
33.60000000000023 2.329888992324541e-05 3943.6566749373533
33.650000000000226 2.3611104159939247e-05 3996.5032166654933
33.70000000000022 2.3921928027188066e-05 4049.114419295481
33.75000000000022 2.4231066370132764e-05 4101.4403238192235
33.80000000000022 2.453825591909077e-05 4153.436368232076
33.850000000000215 2.4843272071004292e-05 4205.064535385969
33.90000000000021 2.514593010928358e-05 4256.293559464611
33.95000000000021 2.5446082745354683e-05 4307.098509856727
34.000000000000206 2.574361602003177e-05 4357.46009740711
34.0500000000002 2.6038445203047886e-05 4407.363980355963
34.1000000000002 2.633051176640176e-05 4456.800252036329
34.1500000000002 2.6619781962164603e-05 4505.7632001483935
34.200000000000195 2.690624614795268e-05 4554.251192586459
34.25000000000019 2.7189907203997116e-05 4602.264716869147
34.30000000000019 2.7470748775474068e-05 4649.801004718208
34.350000000000186 2.7748721913867782e-05 4696.851770925998
34.40000000000018 2.8023753979844192e-05 4743.404720288943
34.45000000000018 2.829576805876268e-05 4789.446833949199
34.50000000000018 2.856470361415554e-05 4834.967865279316
34.550000000000175 2.8830533133382463e-05 4879.963157387578
34.60000000000017 2.9093272462307765e-05 4924.43539240385
34.65000000000017 2.9352984597896e-05 4968.395233428418
34.700000000000166 2.9609778011240604e-05 5011.861040681579
34.75000000000016 2.9863801228229212e-05 5054.857954206918
34.80000000000016 3.0115235427691152e-05 5097.416641006254
34.85000000000016 3.0364286317944532e-05 5139.571920033814
34.900000000000155 3.0611175791866255e-05 5181.3613497023825
34.95000000000015 3.085613317171466e-05 5222.823745949447
35.00000000000015 3.109938550709128e-05 5263.99754003416
35.050000000000146 3.134114650305458e-05 5304.918904468735
35.10000000000014 3.15816041834446e-05 5345.619664866936
35.15000000000014 3.182090810089496e-05 5386.125135063187
35.20000000000014 3.2059157487993545e-05 5426.452111534013
35.250000000000135 3.229639181106175e-05 5466.607274495607
35.30000000000013 3.253258485018426e-05 5506.586185867684
35.35000000000013 3.2767642650268775e-05 5546.372942462235
35.40000000000013 3.300140551523259e-05 5585.940513526953
35.450000000000124 3.3233653654473124e-05 5625.251696487815
35.50000000000012 3.346411459279874e-05 5664.260371181513
35.55000000000012 3.369246998554136e-05 5702.912653406722
35.600000000000115 3.3918360055749196e-05 5741.1476459798405
35.65000000000011 3.414138497584087e-05 5778.897672598894
35.70000000000011 3.436110364062508e-05 5816.088070160285
35.75000000000011 3.457703106655298e-05 5852.636748546589
35.800000000000104 3.478863592391284e-05 5888.453772916655
35.8500000000001 3.49953394576384e-05 5923.441181037618
35.9000000000001 3.5196516646618357e-05 5957.493179513921
35.950000000000095 3.539149997941128e-05 5990.496782878868
36.00000000000009 3.558008647985535e-05 6022.417634633153
36.05000000000009 3.5761999018637494e-05 6053.208826839579
36.10000000000009 3.59364534863272e-05 6082.737638222595
36.150000000000084 3.610216718082511e-05 6110.78695385901
36.20000000000008 3.6257516996750934e-05 6137.082040901544
36.25000000000008 3.6400853715173537e-05 6161.343746426276
36.300000000000075 3.653081039554331e-05 6183.34069699694
36.35000000000007 3.664645626755743e-05 6202.915346973821
36.40000000000007 3.6747276878003745e-05 6219.9806180947935
36.45000000000007 3.683303995209106e-05 6234.497194665686
36.500000000000064 3.690363094511612e-05 6246.445688424438
36.55000000000006 3.6958925951494733e-05 6255.805126651499
36.60000000000006 3.6998734426044354e-05 6262.543256961307
36.650000000000055 3.702280928790007e-05 6266.61825752864
36.70000000000005 3.703089923113624e-05 6267.987591378806
36.75000000000005 3.7022811486667094e-05 6266.618629700117
36.80000000000005 3.699845997125182e-05 6262.496801723391
36.850000000000044 3.695788705582948e-05 6255.629279311203
36.90000000000004 3.690126028568069e-05 6246.044421800262
36.95000000000004 3.682885382542772e-05 6233.788635313184
37.000000000000036 3.674102645378331e-05 6218.9226480679245
37.05000000000003 3.663820472155615e-05 6201.518659639201
37.10000000000003 3.652087423200226e-05 6181.6588650383765
37.15000000000003 3.638957687920064e-05 6159.43498727066
37.200000000000024 3.624490977076052e-05 6134.948094988527
37.25000000000002 3.608752222073685e-05 6108.308093501434
37.30000000000002 3.591810931399179e-05 6079.632635455721
37.350000000000016 3.5737402942534984e-05 6049.045603612271
37.40000000000001 3.554616240632137e-05 6016.67551990262
37.45000000000001 3.5345165959425084e-05 5982.654114502941
37.50000000000001 3.513520322808046e-05 5947.115042483497
37.550000000000004 3.4917067458284426e-05 5910.192571609018
37.6 3.4691546587815296e-05 5872.020071155426
37.65 3.4459413072370874e-05 5832.728289844175
37.699999999999996 3.422141338345011e-05 5792.443578214676
37.74999999999999 3.3978258515406936e-05 5751.28628181296
37.79999999999999 3.373061676202576e-05 5709.369518528007
37.84999999999999 3.347910949492115e-05 5666.798464027991
37.899999999999984 3.322430889329354e-05 5623.6699674902975
37.94999999999998 3.296673568212172e-05 5580.07216875958
37.99999999999998 3.270685663608316e-05 5536.084075852039
38.049999999999976 3.2445081073141566e-05 5491.77497144702
38.09999999999997 3.218175027127477e-05 5447.202621523065
38.14999999999997 3.191711999327599e-05 5402.410317440836
38.19999999999997 3.1651341644703805e-05 5357.423686667719
38.249999999999964 3.138444824359451e-05 5312.248317959217
38.29999999999996 3.111634978325878e-05 5266.868976448677
38.34999999999996 3.084683947135862e-05 5221.250659696638
38.399999999999956 3.057560844102749e-05 5175.34108774968
38.44999999999995 3.030226381802203e-05 5129.073761253656
38.49999999999995 3.002634452003493e-05 5082.370635704089
38.54999999999995 2.9747331386560613e-05 5035.143836064877
38.599999999999945 2.9464651268455816e-05 4987.296348982506
38.64999999999994 2.9177676968923456e-05 4938.722012796767
38.69999999999994 2.8885725806665192e-05 4889.305274334613
38.749999999999936 2.8588059255934023e-05 4838.921127984132
38.79999999999993 2.828388575551387e-05 4787.43559115286
38.84999999999993 2.7972370255933507e-05 4734.70732026469
38.89999999999993 2.765265312698471e-05 4680.59081111664
38.949999999999925 2.732386721506405e-05 4624.939286067902
38.99999999999992 2.6985142519061758e-05 4567.605485498167
39.04999999999992 2.663559811169237e-05 4508.44030038203
39.099999999999916 2.627432515449938e-05 4447.289897345573
39.14999999999991 2.5900369722775398e-05 4383.992811548537
39.19999999999991 2.5512729879903917e-05 4318.379451476538
39.24999999999991 2.5110371751261686e-05 4250.274819669504
39.299999999999905 2.4692263130594984e-05 4179.504201061791
39.3499999999999 2.4257425158022163e-05 4105.901910192898
39.3999999999999 2.3804959915163027e-05 4029.315962061596
39.449999999999896 2.333402116599387e-05 3949.6031196143417
39.49999999999989 2.2843744075315676e-05 3866.616997632071
39.54999999999989 2.23332603134662e-05 3780.210619409894
39.59999999999989 2.180177561050178e-05 3690.249543866052
39.649999999999885 2.12486253847817e-05 3596.6212814428
39.69999999999988 2.067327323352547e-05 3499.235038612517
39.74999999999988 2.0075279333867177e-05 3398.0163693227682
39.799999999999876 1.945426657277997e-05 3292.9014420214726
39.84999999999987 1.8809891426426533e-05 3183.83211058757
39.89999999999987 1.814181823904693e-05 3070.751560680012
39.94999999999987 1.7449695026660673e-05 2953.600214182473
39.999999999999865 1.673318802597472e-05 2832.321577079882
40.04999999999986 1.5992076658239024e-05 2706.8783133934494
40.09999999999986 1.5226302869280055e-05 2577.260596658066
40.14999999999986 1.4435956884143773e-05 2443.4836987002395
40.199999999999854 1.3621267557933603e-05 2305.5863563850817
40.24999999999985 1.2782611085213785e-05 2163.6322458022787
40.29999999999985 1.19205201130113e-05 2017.7115247666568
40.349999999999845 1.1035684150115485e-05 1867.9409020977535
40.39999999999984 1.0128934584039998e-05 1714.4611015351334
40.44999999999984 9.20121638556822e-06 1557.4320723446103
40.49999999999984 8.253558415539428e-06 1397.027963334551
40.549999999999834 7.287053524827003e-06 1233.433754504248
40.59999999999983 6.302854606069912e-06 1066.8445887453208
40.64999999999983 5.302172477202372e-06 897.4654136000834
40.699999999999825 4.286274264707765e-06 725.5107076050941
40.74999999999982 3.2564822767352256e-06 551.2042895506834
40.79999999999982 2.2141557273470217e-06 374.77622505916156
40.84999999999982 1.1606673052861657e-06 196.45886052736665
40.899999999999814 9.741719789270125e-08 16.489196866840693
40.94999999999981 -9.741349021045176e-07 -164.8856929076733
40.99999999999981 -2.052452318228757e-06 -347.40570522623466
41.049999999999805 -3.135931319024341e-06 -530.7993865440255
41.0999999999998 -4.222927680478917e-06 -714.788429395636
41.1499999999998 -5.311786151752259e-06 -899.0926598738001
41.1999999999998 -6.400867539877268e-06 -1083.4346220865202
41.249999999999794 -7.487158590605324e-06 -1267.304281423993
41.29999999999979 -8.56550494295915e-06 -1449.829191596286
41.34999999999979 -9.63065188227945e-06 -1630.1199200763867
41.399999999999785 -1.0678823266391032e-05 -1807.5373030095463
41.44999999999978 -1.1708260564207892e-05 -1981.7836848903632
41.49999999999978 -1.2719103393574948e-05 -2152.882697954015
41.54999999999978 -1.3712907602942861e-05 -2321.0976908899825
41.599999999999774 -1.469200821796246e-05 -2486.8238988156627
41.64999999999977 -1.565888393373366e-05 -2650.4808748732066
41.69999999999977 -1.6615631680130023e-05 -2812.423553204111
41.749999999999766 -1.7563617847479993e-05 -2972.8832141121634
41.79999999999976 -1.8503322697267025e-05 -3131.9411484404536
41.84999999999976 -1.943806582872629e-05 -3290.159243889427
41.89999999999976 -2.0370729582941407e-05 -3448.0253762201746
41.949999999999754 -2.130259592593258e-05 -3605.756535764393
41.99999999999975 -2.223136766109805e-05 -3762.9638904900835
42.04999999999975 -2.3151699513690694e-05 -3918.7426793332934
42.099999999999746 -2.4057412020923453e-05 -4072.046943463023
42.14999999999974 -2.494346720552452e-05 -4222.02393612775
42.19999999999974 -2.580688711033904e-05 -4368.169597234906
42.24999999999974 -2.6646635822040633e-05 -4510.308584245954
42.299999999999734 -2.746292938297976e-05 -4648.477465291836
42.34999999999973 -2.8256433625805675e-05 -4782.788941680648
42.39999999999973 -2.9027663660456934e-05 -4913.330202834473
42.449999999999726 -2.9776699869543634e-05 -5040.114854612556
42.49999999999972 -3.05031751588422e-05 -5163.080761282681
42.54999999999972 -3.120641183466549e-05 -5282.11321389341
42.59999999999972 -3.188559292307085e-05 -5397.0739283997555
42.649999999999714 -3.2539892548483915e-05 -5507.823114033482
42.69999999999971 -3.3168539108768e-05 -5614.23016655006
42.74999999999971 -3.3770822187494706e-05 -5716.174838225282
42.799999999999706 -3.434606689604514e-05 -5813.54289490398
42.8499999999997 -3.489359948601865e-05 -5906.220295428563
42.8999999999997 -3.54127258618899e-05 -5994.089554611513
42.9499999999997 -3.5902735453042585e-05 -6077.030398630207
42.999999999999694 -3.636292992486904e-05 -6154.924624774302
43.04999999999969 -3.679265853219493e-05 -6227.662085497763
43.09999999999969 -3.719133815455455e-05 -6295.14407966399
43.149999999999686 -3.75584447963253e-05 -6357.281913827009
43.19999999999968 -3.789346754434457e-05 -6413.9891089266275
43.24999999999968 -3.819615912418279e-05 -6465.223810374157
43.29999999999968 -3.8466566992587627e-05 -6510.9940508750315
43.349999999999675 -3.870486564936426e-05 -6551.329366914623
43.39999999999967 -3.8911180835710285e-05 -6586.251041915229
43.44999999999967 -3.9085481765029294e-05 -6615.753864823151
43.499999999999666 -3.922758072127904e-05 -6639.806062123626
43.54999999999966 -3.933721109273258e-05 -6658.3625061251605
43.59999999999966 -3.941410142314373e-05 -6671.377249134935
43.64999999999966 -3.945803501170847e-05 -6678.813611569715
43.699999999999655 -3.946881743528668e-05 -6680.638684646427
43.74999999999965 -3.9446244445562656e-05 -6676.817896536277
43.79999999999965 -3.939022706034974e-05 -6667.336185783737
43.849999999999646 -3.9300954443977994e-05 -6652.225571046153
43.89999999999964 -3.9178968069238246e-05 -6631.577704019929
43.94999999999964 -3.902474673242081e-05 -6605.47362754412
43.99999999999964 -3.883840320203195e-05 -6573.9324292350875
44.049999999999635 -3.8619671306776014e-05 -6536.909055950373
44.09999999999963 -3.8367871402045635e-05 -6494.288468518531
44.14999999999963 -3.8082030776956896e-05 -6445.906022281262
44.199999999999626 -3.776113592678475e-05 -6391.590167663149
44.24999999999962 -3.740433963008647e-05 -6331.197500814964
44.29999999999962 -3.701101337454575e-05 -6264.6216374068235
44.34999999999962 -3.658067034545592e-05 -6191.780177372729
44.399999999999615 -3.611285568229559e-05 -6112.596129330803
44.44999999999961 -3.560707653183197e-05 -6026.986071111679
44.49999999999961 -3.5062774019634686e-05 -5934.855405552786
44.549999999999606 -3.447916967822785e-05 -5836.072366356775
44.5999999999996 -3.3855291860551745e-05 -5730.472488932186
44.6499999999996 -3.319000314447588e-05 -5617.8632489831425
44.6999999999996 -3.248202877228356e-05 -5498.028876282183
44.749999999999595 -3.1730114883275205e-05 -5370.757137708603
44.79999999999959 -3.093321096634691e-05 -5235.870219849804
44.84999999999959 -3.0090560899593547e-05 -5093.24013870277
44.89999999999959 -2.920170758826948e-05 -4942.789524712529
44.949999999999584 -2.8266454117753018e-05 -4784.48504737858
44.99999999999958 -2.728473810593623e-05 -4618.316147673556
45.04999999999958 -2.6256430900164895e-05 -4444.261049371198
45.099999999999575 -2.518116318663995e-05 -4262.257241045698
45.14999999999957 -2.40582669638957e-05 -4072.1916542870285
45.19999999999957 -2.288683326221213e-05 -3873.9104335031207
45.24999999999957 -2.1665820493523225e-05 -3667.2372756279233
45.299999999999564 -2.039421044784463e-05 -3451.9998346563475
45.34999999999956 -1.9071167268435747e-05 -3228.0566303708706
45.39999999999956 -1.7696122622247925e-05 -2995.3114646080494
45.449999999999555 -1.6268855068015912e-05 -2753.726855396567
45.49999999999955 -1.478947692467797e-05 -2503.321814257232
45.54999999999955 -1.3258356080719493e-05 -2244.158611361964
45.59999999999955 -1.1676022866324892e-05 -1976.3270123682073
45.649999999999544 -1.0043102236226245e-05 -1699.932799435919
45.69999999999954 -8.360378747320571e-06 -1415.1087695804931
45.74999999999954 -6.629016106969632e-06 -1122.0518962337112
45.799999999999535 -4.850593600972955e-06 -821.0294951778042
45.84999999999953 -3.0269393816181454e-06 -512.3510062614329
45.89999999999953 -1.1599456692936194e-06 -196.33671373804512
45.94999999999953 7.48443339108243e-07 126.68430040273272
45.999999999999524 2.6961783131733005e-06 456.3651588807596
46.04999999999952 4.680507222181388e-06 792.240042751229
46.09999999999952 6.697662338721069e-06 1133.6712124735702
46.149999999999515 8.743329015714217e-06 1479.9283548523601
46.19999999999951 1.081332616409424e-05 1830.3037632174407
46.24999999999951 1.2904041286644368e-05 2184.185972867744
46.29999999999951 1.5012490945280055e-05 2541.0699959881804
46.349999999999504 1.7136227283733077e-05 2900.5414993318313
46.3999999999995 1.927313235978479e-05 3262.2419921296014
46.4499999999995 2.1421188864412655e-05 3625.8300171610654
46.499999999999496 2.3578246493903993e-05 3990.9416060304084
46.54999999999949 2.5741544047525736e-05 4357.109387642369
46.59999999999949 2.7907202985911532e-05 4723.676866013168
46.64999999999949 3.0070392908841288e-05 5089.826429654303
46.699999999999484 3.2226040176716364e-05 5454.699295476309
46.74999999999948 3.436958432875918e-05 5817.523542943679
46.79999999999948 3.64976070063964e-05 6177.720567983449
46.849999999999476 3.860821760705606e-05 6534.970360179796
46.89999999999947 4.0700954699172846e-05 6889.194815911537
46.94999999999947 4.2776210883427574e-05 7240.4603882286065
46.99999999999947 4.4833932415013474e-05 7588.757980085321
47.049999999999464 4.687229091152599e-05 7933.77811268257
47.09999999999946 4.888765431064807e-05 8274.90600965772
47.14999999999946 5.0875464456185856e-05 8611.370140557667
47.199999999999456 5.283137357833249e-05 8942.434585710855
47.24999999999945 5.475219489100957e-05 9267.559937865217
47.29999999999945 5.6636299221389356e-05 9586.470437174774
47.34999999999945 5.848336350244359e-05 9899.111400113976
47.399999999999444 6.029367237261362e-05 10205.531005642972
47.44999999999944 6.206742195824595e-05 10505.762450835871
47.49999999999944 6.380416418118879e-05 10799.729892319883
47.549999999999436 6.550172177537933e-05 11087.064797951627
47.59999999999943 6.715629581035044e-05 11367.124146645394
47.64999999999943 6.876367340656557e-05 11639.19485075796
47.69999999999943 7.032081373881253e-05 11902.76220891579
47.749999999999424 7.182627629948863e-05 12157.58239544988
47.79999999999942 7.327859454188464e-05 12403.407177215297
47.84999999999942 7.467541056838211e-05 12639.837447700429
47.899999999999416 7.601391115703238e-05 12866.397030505777
47.94999999999941 7.729193083963854e-05 13082.719390438582
47.99999999999941 7.850867868501257e-05 13288.670651547272
48.04999999999941 7.966455496215718e-05 13484.318564850435
48.099999999999405 8.076013568768727e-05 13669.76062906049
48.1499999999994 8.179518442447478e-05 13844.95682395066
48.1999999999994 8.276848600514356e-05 14009.701465775934
48.249999999999396 8.367833076101773e-05 14163.70516966399
48.29999999999939 8.452286226763083e-05 14306.653710312134
48.34999999999939 8.530040160447244e-05 14438.262907396775
48.39999999999939 8.600914237059502e-05 14558.22700278189
48.449999999999385 8.664718583446587e-05 14666.224610113559
48.49999999999938 8.721218161338299e-05 14761.857894882842
48.54999999999938 8.770135276007067e-05 14844.656820676168
48.599999999999376 8.811196068263075e-05 14914.157843253668
48.64999999999937 8.844159342845459e-05 14969.952706555252
48.69999999999937 8.868865918924156e-05 15011.771975193624
48.74999999999937 8.885254214514804e-05 15039.511413213982
48.799999999999365 8.893319503232214e-05 15053.163020561155
48.84999999999936 8.89307664365457e-05 15052.751947416638
48.89999999999936 8.884558820490694e-05 15038.334363451557
48.949999999999356 8.867844093815024e-05 15010.042396048213
48.99999999999935 8.843027600830542e-05 14968.037077971172
49.04999999999935 8.810116259793455e-05 14912.330119317938
49.09999999999935 8.769037285787309e-05 14842.798321634611
49.149999999999345 8.719704879057093e-05 14759.296457067994
49.19999999999934 8.662058723421074e-05 14661.722432207844
49.24999999999934 8.596055553988654e-05 14550.00301529284
49.299999999999336 8.52165147189502e-05 14424.063901473346
49.34999999999933 8.438825729896975e-05 14283.869973194665
49.39999999999933 8.347588187910222e-05 14129.437919716465
49.44999999999933 8.247936130648555e-05 13960.763145044424
49.499999999999325 8.139801510440187e-05 13777.730469160977
49.54999999999932 8.023027661846359e-05 13580.074714323613
49.59999999999932 7.89738637214196e-05 13367.409599194612
49.64999999999932 7.76264653529149e-05 13139.343945111592
49.699999999999314 7.618669094825265e-05 12895.64237992735
49.74999999999931 7.465443245241147e-05 12636.286613847495
49.79999999999931 7.303041881488549e-05 12361.400031571799
49.849999999999305 7.131569624619038e-05 12071.159718579314
49.8999999999993 6.95112126556631e-05 11765.726121526353
49.9499999999993 6.761766429394429e-05 11445.217090383254
49.9999999999993 6.563549994060007e-05 11109.708587246812
50.049999999999294 6.356484420426085e-05 10759.221703836787
