# (1): time [s] (2): displacement/rotation [m/rad] (3): support force/ moment [N]/[N m]
0.05 0.0 0.0
0.1 2.244544581909463e-09 0.008861106833621962
0.15000000000000002 5.39207240606579e-08 0.21287048619959759
0.2 -1.0064256954656161e-07 -0.3973209389334745
0.25 -9.168568244181539e-07 -3.6196056597784896
0.3 -2.476905177405798e-06 -9.77842969600211
0.35 -4.43437675280132e-06 -17.506217726214498
0.39999999999999997 -6.227820731312389e-06 -24.586450759582515
0.44999999999999996 -7.509755318120562e-06 -29.64732565553076
0.49999999999999994 -8.299663810899984e-06 -32.76575939024822
0.5499999999999999 -8.934509562620651e-06 -35.272029960326286
0.6 -9.887280750266402e-06 -39.03341984305415
0.65 -1.1520623078834555e-05 -45.481596896862854
0.7000000000000001 -1.3910062955473597e-05 -54.91472742590889
0.7500000000000001 -1.6837102019788313e-05 -66.4702144784373
0.8000000000000002 -1.993821869561847e-05 -78.71293239526327
0.8500000000000002 -2.2901675097896076e-05 -90.41218933540546
0.9000000000000002 -2.5600785313148084e-05 -101.06784935919603
0.9500000000000003 -2.8111844493966638e-05 -110.98111365615709
1.0000000000000002 -3.063603771193123e-05 -120.94622905344639
1.0500000000000003 -3.33822791084386e-05 -131.78795552281557
1.1000000000000003 -3.64718789418496e-05 -143.9852067681908
1.1500000000000004 -3.9904105777215155e-05 -157.53509520013517
1.2000000000000004 -4.358308791624461e-05 -172.05913452449286
1.2500000000000004 -4.737946423260408e-05 -187.046627484546
1.3000000000000005 -5.1191120211481846e-05 -202.09444213437422
1.3500000000000005 -5.497746928052921e-05 -217.0423491087464
1.4000000000000006 -5.87594763720184e-05 -231.97311464279156
1.4500000000000006 -6.259405943622312e-05 -247.11144179751858
1.5000000000000007 -6.654016938373708e-05 -262.6900594395851
1.5500000000000007 -7.063290989761104e-05 -278.847551354884
1.6000000000000008 -7.48743444404812e-05 -295.5920637673815
1.6500000000000008 -7.924026236540995e-05 -312.82801687405015
1.7000000000000008 -8.369567103926767e-05 -330.4172652965133
1.7500000000000009 -8.821017667597533e-05 -348.23981917683034
1.800000000000001 -9.276703043788748e-05 -366.22955675430586
1.850000000000001 -9.736402382744953e-05 -384.377759230066
1.900000000000001 -0.00010200837312217823 -402.7129153258462
1.950000000000001 -0.00010670942139063803 -421.27190999789593
2.000000000000001 -0.00011147261145384222 -440.07623064230603
2.0500000000000007 -0.00011629663527113592 -459.1207133215547
2.1000000000000005 -0.00012117387167040387 -478.375270854102
2.1500000000000004 -0.00012609291436198596 -497.794873013296
2.2 -0.00013104153734154705 -517.3312534686593
2.25 -0.0001360087912129506 -536.9411857368723
2.3 -0.00014098586203806487 -556.5898737849047
2.3499999999999996 -0.00014596597517157672 -576.2505723850774
2.3999999999999995 -0.00015094337301143924 -595.9005514355893
2.4499999999999993 -0.00015591214469166945 -615.5164757728726
2.499999999999999 -0.000160865641810129 -635.0720985573253
2.549999999999999 -0.00016579651157132099 -654.5383921158289
2.5999999999999988 -0.0001706970517285894 -673.8849491973855
2.6499999999999986 -0.0001755595832937275 -693.0814543716746
2.6999999999999984 -0.00018037638405390518 -712.0974215644027
2.7499999999999982 -0.0001851393461654208 -730.9008422916173
2.799999999999998 -0.00018983987690317821 -749.4577938343477
2.849999999999998 -0.00019446931630381404 -767.7340880275846
2.8999999999999977 -0.0001990192199706636 -785.696387729533
2.9499999999999975 -0.0002034811781271376 -803.3114924729779
2.9999999999999973 -0.00020784652233984613 -820.5451806545851
3.049999999999997 -0.00021210622605207177 -837.3618168567926
3.099999999999997 -0.00021625106511936784 -853.7249856169495
3.149999999999997 -0.00022027193301347127 -869.5987358024864
3.1999999999999966 -0.00022415981069411062 -884.9474616695805
3.2499999999999964 -0.0002279056868536539 -899.7355880016462
3.2999999999999963 -0.00023150049084549193 -913.9273053212054
3.349999999999996 -0.0002349352499263341 -927.4871906575901
3.399999999999996 -0.00023820120778352948 -940.3806754740492
3.4499999999999957 -0.00024128965199981286 -952.573364525869
3.4999999999999956 -0.00024419171811029984 -964.0302623083948
3.5499999999999954 -0.0002468983609969963 -974.7156601270814
3.599999999999995 -0.00024940037823863035 -984.5932282789346
3.649999999999995 -0.00025168832829260704 -993.6256930478149
3.699999999999995 -0.00025375262833593183 -1001.7752229649219
3.7499999999999947 -0.00025558389299944 -1009.0047660779297
3.7999999999999945 -0.0002571732263080892 -1015.2792024850665
3.8499999999999943 -0.0002585122524933386 -1020.565465977511
3.899999999999994 -0.00025959298953455993 -1024.8320448008944
3.949999999999994 -0.00026040772741593027 -1028.0485010327773
3.999999999999994 -0.0002609489748849286 -1030.1852603936188
4.049999999999994 -0.00026120945414816546 -1031.213591306753
4.099999999999993 -0.0002611821032729234 -1031.105614379288
4.149999999999993 -0.0002608600673814375 -1029.8342676385207
4.199999999999993 -0.00026023668367505977 -1027.3732474097076
4.249999999999993 -0.00025930547185295605 -1023.6969704905949
4.299999999999993 -0.00025806013298159156 -1018.7805696883283
4.3499999999999925 -0.00025649455058173885 -1012.5998981107866
4.399999999999992 -0.0002546049961604705 -1005.1402362578873
4.449999999999992 -0.0002523862997439806 -996.3811738911395
4.499999999999992 -0.0002498299457789703 -986.2890929536163
4.549999999999992 -0.00024692820245528294 -974.8334694822977
4.599999999999992 -0.00024367609677555484 -961.9946708705169
4.6499999999999915 -0.00024007013811571922 -947.7589166868129
4.699999999999991 -0.0002361067293563084 -932.1120060727341
4.749999999999991 -0.0002317815535919457 -915.0368965689584
4.799999999999991 -0.00022708983488705918 -896.5147335375899
4.849999999999991 -0.00022202685793012644 -876.526901674887
4.899999999999991 -0.00021658830308233804 -855.0563477303676
4.94999999999999 -0.00021077030725750721 -832.0878208510597
4.99999999999999 -0.00020456937255332143 -807.6075118721398
5.04999999999999 -0.00019798226203274915 -781.6026418784189
5.09999999999999 -0.00019100595044847828 -754.0612676722227
5.14999999999999 -0.00018363763052438455 -724.9723065716348
5.1999999999999895 -0.00017587474707665482 -694.3256711152919
5.249999999999989 -0.00016771503245996167 -662.1124089982728
5.299999999999989 -0.00015915652948529532 -628.3247935480715
5.349999999999989 -0.00015019760041335543 -592.9563592290854
5.399999999999989 -0.00014083692775517187 -556.0019048033392
5.449999999999989 -0.00013107351402160338 -517.4574923415457
5.4999999999999885 -0.00012090668532745453 -477.32046145158847
5.549999999999988 -0.00011033610037431454 -435.58946474134876
5.599999999999988 -9.936176369930066e-05 -392.2645201226474
5.649999999999988 -8.79840414256497e-05 -347.3470729920882
5.699999999999988 -7.620368559925552e-05 -300.84009230785676
5.749999999999988 -6.402208248255889e-05 -252.7490508147076
5.799999999999987 -5.144150688183586e-05 -203.08292908785427
5.849999999999987 -3.846480950757921e-05 -151.85298128122702
5.899999999999987 -2.5095037369017033e-05 -99.07123650510096
5.949999999999987 -1.133533681776776e-05 -44.75011605778837
5.999999999999987 2.810921332436543e-06 11.097072621492666
6.0499999999999865 1.733998773724652e-05 68.4555277145455
6.099999999999986 3.224762902476923e-05 127.3085365390237
6.149999999999986 4.752907797301541e-05 187.63727885687686
6.199999999999986 6.317902256245189e-05 249.4207836555596
6.249999999999986 7.919161381071744e-05 312.63596007825026
6.299999999999986 9.556047565229072e-05 377.2576364272163
6.349999999999985 0.00011227871068023886 443.2585828313296
6.399999999999985 0.00012933891539537243 510.6095714473167
6.449999999999985 0.00014673321460455672 579.2795122588489
6.499999999999985 0.0001644532966677028 649.2355922260854
6.549999999999985 0.00018249042797539378 720.4433324410508
6.5999999999999845 0.00020083544472031365 792.8665556425383
6.649999999999984 0.00021947873618746486 866.4673202485333
6.699999999999984 0.00023841023525045417 941.2058828370526
6.749999999999984 0.00025761942315772723 1017.0407170414425
6.799999999999984 0.0002770953459916561 1093.928578528251
6.849999999999984 0.0002968266352404556 1171.8245862118983
6.8999999999999835 0.00031680152570297596 1250.682292939966
6.949999999999983 0.00033700786804524165 1330.4537350644232
6.999999999999983 0.00035743313746217493 1411.0894666367435
7.049999999999983 0.00037806444188510447 1492.5385918098475
7.099999999999983 0.0003988885326267295 1574.748806862738
7.149999999999983 0.0004198918182847105 1657.6664550896764
7.199999999999982 0.00044106038066773546 1741.2365896737717
7.249999999999982 0.00046237999067640675 1825.403036382208
7.299999999999982 0.00048383612274425516 1910.1084505770843
7.349999999999982 0.0005054139679532527 1995.2943689933834
7.399999999999982 0.0005270984472395034 2080.9012618729475
7.4499999999999815 0.000548874225733179 2166.8685895762787
7.499999999999981 0.0005707257275476896 2253.134860967841
7.549999999999981 0.0005926371493517127 2339.6376869962855
7.599999999999981 0.0006145924739022894 2426.313834120973
7.649999999999981 0.0006365754848302412 2513.099282682456
7.699999999999981 0.0006585697829185556 2599.9292911669754
7.7499999999999805 0.0006805588034417772 2686.7384646596283
7.79999999999998 0.0007025258337931 2773.46082443334
7.84999999999998 0.0007244540313902082 2860.0298786382905
7.89999999999998 0.0007463264433826599 2946.3787001035466
7.94999999999998 0.0007681260267099148 3032.4400055229826
7.99999999999998 0.0007898356655131204 3118.146224194254
8.04999999999998 0.0008114381851713729 3203.429553431737
8.09999999999998 0.0008329163644581961 3288.222006558384
8.14999999999998 0.0008542529475387003 3372.455460268605
8.199999999999982 0.0008754306554647902 3456.0617000095335
8.249999999999982 0.0008964321955512801 3538.9724569964437
8.299999999999983 0.0009172402689140195 3621.119437972077
8.349999999999984 0.0009378375784817398 3702.4343568361455
8.399999999999984 0.0009582068400809789 3782.848978406862
8.449999999999985 0.0009783307972904159 3862.2951770634995
8.499999999999986 0.0009981922382879987 3940.705003256187
8.549999999999986 0.0010177740120448685 4018.0107474369624
8.599999999999987 0.0010370590421834819 4094.1449947694423
8.649999999999988 0.001056030338533989 4169.040670751577
8.699999999999989 0.0010746710075729832 4242.631082426179
8.74999999999999 0.001092964262278815 4314.84995728815
8.79999999999999 0.001110893429673836 4385.631473060056
8.84999999999999 0.001128441953996056 4454.910270213339
8.899999999999991 0.0011455933963590535 4522.621450625687
8.949999999999992 0.0011623314355283655 4588.700580646107
8.999999999999993 0.0011786398763539616 4653.08372438499
9.049999999999994 0.0011945026684767575 4715.707517564475
9.099999999999994 0.001209903930395685 4776.5092625314255
9.149999999999995 0.0012248279703370635 4835.42701064641
9.199999999999996 0.0012392592985085858 4892.399610660499
9.249999999999996 0.0012531826312871823 4947.3667252482865
9.299999999999997 0.001266582891820305 5000.268833381667
9.349999999999998 0.0012794452121233423 5051.047238610098
9.399999999999999 0.001291754939531779 5099.644094532705
9.45 0.0013034984139863226 5146.005473396963
9.5 0.0013146602233983765 5190.070530715893
9.55 0.0013252265872632592 5231.784863237636
9.600000000000001 0.0013351840499784692 5271.095350372724
9.650000000000002 0.0013445193994388424 5307.949832820647
9.700000000000003 0.001353219517252124 5342.296521244632
9.750000000000004 0.001361271429763561 5374.0841977086575
9.800000000000004 0.0013686624394047852 5403.262734222066
9.850000000000005 0.001375380197952988 5429.783381955184
9.900000000000006 0.0013814127088036103 5453.598780211553
9.950000000000006 0.0013867482987196197 5474.662844898535
10.000000000000007 0.0013913756002091977 5492.930698957217
10.050000000000008 0.0013952835578383593 5508.358697283635
10.100000000000009 0.0013984614485656073 5520.904507006766
10.15000000000001 0.0014008989025073837 5530.52718946725
10.20000000000001 0.0014025859182627792 5537.187260716913
10.25000000000001 0.0014035128738505457 5540.846734696367
10.300000000000011 0.0014036705357353735 5541.4691588693195
10.350000000000012 0.001403050066442672 5539.0196442845245
10.400000000000013 0.0014016430306649584 5533.464889682839
10.450000000000014 0.0013994414007208955 5524.773203048641
10.500000000000014 0.0013964375629995486 5512.914527050736
10.550000000000015 0.0013926243267903388 5497.860473901612
10.600000000000016 0.001387994935824953 5479.5843709230785
10.650000000000016 0.0013825430817322483 5458.061313664096
10.700000000000017 0.0013762629182967443 5433.268222191052
10.750000000000018 0.001369149076045458 5405.183898674271
10.800000000000018 0.0013611966756566817 5373.789080323755
10.85000000000002 0.001352401331683831 5339.066454090338
10.90000000000002 0.0013427591500776693 5301.000646883827
10.95000000000002 0.0013322667276991808 5259.5782236499
11.000000000000021 0.0013209211573076821 5214.787707062379
11.050000000000022 0.001308720036940446 5166.6196145525
11.100000000000023 0.0012956614798388128 5115.066497495638
11.150000000000023 0.0012817441227843621 5060.122974121183
11.200000000000024 0.0012669671336533247 5001.785759336169
11.250000000000025 0.0012513302176070363 4940.053689164203
11.300000000000026 0.001234833624192409 4874.927748777009
11.350000000000026 0.0012174781565991062 4806.4111090402785
11.400000000000027 0.001199265182349554 4734.509168716156
11.450000000000028 0.001180196644243599 4659.229597671006
11.500000000000028 0.0011602750731993547 4580.58238756905
11.55000000000003 0.0011395036056022058 4498.579920363489
11.60000000000003 0.0011178860040091723 4413.2370500340485
11.65000000000003 0.0010954266734397138 4324.5711669005095
11.700000000000031 0.0010721306668616357 4232.602219280187
11.750000000000032 0.0010480036822481237 4137.352701869573
11.800000000000033 0.0010230520577859043 4038.847636826914
11.850000000000033 0.000997282769894463 3937.114565952391
11.900000000000034 0.0009707034371615431 3832.1835662248527
11.950000000000035 0.0009433223288882631 3724.0872835365853
12.000000000000036 0.0009151483700500641 3612.860952278346
12.050000000000036 0.0008861911449117893 3498.5424096111246
12.100000000000037 0.0008564609032331476 3381.172119964336
12.150000000000038 0.0008259685724642426 3260.793223181833
12.200000000000038 0.000794725781215738 3137.45162717841
12.250000000000039 0.0007627448527953275 3011.1959824228074
12.30000000000004 0.0007300387719366715 2882.077550588817
12.35000000000004 0.0006966211700199329 2750.150146208299
12.400000000000041 0.0006625063380838213 2615.4701880406706
12.450000000000042 0.000627709248584339 2478.0967849729946
12.500000000000043 0.000592245567608082 2338.091784236156
12.550000000000043 0.0005561316494843759 2195.519750134432
12.600000000000044 0.000519384514888609 2050.4478776009105
12.650000000000045 0.00048202182972280913 1902.9459088213528
12.700000000000045 0.00044406189644979226 1753.0860990227825
12.750000000000046 0.00040552365777048497 1600.943230990973
12.800000000000047 0.00036642670631009206 1446.5946533099047
12.850000000000048 0.0003267912872000673 1290.1202905549762
12.900000000000048 0.0002866382719003593 1131.6025399473735
12.950000000000049 0.00024598914011747454 971.1261999694453
13.00000000000005 0.00020486597994880506 808.7784709344842
13.05000000000005 0.00016329150768694352 644.6490331710297
13.100000000000051 0.00012128908671205957 478.8301216069807
13.150000000000052 7.888272296102241e-05 311.4165078824077
13.200000000000053 3.609703927353731e-05 142.50539907215966
13.250000000000053 -7.042755879783235e-06 -27.803685770762623
13.300000000000054 -5.0510890721369826e-05 -199.40900374663008
13.350000000000055 -9.42810458686788e-05 -372.20665009792793
13.400000000000055 -0.0001383263712425882 -546.0906249610274
13.450000000000056 -0.00018261950090048493 -720.9528919248671
13.500000000000057 -0.00022713255545031832 -896.6833875612537
13.550000000000058 -0.0002718371236514326 -1073.1699487878604
13.600000000000058 -0.00031670423749864386 -1250.2982145041058
13.650000000000059 -0.00036170435194741584 -1427.9515455493556
13.70000000000006 -0.00040680734133788636 -1606.0110105855454
13.75000000000006 -0.00045198250642405164 -1784.3554138472875
13.800000000000061 -0.0004971985790053643 -1962.861313426687
13.850000000000062 -0.0005424237734465722 -2141.4032246655142
13.900000000000063 -0.0005876258551501131 -2319.8538904733814
13.950000000000063 -0.0006327721922839497 -2498.0844855410523
14.000000000000064 -0.0006778297758889921 -2675.9646957213636
14.050000000000065 -0.0007227652151483796 -2853.362699353097
14.100000000000065 -0.0007675447282906328 -3030.1451313480657
14.150000000000066 -0.000812134139156324 -3206.1770696368685
14.200000000000067 -0.0008564988873040298 -3381.3220750655955
14.250000000000068 -0.0009006040113145493 -3555.442125483522
14.300000000000068 -0.0009444142021798078 -3728.39782651405
14.350000000000069 -0.0009878939228684248 -3900.048883580654
14.40000000000007 -0.001031007483830501 -4070.2543999878308
14.45000000000007 -0.0010737190450081366 -4238.872884858307
14.500000000000071 -0.0011159925837622108 -4405.762126513039
14.550000000000072 -0.001157791871446423 -4570.77909998924
14.600000000000072 -0.0011990804837677133 -4733.780007941671
14.650000000000073 -0.0012398218445724579 -4894.620453503622
14.700000000000074 -0.0012799792773720716 -5053.155643701829
14.750000000000075 -0.0013195160440208477 -5209.24054215047
14.800000000000075 -0.001358395371924424 -5362.729976465884
14.850000000000076 -0.0013965804812158705 -5513.478745553459
14.900000000000077 -0.0014340346188468408 -5661.341754194112
14.950000000000077 -0.0014707210976453928 -5806.174167238375
15.000000000000078 -0.0015066033304731105 -5947.831544453317
15.050000000000079 -0.0015416448526684905 -6086.1699291254745
15.10000000000008 -0.0015758093559388082 -6221.045981860579
15.15000000000008 -0.0016090607365877884 -6352.3171709787675
15.200000000000081 -0.0016413631501077117 -6479.841988035585
15.250000000000082 -0.0016726810627527412 -6603.480151425311
15.300000000000082 -0.0017029792948766304 -6723.092777471376
15.350000000000083 -0.0017322230585992884 -6838.542529128002
15.400000000000084 -0.0017603779989496073 -6949.693778405568
15.450000000000085 -0.0017874102439704356 -7056.412804177125
15.500000000000085 -0.0018132864633201588 -7158.568023528158
15.550000000000086 -0.0018379739299318836 -7256.030235177288
15.600000000000087 -0.0018614405830268822 -7348.672868243382
15.650000000000087 -0.001883655091132107 -7436.372231028727
15.700000000000088 -0.001904586916485067 -7519.007765279291
15.750000000000089 -0.001924206384992714 -7596.462322371333
15.80000000000009 -0.0019424847635944864 -7668.622468728465
15.85000000000009 -0.0019593943327623573 -7735.3787720403625
15.900000000000091 -0.001974908447992295 -7796.626044021324
15.950000000000092 -0.001989001597788603 -7852.263569323264
16.000000000000092 -0.0020016494674557125 -7902.195357375627
16.050000000000093 -0.002012829016773317 -7946.330449034517
16.100000000000094 -0.0020225208690096393 -7984.592348029043
16.150000000000095 -0.0020307098195592363 -8016.921028982885
16.200000000000095 -0.0020373826848410852 -8043.26444520433
16.250000000000096 -0.0020425152471882303 -8063.526989176429
16.300000000000097 -0.002046080850876907 -8077.603428319751
16.350000000000097 -0.0020480587404510396 -8085.411823378043
16.400000000000098 -0.002048437125126876 -8086.905626202818
16.4500000000001 -0.0020472109997633956 -8082.0650772893405
16.5000000000001 -0.002044377864412968 -8070.880307239955
16.5500000000001 -0.0020399343049269823 -8053.337837536201
16.6000000000001 -0.002033875000630487 -8029.41666299531
16.6500000000001 -0.002026193957826749 -7999.093121451017
16.700000000000102 -0.002016886643403188 -7962.349316892177
16.750000000000103 -0.00200595164809086 -7919.179685747999
16.800000000000104 -0.0019933912011397604 -7869.593028744712
16.850000000000104 -0.0019792106618455557 -7813.61050353355
16.900000000000105 -0.001963417598039373 -7751.261986714277
16.950000000000106 -0.0019460210572909303 -7682.583196660452
17.000000000000107 -0.0019270313475582416 -7607.61482755919
17.050000000000107 -0.001906460251098043 -7526.403393895666
17.100000000000108 -0.001884321388086985 -7439.002665972046
17.15000000000011 -0.0018606305072052856 -7345.474817085764
17.20000000000011 -0.0018354056165077312 -7245.890940187532
17.25000000000011 -0.001808666970408958 -7140.330996501282
17.30000000000011 -0.001780436979273921 -7028.883458601652
17.35000000000011 -0.001750740092606396 -6911.64484926067
17.400000000000112 -0.0017196026927610009 -6788.719321839633
17.450000000000113 -0.0016870530284926718 -6660.218397952961
17.500000000000114 -0.0016531211995434033 -6526.260906619076
17.550000000000114 -0.00161783918147351 -6386.973082290303
17.600000000000115 -0.001581240862507272 -6242.488710313641
17.650000000000116 -0.0015433620603824605 -6092.949193450028
17.700000000000117 -0.0015042404967657423 -5938.503450870404
17.750000000000117 -0.001463915742754372 -5779.307703005018
17.800000000000118 -0.0014224291618995851 -5615.525246608796
17.85000000000012 -0.0013798238545110028 -5447.32623488395
17.90000000000012 -0.001336144583976681 -5274.887386603184
17.95000000000012 -0.0012914377168416703 -5098.391749549336
18.00000000000012 -0.0012457511849508736 -4918.028551061369
18.05000000000012 -0.0011991344555863936 -4733.993080141344
18.100000000000122 -0.0011516385051697727 -4546.486583635023
18.150000000000123 -0.0011033157922579826 -4355.71615962431
18.200000000000124 -0.0010542202489622011 -4161.894723549944
18.250000000000124 -0.0010044072122794027 -3965.240737119474
18.300000000000125 -0.0009539333048257043 -3765.9777374613946
18.350000000000126 -0.0009028562898587679 -3564.3337647765215
18.400000000000126 -0.0008512349006273791 -3360.5406886371366
18.450000000000127 -0.0007991287141690666 -3154.8337097599597
18.500000000000128 -0.0007465981103006165 -2947.4511981071846
18.55000000000013 -0.0006937042606720887 -2738.634649673474
18.60000000000013 -0.0006405091025792745 -2528.6285831016808
18.65000000000013 -0.0005870752758355795 -2317.6802904630335
18.70000000000013 -0.000533466041107419 -2106.0395148581993
18.75000000000013 -0.0004797451807184726 -1893.9580588081783
18.800000000000132 -0.0004259768125095637 -1681.6890494025622
18.850000000000133 -0.0003722252308830173 -1469.4863107678118
18.900000000000134 -0.00031855484994796875 -1257.6041396139328
18.950000000000134 -0.00026503020565964483 -1046.2973136800192
19.000000000000135 -0.0002117159528594445 -835.8210800489601
19.050000000000136 -0.00015867681124533099 -626.4309418470975
19.100000000000136 -0.00010597746147914474 -418.3822480923379
19.150000000000137 -5.3682431043508475e-05 -211.92974307527487
19.200000000000138 -1.8559537444895084e-06 -7.32701169793277
19.25000000000014 4.943816978746865e-05 195.1740712464814
19.30000000000014 0.00010013668709226473 395.3237950545295
19.35000000000014 0.00015017698432490955 592.8749701741818
19.40000000000014 0.0001994971597342427 787.5832182871633
19.45000000000014 0.0002480360853339561 979.2072157763953
19.500000000000142 0.00029573346015452387 1167.5089039561892
19.550000000000143 0.00034252986532127655 1352.2537065117663
19.600000000000144 0.00038836683441712596 1533.2108072801632
19.650000000000144 0.0004331869624059581 1710.1535802625497
19.700000000000145 0.0004769340325863212 1882.8600908173003
19.750000000000146 0.0005195531328370008 2051.113554579131
19.800000000000146 0.0005609907444341964 2214.702688095256
19.850000000000147 0.0006011948008222951 2373.421940843105
19.900000000000148 0.0006401147359521071 2527.0716860620273
19.95000000000015 0.0006777015541909195 2675.4584967471183
20.00000000000015 0.0007139079354595103 2818.3955607135194
20.05000000000015 0.0007486883647104162 2955.703191756127
20.10000000000015 0.00078199925716475 3087.20932406473
20.15000000000015 0.0008137990585130713 3212.7499078011933
20.200000000000152 0.0008440483160618525 3332.169189974448
20.250000000000153 0.0008727097215037012 3445.3198832905587
20.300000000000153 0.000899748109061359 3552.0631588255264
20.350000000000154 0.0009251304622654011 3652.2686727825735
20.400000000000155 0.000948825969699968 3745.8147865674728
20.450000000000156 0.0009708060892266048 3832.5888203340983
20.500000000000156 0.0009910445835293032 3912.487193310632
20.550000000000157 0.0010095175233998193 3985.4154367694737
20.600000000000158 0.0010262032989878421 4051.2882384411296
20.65000000000016 0.001041082682526195 4110.029690143379
20.70000000000016 0.0010541389440002521 4161.57374442583
20.75000000000016 0.0010653579686482428 4205.8646784425255
20.80000000000016 0.0010747283882339396 4242.857612195745
20.85000000000016 0.0010822415899479484 4272.518543676886
20.900000000000162 0.001087891610518636 4294.823930833168
20.950000000000163 0.0010916755899832925 4309.76248298437
21.000000000000163 0.001093593485659389 4317.334031626622
21.050000000000164 0.0010936479800067174 4317.549166686713
21.100000000000165 0.0010918440491192714 4310.427532996314
21.150000000000166 0.0010881887406560206 4295.996953597818
21.200000000000166 0.0010826910700414787 4274.293019960609
21.250000000000167 0.001075361655956889 4245.35765295794
21.300000000000168 0.001066211807040707 4209.235497304959
21.35000000000017 0.0010552543008313135 4165.976996701282
21.40000000000017 0.0010425072249649235 4115.653558272505
21.45000000000017 0.001027995129329316 4058.362101090816
21.50000000000017 0.001011747623979997 3994.219520969871
21.55000000000017 0.0009937966441189586 3923.3518930337227
21.600000000000172 0.0009741743576578334 3845.88621110726
21.650000000000173 0.0009529127766073093 3761.9488535431115
21.700000000000173 0.0009300448127476375 3671.669750841764
21.750000000000174 0.0009056057673111872 3575.188266682559
21.800000000000175 0.0008796343278507128 3472.6571334018695
21.850000000000176 0.0008521727032925555 3364.242985161768
21.900000000000176 0.0008232660741426465 3250.124187450328
21.950000000000177 0.0007929617941433507 3130.4876853491705
22.000000000000178 0.00076130881535093 3005.5267338302656
22.05000000000018 0.0007283576296999546 2875.4406670614735
22.10000000000018 0.0006941604794554784 2740.435729238435
22.15000000000018 0.0006587715333800404 2600.7257700640125
22.20000000000018 0.0006222469172011037 2456.5323650289192
22.25000000000018 0.0005846446087233756 2308.084401331757
22.300000000000182 0.0005460242697051919 2155.6174141535853
22.350000000000183 0.0005064470914567635 1999.372977104231
22.400000000000183 0.0004659756945261269 1839.598306198293
22.450000000000184 0.0004246740778277599 1676.5460590229693
22.500000000000185 0.0003826075880449063 1510.4742139432765
22.550000000000185 0.0003398428856691378 1341.6459360316117
22.600000000000186 0.00029644789312662423 1170.3293722784792
22.650000000000187 0.0002524917054940197 996.7972991129337
22.700000000000188 0.0002080444670147546 821.3266349084446
22.75000000000019 0.000163177187930929 644.1977168641928
22.80000000000019 0.00011796151258182775 465.69338549470586
22.85000000000019 7.246958505277877e-05 286.0984542328099
22.90000000000019 2.677403500836587e-05 105.69965350139533
22.95000000000019 -1.9052009013741095e-05 -75.21431680464528
23.000000000000192 -6.493500237452662e-05 -256.3531140881503
23.050000000000193 -0.0001108011948424677 -437.42558410527147
23.100000000000193 -0.00015657672411800805 -618.1401301852985
23.150000000000194 -0.0002021876182007747 -798.2047225760562
23.200000000000195 -0.00024755981242673364 -977.3269657038984
23.250000000000195 -0.00029261922898634143 -1155.214412098788
23.300000000000196 -0.00033729190903740897 -1331.5750839549771
23.350000000000197 -0.00038150416147127104 -1506.1180604363046
23.400000000000198 -0.0004251826889743521 -1678.553975347309
23.4500000000002 -0.0004682546781998626 -1848.5953731168179
23.5000000000002 -0.0005106478771375256 -2015.957014241384
23.5500000000002 -0.0005522906830381121 -2180.356222397439
23.6000000000002 -0.000593112249599424 -2341.513307594594
23.6500000000002 -0.000633042604988778 -2499.152032109726
23.700000000000202 -0.0006720127667234552 -2653.0000640168196
23.750000000000203 -0.000709954845240693 -2802.789386064903
23.800000000000203 -0.0007468021377597024 -2948.2566662304394
23.850000000000204 -0.0007824892180601841 -3089.143612148705
23.900000000000205 -0.0008169520230648046 -3225.1973129277
23.950000000000205 -0.0008501279365171836 -3356.1705694956036
24.000000000000206 -0.0008819558810681775 -3481.8222581428504
24.050000000000207 -0.0009123764341526622 -3601.9177879853314
24.100000000000207 -0.0009413319995665646 -3716.2297783233644
24.150000000000208 -0.0009687668584479459 -3824.5382599069426
24.20000000000021 -0.0009946270647623165 -3926.630262328299
24.25000000000021 -0.0010188603167164158 -4022.2993063838535
24.30000000000021 -0.0010414159305059982 -4111.345300434627
24.35000000000021 -0.0010622449538767746 -4193.57498872687
24.40000000000021 -0.0010813003669235565 -4268.802744115308
24.450000000000212 -0.0010985372845231558 -4336.851367236196
24.500000000000213 -0.0011139130947127058 -4397.552632803035
24.550000000000214 -0.0011273875077137897 -4450.747483146072
24.600000000000215 -0.0011389225399218567 -4496.2859650050505
24.650000000000215 -0.001148486067358083 -4534.041257994858
24.700000000000216 -0.0011560473869052406 -4563.892151067125
24.750000000000217 -0.0011615708753995788 -4585.69800960836
24.800000000000217 -0.0011650227402463624 -4599.325425801872
24.850000000000218 -0.0011663748705752792 -4604.663422379922
24.90000000000022 -0.0011656048948567267 -4601.623680083699
24.95000000000022 -0.0011626942530894792 -4590.132926965291
25.00000000000022 -0.0011576265279033553 -4570.126349845099
25.05000000000022 -0.0011503867613383723 -4541.544897064053
25.10000000000022 -0.0011409615854155691 -4504.335793956557
25.150000000000222 -0.0011293397140585062 -4458.454484878731
25.200000000000223 -0.0011155124253787118 -4403.866537195038
25.250000000000224 -0.0010994738566826527 -4340.548805919119
25.300000000000225 -0.0010812210890504585 -4268.489767617213
25.350000000000225 -0.001060754081707034 -4187.689261315697
25.400000000000226 -0.0010380755499543295 -4098.158006597002
25.450000000000227 -0.0010131909068081043 -3999.917373190793
25.500000000000227 -0.0009861082574236487 -3892.9993589675996
25.550000000000228 -0.0009568383415040852 -3777.446362575904
25.60000000000023 -0.0009253944592166057 -3653.310890971167
25.65000000000023 -0.0008917924569821225 -3520.6555033156187
25.70000000000023 -0.0008560507333673728 -3379.5528342393577
25.75000000000023 -0.0008181902289437493 -3230.0855538046144
25.80000000000023 -0.0007782343816375576 -3072.3461912356374
25.850000000000232 -0.0007362090630767625 -2906.436883625715
25.900000000000233 -0.0006921425285012813 -2732.4691781909446
25.950000000000234 -0.0006460653915783412 -2550.5639328452457
26.000000000000234 -0.0005980106101867645 -2360.851260078969
26.050000000000235 -0.0005480134632038641 -2163.470435317231
26.100000000000236 -0.0004961115106863579 -1958.5697397204672
26.150000000000237 -0.0004423445430817145 -1746.30625967886
26.200000000000237 -0.0003867545104226305 -1526.8456072833415
26.250000000000238 -0.0003293854415153972 -1300.36160129405
26.30000000000024 -0.0002702833709905183 -1067.035979147715
26.35000000000024 -0.00020949627451857767 -827.0581412001513
26.40000000000024 -0.00014707402434440393 -580.624975182181
26.45000000000024 -8.306838895243828e-05 -327.94085487855494
26.50000000000024 -1.7533025095867367e-05 -69.21760866023308
26.550000000000242 4.947660409631128e-05 195.3258038159638
26.600000000000243 0.00011790337106190184 465.46385197432716
26.650000000000244 0.00018768861482030365 740.9649515459336
26.700000000000244 0.0002587722351845959 1021.5918365030471
26.750000000000245 0.0003310927406266267 1307.1017480229168
26.800000000000246 0.00040458726187949485 1597.2464881882217
26.850000000000247 0.0004791915698093566 1891.7724905421376
26.900000000000247 0.0005548401338154073 2190.421050642221
26.950000000000248 0.0006314662401156093 2492.9287930337464
27.00000000000025 0.0007090021525515375 2799.028306081793
27.05000000000025 0.0007873792592659989 3108.4487210312723
27.10000000000025 0.0008665281509432573 3420.916020886958
27.15000000000025 0.0009463786747044114 3736.1532531839084
27.20000000000025 0.001026860093613302 4053.8811596915502
27.250000000000252 0.0011079012339681932 4373.818757897924
27.300000000000253 0.0011894305403908915 4695.683558492814
27.350000000000254 0.00127137606965239 5019.191540992367
27.400000000000254 0.0013536655467292172 5344.057375040685
27.450000000000255 0.0014362263686414174 5669.994435561567
27.500000000000256 0.0015189856918878853 5996.715147939374
27.550000000000257 0.0016018705387564232 6323.93140771431
27.600000000000257 0.0016848079055671206 6651.355007910158
27.650000000000258 0.0017677248807873571 6978.698105333624
27.70000000000026 0.0018505487518511634 7305.673642280263
27.75000000000026 0.0019332070727448329 7631.99561335179
27.80000000000026 0.002015627749029735 7957.379401112682
27.85000000000026 0.0020977393352301604 8281.54295013034
27.90000000000026 0.002179471097480228 8604.207014295163
27.950000000000262 0.0022607528366145294 8925.094458410404
28.000000000000263 0.002341514740607633 9243.929675646681
28.050000000000264 0.002421687377401504 9560.438559225771
28.100000000000264 0.0025012018131996467 9874.348969427165
28.150000000000265 0.0025799898139090647 10185.391528849046
28.200000000000266 0.0026579840419188538 10493.300399259038
28.250000000000266 0.0027351181328882416 10797.813584741238
28.300000000000267 0.002811326712568591 11098.672998106817
28.350000000000268 0.0028865454199987215 11395.624552465482
28.40000000000027 0.002960710944428724 11688.418306994865
28.45000000000027 0.0030337610870535925 11976.808710655107
28.50000000000027 0.003105634823946063 12260.554850637775
28.55000000000027 0.0031762723396407196 12539.420584950574
28.60000000000027 0.003245615047078164 12813.174621153796
28.650000000000272 0.0033136056157204966 13081.590627355768
28.700000000000273 0.0033801880147880034 13344.44740290447
28.750000000000274 0.0034453075739912043 13601.529118148033
28.800000000000274 0.0035089110565725487 13852.625602791813
28.850000000000275 0.0035709467357829634 14097.532647815684
28.900000000000276 0.0036313644607268414 14336.052265419645
28.950000000000276 0.0036901156067589507 14567.992493198664
29.000000000000277 0.0037471529364368106 14793.166845204662
29.050000000000278 0.0038024305220581505 15011.39400613665
29.10000000000028 0.003855903757007537 15222.497876135429
29.15000000000028 0.003907529443889058 15426.307918717479
29.20000000000028 0.003957265927242319 15622.659684716698
29.25000000000028 0.004005073182556753 15811.395163698835
29.30000000000028 0.004050912792114012 15992.36268859105
29.350000000000282 0.004094747839161264 16165.416517894859
29.400000000000283 0.004136542786882194 16330.416357882774
29.450000000000284 0.004176263365705772 16487.226917711174
29.500000000000284 0.004213876551163737 16635.717822005143
29.550000000000285 0.004249350599226391 16775.763750358597
29.600000000000286 0.0042826550775179875 16907.244560567684
29.650000000000286 0.004313760848594925 17030.045222615772
29.700000000000287 0.004342640005877389 17144.055565741677
29.750000000000288 0.004369265786932472 17249.169936095153
29.80000000000029 0.004393612486128461 17345.286851909845
29.85000000000029 0.004415655383343059 17432.308722054626
29.90000000000029 0.004435370708124856 17510.141704548758
29.95000000000029 0.004452735655735705 17578.695769894646
30.00000000000029 0.004467728424298914 17637.884847733032
30.050000000000292 0.004480328239857117 17687.626925767494
30.100000000000293 0.004490515363609853 17727.84407833727
30.150000000000293 0.004498271102561838 17758.46250845496
30.200000000000294 0.004503577762432467 17779.412361900653
30.250000000000295 0.004506418561603519 17790.627387501143
30.300000000000296 0.004506777571767054 17792.04470281717
30.350000000000296 0.004504639718881869 17783.604797919368
30.400000000000297 0.0044999908268783355 17765.251707928062
30.450000000000298 0.004492817666752311 17736.93320682825
30.5000000000003 0.004483107996384361 17698.600964669593
30.5500000000003 0.00447085050605876 17650.210332484046
30.6000000000003 0.004456034707282719 17591.71990336178
30.6500000000003 0.004438650835892352 17523.091129928842
30.7000000000003 0.004418689847082793 17444.288304726877
30.750000000000302 0.004396143488443913 17355.278848546543
30.800000000000303 0.004371004367988717 17256.033578992898
30.850000000000303 0.00434326596887142 17146.52676859
30.900000000000304 0.004312922602796539 17026.735960847393
30.950000000000305 0.004279969286809463 16896.64148384878
31.000000000000306 0.004244401681864049 16756.226207726595
31.050000000000306 0.0042062160864972924 16605.47551969061
31.100000000000307 0.00416540943327372 16444.377309990974
31.150000000000308 0.004121979274062336 16272.921913793896
31.20000000000031 0.0040759237628076725 16091.10204316452
31.25000000000031 0.004027241627120418 15898.912674911177
31.30000000000031 0.003975932115981914 15696.350844131048
31.35000000000031 0.003921994952780593 15483.415458805433
31.40000000000031 0.003865430338649578 15260.107312976079
31.450000000000312 0.003806239039696892 15026.429431116228
31.500000000000313 0.0037444224487099276 14782.387311730115
31.550000000000313 0.003679982585119052 14527.988927209275
31.600000000000314 0.003612922102112041 14263.244751919203
31.650000000000315 0.0035432442958051457 13988.16779840529
31.700000000000315 0.0034709531025855058 13702.773606901066
31.750000000000316 0.0033960531217207294 13407.080334587265
31.800000000000317 0.003318549684462026 13101.109028400044
31.850000000000318 0.0032384489156755186 12784.883868341662
31.90000000000032 0.003155757763894284 12458.432286121173
31.95000000000032 0.0030704840466722998 12121.785144204636
32.00000000000032 0.002982636535640099 11774.977071601374
32.05000000000032 0.00289222500041479 11418.046637213793
32.100000000000314 0.0027992601833273286 11051.03625006464
32.15000000000031 0.0027037537675597394 10673.992033507813
32.20000000000031 0.002605718386720272 10286.963863029543
32.250000000000306 0.0025051676684380757 9890.005538353278
32.3000000000003 0.0024021163027803574 9483.175053539804
32.3500000000003 0.00229658006798932 9066.534698592593
32.4000000000003 0.002188575994294843 8640.151706164359
32.450000000000294 0.0020781225891657934 8204.099140813569
32.50000000000029 0.0019652399631937953 7758.456395973667
32.55000000000029 0.001849949864481147 7303.309329711115
32.600000000000286 0.0017322757097555004 6838.75038756123
32.65000000000028 0.0016122426003131692 6364.8786654698415
32.70000000000028 0.001489877269434102 5881.799702195923
32.75000000000028 0.0013652079710543069 5389.625039807944
32.800000000000274 0.001238264331626371 4888.471638852641
32.85000000000027 0.001109077260370641 4378.461524040882
32.90000000000027 0.0009776789804646394 3859.7219073785445
32.950000000000266 0.0008441031427990829 3332.3856372572745
33.00000000000026 0.0007083849898548854 2796.5918454149664
33.05000000000026 0.0005705615410462294 2252.4866786408766
33.10000000000026 0.00043067181496735845 1700.2241761707928
33.150000000000254 0.00028875694810199 1139.9667383330127
33.20000000000025 0.00014486019758517762 571.8851374517371
33.25000000000025 -9.733165749508642e-07 -3.8424998207153074
33.300000000000246 -0.00014869680990640269 -587.0314757920718
33.35000000000024 -0.0002982617468664066 -1177.4901798197145
33.40000000000024 -0.00044961754130622866 -1775.018905793172
33.45000000000024 -0.0006027111816816408 -2379.4083725243554
33.500000000000234 -0.0007574870738103653 -2990.439102978832
33.55000000000023 -0.0009138872477245794 -3607.8822408967794
33.60000000000023 -0.0010718516162959602 -4231.50057180374
33.650000000000226 -0.0012313183405503188 -4861.049965214987
33.70000000000022 -0.0013922242117358414 -5496.280882980488
33.75000000000022 -0.0015545047852315236 -6136.9389079342045
33.80000000000022 -0.0017180940055939375 -6782.763263638067
33.850000000000215 -0.0018829235568576103 -7433.484249470678
33.90000000000021 -0.0020489224237231936 -8088.821508267642
33.95000000000021 -0.002216016908927422 -8748.484094895406
34.000000000000206 -0.0023841310362692015 -9412.172067334495
34.0500000000002 -0.0025531870889606025 -10079.578612004034
34.1000000000002 -0.0027231059468195533 -10750.391374945146
34.1500000000002 -0.002893807266039199 -11424.293171521935
34.200000000000195 -0.0030652096911881555 -12100.962823364947
34.25000000000019 -0.0032372310700721847 -12780.076006611058
34.30000000000019 -0.0034097888757840715 -13461.306918089602
34.350000000000186 -0.0035828005632694343 -14144.329682987775
34.40000000000018 -0.0037561840510430856 -14828.820256590596
34.45000000000018 -0.003929858051995625 -15514.457730252989
34.50000000000018 -0.004103741676654002 -16200.922765135263
34.550000000000175 -0.004277753703854717 -16887.894712936326
34.60000000000017 -0.004451812139699924 -17575.049874722157
34.65000000000017 -0.004625834430726847 -18262.062342484947
34.700000000000166 -0.004799738089124825 -18948.606467401038
34.75000000000016 -0.004973441270348114 -19634.359140154877
34.80000000000016 -0.005146863246999696 -20319.001661757302
34.85000000000016 -0.0053199242906715035 -21002.21927706946
34.900000000000155 -0.005492545048016659 -21683.698711634708
34.95000000000015 -0.005664646004636308 -22363.1260551887
35.00000000000015 -0.005836146830665868 -23040.18417813742
35.050000000000146 -0.006006965761581103 -23714.550287077574
35.10000000000014 -0.006177019671262009 -24385.896213241223
35.15000000000014 -0.006346224613444143 -25053.890550059965
35.20000000000014 -0.006514496261896735 -25718.20039091847
35.250000000000135 -0.006681750184968196 -26378.492413016695
35.30000000000013 -0.006847901914273458 -27034.433148536624
35.35000000000013 -0.007012866712674179 -27685.68806866485
35.40000000000013 -0.007176559188961295 -28331.920062420268
35.450000000000124 -0.007338893135739094 -28972.788796646015
35.50000000000012 -0.007499781821242804 -29607.951868059175
35.55000000000012 -0.0076591385534740255 -30237.067030368165
35.600000000000115 -0.007816877158315414 -30859.794081793872
35.65000000000011 -0.007972912174697075 -31475.795635555667
35.70000000000011 -0.008127158836268304 -32084.73704751436
35.75000000000011 -0.008279532950648918 -32686.285939475565
35.800000000000104 -0.00842995081103159 -33280.111850209665
35.8500000000001 -0.008578329167326884 -33865.88612153705
35.9000000000001 -0.008724585194300924 -34443.28177254058
35.950000000000095 -0.008868636466455684 -35011.97340039703
36.00000000000009 -0.009010400878821778 -35571.63686767953
36.05000000000009 -0.009149796477951248 -36121.94863514382
36.10000000000009 -0.00928674126087356 -36662.584968038325
36.150000000000084 -0.00942115304766223 -37193.22143301742
36.20000000000008 -0.009552949430576404 -37713.53269736038
36.25000000000008 -0.009682047659997072 -38223.192078665605
36.300000000000075 -0.009808364364962352 -38721.87044156818
36.35000000000007 -0.009931815113371496 -39209.234461494845
36.40000000000007 -0.010052313874160475 -39684.94450141833
36.45000000000007 -0.010169772443405082 -40148.65234620323
36.500000000000064 -0.010284099876387844 -40599.99896049599
36.55000000000006 -0.01039520201231772 -41038.61261239357
36.60000000000006 -0.010502981262149467 -41464.10803578777
36.650000000000055 -0.010607336680514352 -41876.08671433641
36.70000000000005 -0.010708164294791829 -42274.13818058614
36.75000000000005 -0.01080535781369897 -42657.842813371455
36.80000000000005 -0.01089880920317551 -43026.77411131768
36.850000000000044 -0.010988408270798363 -43380.497052175284
36.90000000000004 -0.01107404055249584 -43718.55974990198
36.95000000000004 -0.01115558452482176 -44040.48244916207
37.000000000000036 -0.011232910479989732 -44345.75308413977
37.05000000000003 -0.011305882648858451 -44633.83565974927
37.10000000000003 -0.011374362151709349 -44904.18190083792
37.15000000000003 -0.011438208180504464 -45156.235919553255
37.200000000000024 -0.011497277067361221 -45389.43053782882
37.25000000000002 -0.011551420683868911 -45603.18096813889
37.30000000000002 -0.011600485580483984 -45796.88141596734
37.350000000000016 -0.01164431304308055 -45969.90530306
37.40000000000001 -0.01168273969376362 -46121.607639340305
37.45000000000001 -0.011715597602870656 -46251.325465073656
37.50000000000001 -0.01174271454775816 -46358.37887251598
37.550000000000004 -0.011763915771181544 -46442.077947719146
37.6 -0.011779024694669711 -46501.72558682096
37.65 -0.011787910376878557 -46536.804854115
37.699999999999996 -0.011790445796458146 -46546.81428941153
37.74999999999999 -0.011786472142401137 -46531.126931983745
37.79999999999999 -0.011775704726518375 -46488.618877909794
37.84999999999999 -0.011757810347519106 -46417.97470121942
37.899999999999984 -0.011732577527184351 -46318.3595193683
37.94999999999998 -0.011699907180314289 -46189.38215966675
37.99999999999998 -0.011659711893385154 -46030.697527355216
38.049999999999976 -0.011611854170594037 -45841.76281076109
38.09999999999997 -0.011556149426003517 -45621.84929381222
38.14999999999997 -0.01149239912462337 -45370.17319178331
38.19999999999997 -0.011420418237713986 -45086.00404048924
38.249999999999964 -0.011340043218038217 -44768.6961813174
38.29999999999996 -0.011251125297306146 -44417.66230060021
38.34999999999996 -0.011153521505905564 -44032.33797693214
38.399999999999956 -0.011047092288642904 -43612.172268492126
38.44999999999995 -0.01093170381687486 -43156.63684097338
38.49999999999995 -0.0108072314033509 -42665.23944884126
38.54999999999995 -0.010673563282541902 -42137.53885947253
38.599999999999945 -0.010530603981819332 -41573.158162037274
38.64999999999994 -0.010378272469065463 -40971.7774545572
38.69999999999994 -0.0102164977299637 -40333.11638374766
38.749999999999936 -0.01004521808348598 -39656.93144267025
38.79999999999993 -0.009864382381438606 -38943.02070634991
38.84999999999993 -0.009673951723600529 -38191.2306028695
38.89999999999993 -0.009473900717320754 -37401.46088606101
38.949999999999925 -0.009264217598521675 -36573.6651132076
38.99999999999992 -0.009044902807766297 -35707.84502358229
39.04999999999992 -0.008815966896854755 -34804.04227402231
39.099999999999916 -0.008577430003485135 -33862.33636497311
39.14999999999991 -0.008329324048493717 -32882.853314845204
39.19999999999991 -0.008071693390692256 -31865.768245208066
39.24999999999991 -0.007804593915700134 -30811.301783643703
39.299999999999905 -0.007528092113635297 -29719.716422616402
39.3499999999999 -0.007242264555827884 -28591.314453620937
39.3999999999999 -0.006947198141175062 -27426.438939752476
39.449999999999896 -0.006642990898952707 -26225.476885080072
39.49999999999989 -0.00632975270867388 -24988.862076534002
39.54999999999989 -0.00600760534325536 -23717.075254320414
39.59999999999989 -0.005676681647360415 -22410.640868148614
39.649999999999885 -0.005337124580415216 -21070.123299211282
39.69999999999988 -0.004989086361275516 -19696.123483463885
39.74999999999988 -0.0046327265052060595 -18289.271161930017
39.799999999999876 -0.004268211344262538 -16850.222987245226
39.84999999999987 -0.0038957167233056125 -15379.673167093793
39.89999999999987 -0.003515432388786397 -13878.370790439318
39.94999999999987 -0.0031275643796889784 -12347.129266587459
39.999999999999865 -0.0027323344488123114 -10786.82404049842
40.04999999999986 -0.0023299779433478265 -9198.384225642734
40.09999999999986 -0.0019207419012860338 -7582.785088915752
40.14999999999986 -0.0015048852347512092 -5941.04877441397
40.199999999999854 -0.0010826804261794573 -4274.250999677629
40.24999999999985 -0.0006544153640043571 -2583.528302687159
40.29999999999985 -0.00022039401665231422 -870.0807026901766
40.349999999999845 0.000219064999243774 864.8339522643954
40.39999999999984 0.0006636307890359867 2619.909342467191
40.44999999999984 0.0011129622783886855 4393.798960412563
40.49999999999984 0.001566708517389126 6185.11731137916
40.549999999999834 0.002024507463553753 7992.4351089313495
40.59999999999983 0.0024859847161384447 9814.274278176348
40.64999999999983 0.0029507527294585717 11649.1048500763
40.699999999999825 0.003418411317453055 13495.346953387334
40.74999999999982 0.003888549409840298 15351.37774768529
40.79999999999982 0.004360746431979048 17215.536870838052
40.84999999999982 0.004834572741101782 19086.128161185912
40.899999999999814 0.005309589621048432 20961.41963675119
40.94999999999981 0.005785349154047306 22839.64298904955
40.99999999999981 0.006261395349598711 24718.99803974395
41.049999999999805 0.006737265992764329 26597.660037398593
41.0999999999998 0.007212492744151761 28473.78005220211
41.1499999999998 0.007686599957709067 30345.48030880747
41.1999999999998 0.008159102307200532 32210.844816033878
41.249999999999794 0.008629505589266489 34067.9225372199
41.29999999999979 0.009097310328375604 35914.74162200461
41.34999999999979 0.00956201345351249 37749.31602562501
41.399999999999785 0.010023109194980001 39569.64904934953
41.44999999999978 0.010480087867599585 41373.72853674561
41.49999999999978 0.010932436025172642 43159.5274834687
41.54999999999978 0.011379639450145725 44925.015839987325
41.599999999999774 0.011821184029462374 46668.16396930763
41.64999999999977 0.012256555350108155 48386.9410502491
41.69999999999977 0.01268523898718799 50079.31621472836
41.749999999999766 0.013106723536900518 51743.27052146193
41.79999999999976 0.0135205051898449 53376.81501065789
41.84999999999976 0.013926089153246482 54977.99631873769
41.89999999999976 0.014322988815242748 56544.893379069385
41.949999999999754 0.01471072416573528 58075.611187740986
41.99999999999975 0.015088820876182211 59568.27717072677
42.04999999999975 0.015456810601680896 61021.04237646176
42.099999999999746 0.015814228891888042 62432.073228485075
42.14999999999974 0.016160611158333726 63799.53560503373
42.19999999999974 0.016495493152523504 65121.59672651413
42.24999999999974 0.01681841487518638 66396.44058859447
42.299999999999734 0.01712892295798555 67622.27736482189
42.34999999999973 0.01742657097904668 68797.34465227807
42.39999999999973 0.017710919546834677 69919.90780271162
42.449999999999726 0.01798153459482508 70988.25319017045
42.49999999999972 0.018237985917804646 72000.68243254819
42.54999999999972 0.018479848609106175 72955.51806555974
42.59999999999972 0.018706704448665953 73851.10902257253
42.649999999999714 0.018918143273944667 74685.83604678532
42.69999999999971 0.019113764739141045 75458.1186363252
42.74999999999971 0.0192931779501955 76166.41360329986
42.799999999999706 0.019455999126703906 76809.20584340302
42.8499999999997 0.01960184991086234 77385.00165989599
42.8999999999997 0.01973035844851167 77892.33303140054
42.9499999999997 0.01984116395311491 78329.77562975936
42.999999999999694 0.01993392355328295 78695.97585298408
43.04999999999969 0.02000831477572724 78989.66062755951
43.09999999999969 0.020064035869133627 79209.63868704639
43.149999999999686 0.020100806245841277 79354.8023157598
43.19999999999968 0.020118366902164758 79424.1290081343
43.24999999999968 0.02011654946994852 79416.95407333427
43.29999999999968 0.02009509934554093 79332.27237643146
43.349999999999675 0.020053754757254395 79169.05048422584
43.39999999999967 0.019992326214622054 78926.54031833918
43.44999999999967 0.01991069266719168 78604.26399074103
43.499999999999666 0.01980876669774338 78201.87639208014
43.54999999999966 0.019686472203175834 77719.077079355
43.59999999999966 0.019543745395746877 77155.6142286533
43.64999999999966 0.019380546621479852 76511.33129235
43.699999999999655 0.01919687081428786 75786.20827033572
43.74999999999965 0.018992748833021315 74980.36698846877
43.79999999999965 0.01876824286764535 74094.0529628906
43.849999999999646 0.018523443000636464 73127.62182496379
43.89999999999964 0.01825846559084003 72081.53294099735
43.94999999999964 0.017973451357873624 70956.341849774
43.99999999999964 0.017668562890255042 69752.6904250341
44.049999999999635 0.017343983765677855 68471.30340246261
44.09999999999963 0.01699992232767332 67113.00328935272
44.14999999999963 0.016636614066790997 65678.71976513021
44.199999999999626 0.016254321848371306 64169.49058056333
44.24999999999962 0.015853333627537373 62586.45253691231
44.29999999999962 0.015433961129270635 60930.83627507661
44.34999999999962 0.014996540417400825 59203.96852187744
44.399999999999615 0.014541431448136532 57407.270327467
44.44999999999961 0.014069016277584244 55542.2499888973
44.49999999999961 0.01357969716598779 53610.4955659575
44.549999999999606 0.013073892107520536 51613.65723350084
44.5999999999996 0.012552035944389627 49553.451679751866
44.6499999999996 0.012014585001106928 47431.68040167485
44.6999999999996 0.011462020622326227 45250.24367179516
44.749999999999595 0.010894849295070072 43011.14102073155
44.79999999999959 0.010313599375887468 40716.45831653256
44.84999999999959 0.009718815007510054 38368.34374859781
44.89999999999959 0.0091110546941702 35969.002203259224
44.949999999999584 0.00849089284949397 33520.701374617536
44.99999999999958 0.007858920451508562 31025.77435040802
45.04999999999958 0.0072157444938863845 28486.617445598942
45.099999999999575 0.006561986838230157 25905.685671394716
45.14999999999957 0.005898281017661165 23285.48011630818
45.19999999999957 0.005225271011589218 20628.543109146234
45.24999999999957 0.004543612234917647 17937.462124234662
45.299999999999564 0.0038539725919536 15214.873942089203
45.34999999999956 0.0031570322355156124 12463.463698410344
45.39999999999956 0.00245348172825149 9685.957625257292
45.449999999999555 0.001744019733556957 6885.113935160172
45.49999999999955 0.0010293521128021384 4063.7192571130454
45.54999999999955 0.00031019081120626434 1224.5842381835298
45.59999999999955 -0.00041274765983120414 -1629.4624480037542
45.649999999999544 -0.0011387435514790872 -4495.579346956049
45.69999999999954 -0.0018670740158075931 -7370.91276942968
45.74999999999954 -0.0025970135733170787 -10252.598637159615
45.799999999999535 -0.0033278323249590945 -13137.755424201483
45.84999999999953 -0.0040587936792674225 -16023.475184004566
45.89999999999953 -0.00478915470393158 -18906.82493736837
45.94999999999953 -0.005518170681538696 -21784.86465779063
45.999999999999524 -0.006245100559166221 -24654.668785597016
46.04999999999952 -0.006969209355864265 -27513.335732300427
46.09999999999952 -0.00768976582941636 -30357.9786693417
46.149999999999515 -0.008406042039065925 -33185.72380180288
46.19999999999951 -0.009117313243622362 -35993.70996614622
46.24999999999951 -0.009822857076794514 -38779.08537456115
46.29999999999951 -0.010521952188620069 -41539.002251542566
46.349999999999504 -0.011213878075066993 -44270.616161184254
46.3999999999995 -0.011897916539404682 -46971.091776440924
46.4499999999995 -0.01257335425117453 -49637.61298153908
46.499999999999496 -0.013239486229668656 -52267.39662419988
46.54999999999949 -0.013895617555528768 -54857.6992727605
46.59999999999949 -0.014541062419140627 -57405.813459386154
46.64999999999949 -0.015175141312253787 -59909.056593029156
46.699999999999484 -0.015797178252385316 -62364.76000181408
46.74999999999948 -0.016406501382257133 -64770.271299521446
46.79999999999948 -0.017002448084211624 -67122.97457649134
46.849999999999476 -0.017584368389790907 -69420.30386010277
46.89999999999947 -0.018151622917251257 -71659.73497240698
46.94999999999947 -0.018703580514645927 -73838.77622539144
46.99999999999947 -0.019239619115474428 -75954.97179894774
47.049999999999464 -0.0197591285335171 -78005.91277443626
47.09999999999946 -0.02026151391810191 -79989.25077553274
47.14999999999946 -0.020746197454424017 -81902.70468082084
47.199999999999456 -0.021212619298400626 -83744.06431445114
47.24999999999945 -0.021660237832058546 -85511.19145437088
47.29999999999945 -0.02208852779170345 -87202.01244263237
47.34999999999945 -0.022496978088079857 -88814.5095797295
47.399999999999444 -0.02288509470961819 -90346.73258615777
47.44999999999944 -0.023252405162784887 -91796.81613221385
47.49999999999944 -0.02359845960884361 -93162.98432574893
47.549999999999436 -0.02392283112438837 -94443.55174071236
47.59999999999943 -0.024225114370905652 -95636.91816479339
47.64999999999943 -0.024504923557385663 -96741.56055613272
47.69999999999943 -0.024761891853458888 -97756.03072647861
47.749999999999424 -0.02499567245165723 -98678.95953482567
47.79999999999942 -0.02520594084482434 -99509.06587827051
47.84999999999942 -0.02539239676305092 -100245.1643387258
47.899999999999416 -0.025554764947768413 -100886.16823891966
47.94999999999941 -0.02569279469906171 -101431.0878552579
47.99999999999941 -0.025806258956862057 -101879.02679051895
48.04999999999941 -0.025894954889613117 -102229.1842978144
48.099999999999405 -0.025958705791392943 -102480.86277012623
48.1499999999994 -0.025997363638509654 -102633.47783334211
48.1999999999994 -0.02601081053862071 -102686.56406714895
48.249999999999396 -0.02599897402482349 -102639.83538368232
48.29999999999939 -0.025961788679686383 -102493.03352527383
48.34999999999939 -0.025899207613942543 -102245.97338051772
48.39999999999939 -0.025811221200489877 -101898.61694313832
48.449999999999385 -0.025697857343010038 -101451.07437245533
48.49999999999938 -0.025559174778839296 -100903.57755417775
48.54999999999938 -0.025395257429496436 -100256.45779718208
48.599999999999376 -0.025206211682747663 -99510.13510353451
48.64999999999937 -0.02499216742518199 -98665.1222449353
48.69999999999937 -0.024753280646878803 -97722.03504553402
48.74999999999937 -0.02448973517603002 -96681.59922994349
48.799999999999365 -0.02420174315006311 -95544.65228315882
48.84999999999936 -0.023889544335047776 -94312.14076368274
48.89999999999936 -0.023553403623121673 -92985.11042375826
48.949999999999356 -0.023193605070372127 -91564.68267186928
48.99999999999935 -0.02281044955750189 -90052.04533741897
49.04999999999935 -0.022404256649398283 -88448.46001201471
49.09999999999935 -0.02197536743832592 -86755.2732739429
49.149999999999345 -0.02152414576625973 -84973.92151374636
49.19999999999934 -0.021050977729048962 -83105.92897674227
49.24999999999934 -0.020556270064453454 -81152.90139924448
49.299999999999336 -0.02004044757339286 -79116.51582806348
49.34999999999933 -0.019503952085190575 -76998.51653545313
49.39999999999933 -0.018947241742822543 -74800.71219738614
49.44999999999933 -0.0183707876723631 -72524.96274505318
49.499999999999325 -0.01777507349234538 -70173.17742789548
49.54999999999932 -0.017160596613703546 -67747.31994557106
49.59999999999932 -0.016527872249117906 -65249.42427621469
49.64999999999932 -0.01587743592802602 -62681.60460530395
49.699999999999314 -0.015209841461272466 -60046.04729041844
49.74999999999931 -0.014525660070743894 -57345.00742517675
49.79999999999931 -0.013825475528754062 -54580.78965029772
49.849999999999305 -0.013109881890747934 -51755.73920267499
49.8999999999993 -0.012379481003810451 -48872.23207936389
49.9499999999993 -0.011634881890885103 -45932.67260657379
49.9999999999993 -0.010876703267714666 -42939.503376151864
50.049999999999294 -0.010105574907123448 -39895.210631553506
