# (1): time [s] (2): displacement/rotation [m/rad] (3): support force/ moment [N]/[N m]
0.05 0.0 0.0
0.1 5.385043919872865e-14 8.503720507461874e-05
0.15000000000000002 3.976751813805877e-13 0.000627983475257257
0.2 1.5747306417581972e-12 0.002486714955588315
0.25 4.573485652398957e-12 0.007222159059717724
0.3 1.1009646436597067e-11 0.017385736788012186
0.35 2.3365585474054695e-11 0.03689745363660156
0.39999999999999997 4.528545107212477e-11 0.0715119179530815
0.44999999999999996 8.190831153074787e-11 0.12934442111514677
0.49999999999999994 1.4020591030339357e-10 0.22140429910225803
0.5499999999999999 2.2927861762410985e-10 0.3620622805725757
0.6 3.605536699229605e-10 0.5693635340000912
0.65 5.47822981333531e-10 0.8650873772139696
0.7000000000000001 8.070524802422383e-10 1.2744461937454201
0.7500000000000001 1.1558913296139233e-09 1.825310424630177
0.8000000000000002 1.6128114080443868e-09 2.5468496913539203
0.8500000000000002 2.1958217286243416e-09 3.4675026874941506
0.9000000000000002 2.9244565221593437e-09 4.618116633903734
0.9500000000000003 3.812443141988873e-09 6.02036889809221
1.0000000000000002 4.8552874186400545e-09 7.667162572090186
1.0500000000000003 6.02324746195673e-09 9.51153114550055
1.1000000000000003 7.261275743583411e-09 11.466547045823075
1.1500000000000004 8.497709084278618e-09 13.41904431637972
1.2000000000000004 9.660204160441357e-09 15.254782959570196
1.2500000000000004 1.0694334068709003e-08 16.887815454600037
1.3000000000000005 1.1578093943786187e-08 18.28339311101091
1.3500000000000005 1.2326750608692882e-08 19.46562432938979
1.4000000000000006 1.2986457582533042e-08 20.507391825780537
1.4500000000000006 1.3619592454443046e-08 21.507198340706317
1.5000000000000007 1.4287556831834749e-08 22.562005406126488
1.5500000000000007 1.5036825093583553e-08 23.745202419526898
1.6000000000000008 1.5891883935967605e-08 25.09545722176434
1.6500000000000008 1.6855746137437906e-08 26.617527401872334
1.7000000000000008 1.791638745027094e-08 28.29242502893059
1.7500000000000009 1.9059270379340935e-08 30.09719341079925
1.800000000000001 2.0274219156237745e-08 32.01576361808867
1.850000000000001 2.155596825818905e-08 34.03982067052242
1.900000000000001 2.2903409261259476e-08 36.16761421518036
1.950000000000001 2.431949002578457e-08 38.40379932651714
2.000000000000001 2.5811339120727918e-08 40.75963298943138
2.0500000000000007 2.739022540952777e-08 43.252910279792765
2.1000000000000005 2.9071275630271877e-08 45.90751838493009
2.1500000000000004 3.0880941331615405e-08 48.76522791620698
2.2 3.285920623154302e-08 51.889178630262364
2.25 3.5049207793943246e-08 55.347490479647625
2.3 3.7489298560856085e-08 59.2007273711965
2.3499999999999996 4.021089576177651e-08 63.49850140514797
2.3999999999999995 4.32383023639e-08 68.27919028902078
2.4499999999999993 4.6588541701975726e-08 73.56967619554474
2.499999999999999 5.0274781033000084e-08 79.39075202353622
2.549999999999999 5.4304609879390526e-08 85.75440266641172
2.5999999999999988 5.867847968559591e-08 92.66134101667036
2.6499999999999986 6.338837300789637e-08 100.09890643466045
2.6999999999999984 6.841804591121723e-08 108.04144752628531
2.7499999999999982 7.374428557704848e-08 116.45230807782849
2.799999999999998 7.933884350218084e-08 125.28687984103419
2.849999999999998 8.516802024362402e-08 134.49194678856625
2.8999999999999977 9.119955162116611e-08 144.01655936922194
2.9499999999999975 9.740660175816152e-08 153.81834006520148
2.9999999999999973 1.0377875337935822e-07 163.88083857479694
3.049999999999997 1.1032886327901042e-07 174.22435753371315
3.099999999999997 1.1709029631710317e-07 184.90158461698215
3.149999999999997 1.2410801719696179e-07 195.98352523801722
3.1999999999999966 1.314298373521765e-07 207.54568018647993
3.2499999999999964 1.3910144898377576e-07 219.6602036941088
3.2999999999999963 1.471619236354743e-07 232.38879506967248
3.349999999999996 1.5564571301782513e-07 245.78585827382685
3.399999999999996 1.6458119508759382e-07 259.8962059796899
3.4499999999999957 1.7399240474308808e-07 274.7577925773604
3.4999999999999956 1.8390052744211052e-07 290.4040728008493
3.5499999999999954 1.943222318976954e-07 306.8613688267202
3.599999999999995 2.0526756168697978e-07 324.14554083627144
3.649999999999995 2.1673452646435436e-07 342.2534458016975
3.699999999999995 2.286989464230522e-07 361.14690050263283
3.7499999999999947 2.411086558087104e-07 380.7435280816619
3.7999999999999945 2.5388247989391155e-07 400.9151425472687
3.8499999999999943 2.6691205335759527e-07 421.4906202435071
3.899999999999994 2.8003551961813506e-07 442.2143675015185
3.949999999999994 2.930591869360085e-07 462.78051858612764
3.999999999999994 3.0578220638762857e-07 482.87190559010446
4.049999999999994 3.180149389195748e-07 502.18906252364775
4.099999999999993 3.295887747725276e-07 520.4657315271339
4.149999999999993 3.4038487843767457e-07 537.5142550868381
4.199999999999993 3.5037121911294624e-07 553.2840521875485
4.249999999999993 3.5960667064963427e-07 567.8680926887554
4.299999999999993 3.6821057715648925e-07 581.4548372530141
4.3499999999999925 3.7632714859904067e-07 594.27201313
4.399999999999992 3.8409592274190783e-07 606.5399695254417
4.449999999999992 3.9162903588179106e-07 618.4357849813291
4.499999999999992 3.989965071550685e-07 630.0700292859112
4.549999999999992 4.0621976645624656e-07 641.4765431721698
4.599999999999992 4.132715143857695e-07 652.6122171562646
4.6499999999999915 4.2008146567574304e-07 663.3660611919009
4.699999999999991 4.265480806317557e-07 673.5777302207031
4.749999999999991 4.3255457205774134e-07 683.0628012947851
4.799999999999991 4.3798549373087675e-07 691.638969046329
4.849999999999991 4.427409464004571e-07 699.1484789018269
4.899999999999991 4.4674855367307884e-07 705.4770386419398
4.94999999999999 4.499643355018321e-07 710.5551977603409
4.99999999999999 4.523654579404644e-07 714.3468983344015
5.04999999999999 4.539494575509668e-07 716.8482502587437
5.09999999999999 4.547333789322291e-07 718.086169285082
5.14999999999999 4.54750749626541e-07 718.1135999860469
5.1999999999999895 4.540477212377718e-07 717.0034220532649
5.249999999999989 4.526788501352611e-07 714.8417874520068
5.299999999999989 4.507027576008396e-07 711.721267200057
5.349999999999989 4.481778553733081e-07 707.7341014181105
5.399999999999989 4.4515835520739185e-07 702.9658978778518
5.449999999999989 4.416908413209905e-07 697.4902194276013
5.4999999999999885 4.3781172850597253e-07 691.3645700017736
5.549999999999988 4.3354587438550987e-07 684.6282031854979
5.599999999999988 4.289051091718783e-07 677.2998005011971
5.649999999999988 4.238846454577491e-07 669.3718019782403
5.699999999999988 4.1846163135652765e-07 660.8081213637467
5.749999999999988 4.125967210508677e-07 651.546626233389
5.799999999999987 4.0623786039112253e-07 641.5051159688554
5.849999999999987 3.9932522581915196e-07 630.5891209937125
5.899999999999987 3.9179646392973315e-07 618.7001767571427
5.949999999999987 3.835916754377861e-07 605.7436940995223
5.999999999999987 3.746577863725994e-07 591.6358619656645
6.0499999999999865 3.649520642799683e-07 576.3091999686753
6.099999999999986 3.5443266150745675e-07 559.6976249446095
6.149999999999986 3.430716463208037e-07 541.7570288666841
6.199999999999986 3.308651257425928e-07 522.4812641913724
6.249999999999986 3.178336233985322e-07 501.90274052933296
6.299999999999986 3.0401498712383576e-07 480.0812247863254
6.349999999999985 2.8945930416881966e-07 457.0958115777353
6.399999999999985 2.742243541634937e-07 433.0377428380647
6.449999999999985 2.583718219378277e-07 408.0044273464096
6.499999999999985 2.4196337221585145e-07 382.09324213183834
6.549999999999985 2.2505742182223192e-07 355.39643534632387
6.5999999999999845 2.0770675058624928e-07 327.9973535555224
6.649999999999984 1.8995687840539668e-07 299.96787890033585
6.699999999999984 1.7184511472444854e-07 271.3669280944196
6.749999999999984 1.5340022730556532e-07 242.23992936689845
6.799999999999984 1.346427472262551e-07 212.61930409584147
6.849999999999984 1.1558595452792376e-07 182.5260232820657
6.8999999999999835 9.62375565320622e-08 151.9722578398283
6.949999999999983 7.66020047080252e-08 120.96503724777489
6.999999999999983 5.668331842077821e-08 89.51070863264992
7.049999999999983 3.648820510594791e-08 57.61986395224234
7.099999999999983 1.602919804064698e-08 25.312294964464375
7.149999999999983 -4.672507150632082e-09 -7.378527542079982
7.199999999999982 -2.5584830253040365e-08 -40.40194452264501
7.249999999999982 -4.666345957849887e-08 -73.68798176416124
7.299999999999982 -6.785155483886207e-08 -107.14688068134222
7.349999999999982 -8.90805467892477e-08 -140.67036106281688
7.399999999999982 -1.1027193614908883e-07 -174.13446181339066
7.4499999999999815 -1.3133503228228703e-07 -207.39597002087567
7.499999999999981 -1.5217568221477178e-07 -240.3062052681099
7.549999999999981 -1.7270355824147254e-07 -272.7225277606127
7.599999999999981 -1.928370431723753e-07 -304.51605279794137
7.649999999999981 -2.125077133561666e-07 -335.5787300808732
7.699999999999981 -2.3166404292461044e-07 -365.8291932196622
7.7499999999999805 -2.5026237441973135e-07 -395.1985011200085
7.79999999999998 -2.682629646506315e-07 -423.6238938504242
7.84999999999998 -2.856259077107192e-07 -451.0423545290971
7.89999999999998 -3.023095489964302e-07 -477.388104842641
7.94999999999998 -3.1827070590764125e-07 -502.5929535622196
7.99999999999998 -3.334654417028329e-07 -526.5875185666378
8.04999999999998 -3.478496556880887e-07 -549.3021588314524
8.09999999999998 -3.6137971286672094e-07 -570.6679687318075
8.14999999999998 -3.740095627982653e-07 -590.6122283269225
8.199999999999982 -3.856943571988617e-07 -609.0641160456346
8.249999999999982 -3.963900722301726e-07 -625.9541122289663
8.299999999999983 -4.060570307187181e-07 -641.2195611959578
8.349999999999984 -4.1465857903643736e-07 -654.802581857197
8.399999999999984 -4.2215977110378163e-07 -666.6479895758014
8.449999999999985 -4.285270196727029e-07 -676.7027454955862
8.499999999999986 -4.3372888487803015e-07 -684.9172017714857
8.549999999999986 -4.377368072459542e-07 -691.2462590901557
8.599999999999987 -4.405255769226924e-07 -695.6501076461813
8.649999999999988 -4.4207378354788214e-07 -698.0949375536642
8.699999999999989 -4.4236447900048196e-07 -698.5539854126012
8.74999999999999 -4.413861569336418e-07 -697.0090811283502
8.79999999999999 -4.3913399506225526e-07 -693.4526096535018
8.84999999999999 -4.356111565988546e-07 -687.8895661330689
8.899999999999991 -4.308298563470298e-07 -680.3392394117345
8.949999999999992 -4.2481190139663744e-07 -670.8360658655025
8.999999999999993 -4.175885167839085e-07 -659.4293540951744
9.049999999999994 -4.0919943050426506e-07 -646.1818400365045
9.099999999999994 -3.996913683061375e-07 -631.1673100338691
9.149999999999995 -3.891162440484443e-07 -614.4677431673418
9.199999999999996 -3.7752938885109116e-07 -596.1705148392488
9.249999999999996 -3.64988130108836e-07 -576.3661528428067
9.299999999999997 -3.515509245657069e-07 -555.1469683681173
9.349999999999998 -3.372771017740097e-07 -532.6066508888687
9.399999999999999 -3.2222712595911425e-07 -508.8406816826318
9.45 -3.064631761624631e-07 -483.947249955979
9.5 -2.900498088511238e-07 -458.0282991955485
9.55 -2.730545072191408e-07 -431.19039458997077
9.600000000000001 -2.555479988257114e-07 -403.5452246239711
9.650000000000002 -2.376042761716964e-07 -375.20963357149213
9.700000000000003 -2.193002840320777e-07 -346.30512775090244
9.750000000000004 -2.0071531533357765e-07 -316.9569215331706
9.800000000000004 -1.8193026530568492e-07 -287.29275954437475
9.850000000000005 -1.630269412308027e-07 -257.4418266668266
9.900000000000006 -1.440875827546464e-07 -227.5339905436136
9.950000000000006 -1.251946624824206e-07 -197.69948669270318
10.000000000000007 -1.0643095401984471e-07 -168.06902595302373
10.050000000000008 -8.77768068500094e-08 -138.6115774720677
10.100000000000009 -6.906381597288344e-08 -109.06120673311933
10.15000000000001 -5.0007073090331504e-08 -78.96800458526927
10.20000000000001 -3.0281222747784214e-08 -47.81819028830372
10.25000000000001 -9.636575790334214e-09 -15.217470533074192
10.300000000000011 1.1990459215399239e-08 18.93457424694188
10.350000000000012 3.4440079232158785e-08 54.38559321017288
10.400000000000013 5.7394723304941813e-08 90.63411419676153
10.450000000000014 8.0528324139041e-08 127.1652323736047
10.500000000000014 1.0368641578275289e-07 163.73502488682223
10.550000000000015 1.2701327105724892e-07 200.5713182437407
10.600000000000016 1.5093872288978148e-07 238.35287739644707
10.650000000000016 1.7604063327675245e-07 277.99222543340693
10.700000000000017 2.028751072199129e-07 320.3675281742604
10.750000000000018 2.3188268064020014e-07 366.1744520612667
10.800000000000018 2.633714342750001e-07 415.8994986946812
10.85000000000002 2.97535322581627e-07 469.84894867698677
10.90000000000002 3.3447077130851544e-07 528.1750714467642
10.95000000000002 3.7418622467123756e-07 590.8912015747611
11.000000000000021 4.1661120153855465e-07 657.886039719687
11.050000000000022 4.6160718313885497e-07 728.9408458050726
11.100000000000023 5.089789472914757e-07 803.7473373199641
11.150000000000023 5.58485960953148e-07 881.9256797071693
11.200000000000024 6.098607758787604e-07 963.0535356263653
11.250000000000025 6.628626409679562e-07 1046.7507261784087
11.300000000000026 7.173416398207559e-07 1132.7805128735342
11.350000000000026 7.732656058307292e-07 1221.0921002428788
11.400000000000027 8.307159922451189e-07 1311.814114098838
11.450000000000028 8.898527059276552e-07 1405.1990692391776
11.500000000000028 9.508379653266116e-07 1501.50313076966
11.55000000000003 1.0137711642814078e-06 1600.8832551502821
11.60000000000003 1.0786686525549924e-06 1703.3652608918208
11.65000000000003 1.1454684384364644e-06 1808.851254608237
11.700000000000031 1.2140266324751647e-06 1917.1140151866523
11.750000000000032 1.2841401128727863e-06 2027.8327855399416
11.800000000000033 1.3555923306598917e-06 2140.6656052422154
11.850000000000033 1.428194492760892e-06 2255.3143442183173
11.900000000000034 1.5018082154037364e-06 2371.560475574539
11.950000000000035 1.5763457154553302e-06 2489.2653777434043
12.000000000000036 1.6517507043884187e-06 2608.3401634455013
12.050000000000036 1.7279743242964315e-06 2728.707679367275
12.100000000000037 1.80495527762487e-06 2850.2711282905407
12.150000000000038 1.8826062492837443e-06 2972.892627751867
12.200000000000038 1.9608070343485136e-06 3096.38235774289
12.250000000000039 2.0394043278338163e-06 3220.4982287342905
12.30000000000004 2.1182168441001583e-06 3344.953965918805
12.35000000000004 2.197042713491756e-06 3469.430789513526
12.400000000000041 2.2756665393228465e-06 3593.5885587060084
12.450000000000042 2.353865897155643e-06 3717.0760349026373
12.500000000000043 2.431417458951209e-06 3839.5405526000563
12.550000000000043 2.5081018288824474e-06 3960.635655794955
12.600000000000044 2.5837059926838237e-06 4080.024965842114
12.650000000000045 2.6580230156572463e-06 4197.38170456441
12.700000000000045 2.7308493795098764e-06 4312.384488755651
12.750000000000046 2.8019808271932176e-06 4424.710768613469
12.800000000000047 2.8712077257095973e-06 4534.029504976833
12.850000000000048 2.938310827124425e-06 4639.994475384918
12.900000000000048 3.0030580120273086e-06 4742.23913155702
12.950000000000049 3.06520235505833e-06 4840.373544594105
13.00000000000005 3.1244817180485277e-06 4933.983762491997
13.05000000000005 3.1806200880602885e-06 5022.633923090087
13.100000000000051 3.2333306188141815e-06 5105.871056900067
13.150000000000052 3.2823194255770915e-06 5183.23107975308
13.200000000000053 3.327288694496149e-06 5254.243702863048
13.250000000000053 3.367940339629232e-06 5318.438207777768
13.300000000000054 3.4039813428763147e-06 5375.3518788605015
13.350000000000055 3.4351297375425777e-06 5424.539452154104
13.400000000000055 3.4611200198173106e-06 5465.581660845985
13.450000000000056 3.4817075117023935e-06 5498.09212492861
13.500000000000057 3.496671615544905e-06 5521.722490551397
13.550000000000058 3.505818022783628e-06 5536.165917933389
13.600000000000058 3.5089799504337365e-06 5541.159033941619
13.650000000000059 3.5060185119243093e-06 5536.482517694228
13.70000000000006 3.4968223538745185e-06 5521.960526980415
13.75000000000006 3.481271012927633e-06 5497.402833692059
13.800000000000061 3.4592586624926626e-06 5462.6423231750505
13.850000000000062 3.430712708339978e-06 5417.564359216869
13.900000000000063 3.395596511512029e-06 5362.111083894846
13.950000000000063 3.3539062243975633e-06 5296.276421304829
14.000000000000064 3.305665879553281e-06 5220.098322139197
14.050000000000065 3.2509228526670897e-06 5133.651599085612
14.100000000000065 3.189745104505653e-06 5037.043571485156
14.150000000000066 3.122220791728887e-06 4930.413450755219
14.200000000000067 3.048459884638854e-06 4813.934895036158
14.250000000000068 2.9685967606279347e-06 4687.8201046004915
14.300000000000068 2.882792655109789e-06 4552.323692207943
14.350000000000069 2.7912372425658e-06 4407.74517979391
14.40000000000007 2.6941490685103897e-06 4254.429680601749
14.45000000000007 2.591774754594579e-06 4092.7666439326313
14.500000000000071 2.4843870433018093e-06 3923.186767452946
14.550000000000072 2.372282064140843e-06 3746.157680139169
14.600000000000072 2.2557764747003007e-06 3562.1794276121473
14.650000000000073 2.135205090019716e-06 3371.7807285899175
14.700000000000074 2.010919285540635e-06 3175.5164529291706
14.750000000000075 1.8832979839914716e-06 2973.9849714183906
14.800000000000075 1.7527403409970878e-06 2767.8166053554746
14.850000000000076 1.6196515729516206e-06 2557.6512468215383
14.900000000000077 1.4844411730702013e-06 2344.135541582705
14.950000000000077 1.3475183590472382e-06 2127.9157003202126
15.000000000000078 1.2092892438462607e-06 1909.633030920812
15.050000000000079 1.0701566298140915e-06 1689.9236133548977
15.10000000000008 9.305212118831501e-07 1469.4201996974305
15.15000000000008 7.907827555180799e-07 1248.7540742666897
15.200000000000081 6.51340209666933e-07 1028.5552319896362
15.250000000000082 5.12590651473231e-07 809.4507119579938
15.300000000000082 3.7492777708989144e-07 592.0622142171267
15.350000000000083 2.3874041115815136e-07 377.0037460294997
15.400000000000084 1.044110017094555e-07 164.87924511900644
15.450000000000085 -2.768599275287783e-08 -43.719967347572975
15.500000000000085 -1.5718573100581419e-07 -248.21775720374904
15.550000000000086 -2.8373438429187165e-07 -448.0553804715897
15.600000000000087 -4.069900427022714e-07 -642.6929146646213
15.650000000000087 -5.266230466605899e-07 -831.609782245831
15.700000000000088 -6.42315956445615e-07 -1014.3047025000898
15.750000000000089 -7.537636147227272e-07 -1190.295790279752
15.80000000000009 -8.606737436756159e-07 -1359.1214989572659
15.85000000000009 -9.627683622597038e-07 -1520.3428584620744
15.900000000000091 -1.0597860374443205e-06 -1673.5470302997626
15.950000000000092 -1.151484727979923e-06 -1818.3517982492526
16.000000000000092 -1.2376448403449843e-06 -1954.4103941207027
16.050000000000093 -1.3180720971702695e-06 -2081.416027389563
16.100000000000094 -1.392599892701619e-06 -2199.1056047943143
16.150000000000095 -1.46109094064701e-06 -2307.2623325122427
16.200000000000095 -1.5234381631265244e-06 -2405.717119932965
16.250000000000096 -1.5795648956422391e-06 -2494.348903333903
16.300000000000097 -1.6294245548442442e-06 -2573.084121237411
16.350000000000097 -1.67299992145725e-06 -2641.8955820538595
16.400000000000098 -1.7103021576380374e-06 -2700.8009123547195
16.4500000000001 -1.7413696374392718e-06 -2749.860710015042
16.5000000000001 -1.7662666275151128e-06 -2789.176460867266
16.5500000000001 -1.7850818059668483e-06 -2818.888199755991
16.6000000000001 -1.7979265520653032e-06 -2839.1718097758608
16.6500000000001 -1.8049328968485095e-06 -2850.2357859851218
16.700000000000102 -1.80625104425101e-06 -2852.3173209299225
16.750000000000103 -1.8020465953238461e-06 -2845.677921308212
16.800000000000104 -1.7924979487070599e-06 -2830.5993029604547
16.850000000000104 -1.7777942571617845e-06 -2807.380163954453
16.900000000000105 -1.758134113379308e-06 -2776.3341092982005
16.950000000000106 -1.7337248539539423e-06 -2737.788551817893
17.000000000000107 -1.7047823226364038e-06 -2692.084338302654
17.050000000000107 -1.6715309537799276e-06 -2639.5758812773543
17.100000000000108 -1.6342040640692482e-06 -2580.6316196825546
17.15000000000011 -1.593044287576986e-06 -2515.634705888013
17.20000000000011 -1.5483041377739371e-06 -2444.9838931837617
17.25000000000011 -1.5002466222281028e-06 -2369.094506473908
17.30000000000011 -1.4491456283103242e-06 -2288.3990513585563
17.35000000000011 -1.395285693608227e-06 -2203.3468515860436
17.400000000000112 -1.3389609734951818e-06 -2114.4024187031896
17.450000000000113 -1.2804735112112725e-06 -2022.0427202766587
17.500000000000114 -1.2201311002699955e-06 -1926.7538043409195
17.550000000000114 -1.1582450952642306e-06 -1829.027342361602
17.600000000000115 -1.0951284092008194e-06 -1729.357466753023
17.650000000000116 -1.0310937250409214e-06 -1628.2379466559196
17.700000000000117 -9.664517744043515e-07 -1526.159469776289
17.750000000000117 -9.01509480715553e-07 -1423.6067101590404
17.800000000000118 -8.365678026859095e-07 -1321.0549227517608
17.85000000000012 -7.719191562098173e-07 -1218.9658722261752
17.90000000000012 -7.078444032774614e-07 -1117.7830780597924
17.95000000000012 -6.446097697239971e-07 -1017.9269472405053
18.00000000000012 -5.8246438766368e-07 -919.7908934341237
18.05000000000012 -5.21638957812862e-07 -823.7392246095181
18.100000000000122 -4.623456753226525e-07 -730.1070259182532
18.150000000000123 -4.047793827051749e-07 -639.2019803227564
18.200000000000124 -3.491196378617596e-07 -551.3076342955433
18.250000000000124 -2.955208265615112e-07 -466.66778407120887
18.300000000000125 -2.441144733247402e-07 -385.4901248472746
18.350000000000126 -1.950089369048406e-07 -307.9457699084434
18.400000000000126 -1.4829158777097452e-07 -234.1726891694302
18.450000000000127 -1.0404097776817057e-07 -164.2949267319002
18.500000000000128 -6.233084211489387e-08 -98.42892058572197
18.55000000000013 -2.324877809688472e-08 -36.71299881999413
18.60000000000013 1.3109416639016545e-08 20.70156098498428
18.65000000000013 4.6659854847791315e-08 73.68228940159227
18.70000000000013 7.73378883861037e-08 122.12709817383144
18.75000000000013 1.0509799705574551e-07 165.96410468592995
18.800000000000132 1.299100379806485e-07 205.14570921591906
18.850000000000133 1.5175649748488242e-07 239.64425527531225
18.900000000000134 1.7063113706466015e-07 269.4498914138002
18.950000000000134 1.8653898403266884e-07 294.5705564453705
19.000000000000135 1.9949683606017223e-07 315.03277618926046
19.050000000000136 2.09533188477249e-07 330.8815486670948
19.100000000000136 2.1668763459134299e-07 342.1793971238978
19.150000000000137 2.2101093818422705e-07 349.00648451070964
19.200000000000138 2.2256619712654565e-07 351.4624509910202
19.25000000000014 2.2142587668860815e-07 349.661729132953
19.30000000000014 2.1765119408325477e-07 343.70098928423124
19.35000000000014 2.1128278362981106e-07 333.644398589951
19.40000000000014 2.0235269355851988e-07 319.5425655867926
19.45000000000014 1.9090138443635939e-07 301.45938304114304
19.500000000000142 1.7698655238314666e-07 279.4859610134938
19.550000000000143 1.6068332792012462e-07 253.7409408675434
19.600000000000144 1.4208539541957382e-07 224.37226303416756
19.650000000000144 1.2130713200828723e-07 191.56054463240307
19.700000000000145 9.848046364925658e-08 155.5141147926437
19.750000000000146 7.374672366711228e-08 116.45615815533631
19.800000000000146 4.724764134261871e-08 74.61048462979217
19.850000000000147 1.9121326480904065e-08 30.195188478495556
19.900000000000148 -1.0497032159254861e-08 -16.576248767577326
19.95000000000015 -4.14768217953123e-08 -65.49757166947413
20.00000000000015 -7.36968238009343e-08 -116.37735944512129
20.05000000000015 -1.070507038276976e-07 -169.0476956220092
20.10000000000015 -1.414530235021136e-07 -223.37366132861706
20.15000000000015 -1.768451472750483e-07 -279.2626630171379
20.200000000000152 -2.1319930076856885e-07 -336.6708411479425
20.250000000000153 -2.5051779014212596e-07 -395.601837462065
20.300000000000153 -2.8882669277019895e-07 -456.09683169869425
20.350000000000154 -3.281681043048699e-07 -518.2222986471191
20.400000000000155 -3.685933042879915e-07 -582.0592157140527
20.450000000000156 -4.1015745402521113e-07 -647.6946901418927
20.500000000000156 -4.5291599846282616e-07 -715.2162770803983
20.550000000000157 -4.969227743764397e-07 -784.708992157959
20.600000000000158 -5.422295858518879e-07 -856.2546411079443
20.65000000000016 -5.888867707328084e-07 -929.9327142668519
20.70000000000016 -6.369441722016797e-07 -1005.8219208335864
20.75000000000016 -6.864520185125482e-07 -1084.001578087699
20.80000000000016 -7.374614632890945e-07 -1164.552464593895
20.85000000000016 -7.900248151951737e-07 -1247.5571828832149
20.900000000000162 -8.441958106245741e-07 -1333.100590067439
20.950000000000163 -9.000314403987326e-07 -1421.2726824444999
21.000000000000163 -9.57595018818671e-07 -1512.17344195104
21.050000000000164 -1.0169572457104616e-06 -1605.914513277389
21.100000000000165 -1.078194311200033e-06 -1702.6162110478967
21.150000000000166 -1.1413840736975678e-06 -1802.4014843358102
21.200000000000166 -1.2066020150974448e-06 -1905.3895293710445
21.250000000000167 -1.2739185574787685e-06 -2011.6915522434974
21.300000000000168 -1.3433985655093784e-06 -2121.409983130958
21.35000000000017 -1.4151031568652008e-06 -2234.6413351987567
21.40000000000017 -1.489081361887198e-06 -2351.463034057924
21.45000000000017 -1.5653706057599983e-06 -2471.9341791911665
21.50000000000017 -1.644002482071932e-06 -2596.1046611934344
21.55000000000017 -1.7250099492269057e-06 -2724.0265258900477
21.600000000000172 -1.8084298026545873e-06 -2855.7578782945393
21.650000000000173 -1.8942930920946241e-06 -2991.347750190443
21.700000000000173 -1.9826142207311663e-06 -3130.818886174506
21.750000000000174 -2.073387166186734e-06 -3274.161776089405
21.800000000000175 -2.1665884677123796e-06 -3421.3393722053675
21.850000000000176 -2.2621830504736645e-06 -3572.29628656394
21.900000000000176 -2.3601277390468058e-06 -3726.9643392687085
21.950000000000177 -2.4603720553309994e-06 -3885.263818497936
22.000000000000178 -2.5628580089569484e-06 -4047.1031495309767
22.05000000000018 -2.6675196648618226e-06 -4212.378211890024
22.10000000000018 -2.7742824769650524e-06 -4380.971287123099
22.15000000000018 -2.8830625704372138e-06 -4552.749925408499
22.20000000000018 -2.9937665374197125e-06 -4727.566622968262
22.25000000000018 -3.1062921667243453e-06 -4905.259974363519
22.300000000000182 -3.2205301108532786e-06 -5085.65730494693
22.350000000000183 -3.336366324828749e-06 -5268.578522108183
22.400000000000183 -3.4536849757923657e-06 -5453.840709929043
22.450000000000184 -3.572370388445186e-06 -5641.261201299185
22.500000000000185 -3.6923068885734542e-06 -5830.657330821939
22.550000000000185 -3.813377834139655e-06 -6021.844904774614
22.600000000000186 -3.935466076012081e-06 -6214.638928663472
22.650000000000187 -4.058455994959847e-06 -6408.856823917311
22.700000000000188 -4.182235730343899e-06 -6604.321947295249
22.75000000000019 -4.306698474551899e-06 -6800.865634976358
22.80000000000019 -4.431742278449363e-06 -6998.326895340418
22.85000000000019 -4.557268050268356e-06 -7196.549248939596
22.90000000000019 -4.683133727699355e-06 -7395.308359966649
22.95000000000019 -4.809184182892435e-06 -7594.359260339919
23.000000000000192 -4.9352979184871035e-06 -7793.510089117994
23.050000000000193 -5.061306044388403e-06 -7992.494145752951
23.100000000000193 -5.187014932625915e-06 -8191.005665209751
23.150000000000194 -5.3122539822705e-06 -8388.775245299423
23.200000000000195 -5.4368885585216145e-06 -8585.590279266768
23.250000000000195 -5.560819090105979e-06 -8781.293530459468
23.300000000000196 -5.6839722631204676e-06 -8975.769226202176
23.350000000000197 -5.806288837482709e-06 -9168.923818306455
23.400000000000198 -5.927710893296266e-06 -9360.665843337945
23.4500000000002 -6.048170193178051e-06 -9550.88754514041
23.5000000000002 -6.1675786424077255e-06 -9739.44981010752
23.5500000000002 -6.285822096822042e-06 -9926.17238900153
23.6000000000002 -6.402758350471036e-06 -10110.83071918729
23.6500000000002 -6.518219353552121e-06 -10293.159427053415
23.700000000000202 -6.632017134126757e-06 -10472.861679212394
23.750000000000203 -6.743952419867623e-06 -10649.622797418033
23.800000000000203 -6.8538244904047895e-06 -10823.1258167669
23.850000000000204 -6.961440498040227e-06 -10993.066204380722
23.900000000000205 -7.0666227559025414e-06 -11159.163368399028
23.950000000000205 -7.1692808346136905e-06 -11321.274508471817
24.000000000000206 -7.269367641785545e-06 -11479.325259280507
24.050000000000207 -7.366824784386348e-06 -11633.223410245384
24.100000000000207 -7.461589662852622e-06 -11782.870108098095
24.150000000000208 -7.55357319141902e-06 -11928.124674236758
24.20000000000021 -7.64263938151024e-06 -12068.772364110768
24.25000000000021 -7.728641537730836e-06 -12204.581525636844
24.30000000000021 -7.811450088532686e-06 -12335.347547627527
24.35000000000021 -7.890968879293548e-06 -12460.91858878956
24.40000000000021 -7.967135190834603e-06 -12581.195606965615
24.450000000000212 -8.039907190216297e-06 -12696.112542225395
24.500000000000213 -8.109247134803846e-06 -12805.609793789006
24.550000000000214 -8.175107730748154e-06 -12909.612678203457
24.600000000000215 -8.237425904649665e-06 -13008.02159394845
24.650000000000215 -8.296124197684424e-06 -13100.714222952016
24.700000000000216 -8.351116459175213e-06 -13187.554521517672
24.750000000000217 -8.402313947241402e-06 -13268.402354084516
24.800000000000217 -8.449629661384574e-06 -13343.120334972218
24.850000000000218 -8.49298040102369e-06 -13411.57707908945
24.90000000000022 -8.532286971554739e-06 -13473.647527330244
24.95000000000022 -8.567473179093287e-06 -13529.21135913506
25.00000000000022 -8.598463946712394e-06 -13578.150017772929
25.05000000000022 -8.62518532738859e-06 -13620.346730784924
25.10000000000022 -8.647562250754447e-06 -13655.682951798444
25.150000000000222 -8.665515606492734e-06 -13684.033754807871
25.200000000000223 -8.678959594186139e-06 -13705.263649224995
25.250000000000224 -8.687798288500123e-06 -13719.221155833184
25.300000000000225 -8.691914015258537e-06 -13725.720451021747
25.350000000000225 -8.691160589508583e-06 -13724.530688766125
25.400000000000226 -8.685366429327899e-06 -13715.380917754941
25.450000000000227 -8.674342658202169e-06 -13697.972876151884
25.500000000000227 -8.657892036913752e-06 -13671.995096268874
25.550000000000228 -8.635815798367227e-06 -13637.13369768995
25.60000000000023 -8.607917107043129e-06 -13593.077850221636
25.65000000000023 -8.574001451026597e-06 -13539.520392959781
25.70000000000023 -8.533875849505223e-06 -13476.156582820307
25.75000000000023 -8.487348716576454e-06 -13402.683879472492
25.80000000000023 -8.43423069006064e-06 -13318.803254148068
25.850000000000232 -8.374336059048277e-06 -13224.221443933468
25.900000000000233 -8.307484582370733e-06 -13118.653823383705
25.950000000000234 -8.2335035332585e-06 -13001.827633317256
26.000000000000234 -8.152229608195866e-06 -12873.48499515854
26.050000000000235 -8.063510241313362e-06 -12733.384986543273
26.100000000000236 -7.967204143417431e-06 -12581.304492520007
26.150000000000237 -7.863181284451457e-06 -12417.03817785369
26.200000000000237 -7.751322484832331e-06 -12240.39784169025
26.250000000000238 -7.631518468119911e-06 -12051.210921592157
26.30000000000024 -7.503668340803249e-06 -11849.318092913058
26.35000000000024 -7.3676778850732835e-06 -11634.57057285248
26.40000000000024 -7.223458270308708e-06 -11406.828085715862
26.45000000000024 -7.070925580337536e-06 -11165.958116395946
26.50000000000024 -6.910001137878941e-06 -10911.836422710794
26.550000000000242 -6.7406123976887795e-06 -10644.348445802665
26.600000000000243 -6.56269426709536e-06 -10363.391395444522
26.650000000000244 -6.376190889443969e-06 -10068.87706634273
26.700000000000244 -6.181057958683474e-06 -9760.73549318573
26.750000000000245 -5.9772654463437985e-06 -9438.919256914254
26.800000000000246 -5.764800190586087e-06 -9103.407573185474
26.850000000000247 -5.5436673335930314e-06 -8754.208562208813
26.900000000000247 -5.313890184591944e-06 -8391.359032440669
26.950000000000248 -5.075509086163019e-06 -8014.922690330169
27.00000000000025 -4.828580289103697e-06 -7624.988363576186
27.05000000000025 -4.573175618027116e-06 -7221.6694730615945
27.10000000000025 -4.309383172153592e-06 -6805.105139498801
27.15000000000025 -4.037308824401521e-06 -6375.462550699223
27.20000000000025 -3.7570780794269603e-06 -5932.939895671788
27.250000000000252 -3.468837981221489e-06 -5477.769376980725
27.300000000000253 -3.172759299290516e-06 -5010.220663019978
27.350000000000254 -2.869039907012213e-06 -4530.606222903798
27.400000000000254 -2.557907890855666e-06 -4039.286236347244
27.450000000000255 -2.239621744484988e-06 -3536.6689001831137
27.500000000000256 -1.9144677780135532e-06 -3023.2063372202124
27.550000000000257 -1.5827563155124456e-06 -2499.388591589377
27.600000000000257 -1.2448181689889397e-06 -1965.7380606734775
27.650000000000258 -9.010024217211682e-07 -1422.8059946898256
27.70000000000026 -5.516753073319388e-07 -871.1707265945003
27.75000000000026 -1.9721845572996394e-07 -311.4349021837598
27.80000000000026 1.6197144521548125e-07 255.77505416792278
27.85000000000026 5.25480981713345e-07 829.8063055690858
27.90000000000026 8.92881944301073e-07 1409.9826507403347
27.950000000000262 1.2637328298316867e-06 1995.6068958572675
28.000000000000263 1.6375784218736827e-06 2585.960191944554
28.050000000000264 2.013948974443892e-06 3180.3007458785337
28.100000000000264 2.3923601671304937e-06 3777.8637495203184
28.150000000000265 2.772314547718333e-06 4377.863657818386
28.200000000000266 3.153304366176701e-06 4979.498664062697
28.250000000000266 3.5348146666437413e-06 5581.955582550764
28.300000000000267 3.916326140768074e-06 6184.414354404141
28.350000000000268 4.29731758152399e-06 6786.0519224780555
28.40000000000027 4.67726742577096e-06 7386.044667273753
28.45000000000027 5.055652614869088e-06 7983.566607694538
28.50000000000027 5.4319476432050715e-06 8577.787898538198
28.55000000000027 5.805623997669222e-06 9167.873945354582
28.60000000000027 6.176152271527201e-06 9752.988742538064
28.650000000000272 6.5429325654296235e-06 10332.184967007213
28.700000000000273 6.905323515011528e-06 10904.449816752576
28.750000000000274 7.262756237267218e-06 11468.884947739474
28.800000000000274 7.614574805795188e-06 12024.454562512052
28.850000000000275 7.96009375820025e-06 12570.076222242737
28.900000000000276 8.298685474219088e-06 13104.758828737444
28.950000000000276 8.629798852517968e-06 13627.632117652354
29.000000000000277 8.95296412870932e-06 14137.954266800743
29.050000000000278 9.267786169498074e-06 14635.101306693321
29.10000000000028 9.573932772521177e-06 15118.548644385382
29.15000000000028 9.871120891087467e-06 15587.849310457914
29.20000000000028 1.0159102449631744e-05 16042.611559680501
29.25000000000028 1.0437651413531008e-05 16482.47845248355
29.30000000000028 1.0706553357949432e-05 16907.11138273852
29.350000000000282 1.0965598422384506e-05 17316.17895202314
29.400000000000283 1.1214578418279437e-05 17709.352402145993
29.450000000000284 1.1453288680409001e-05 18086.308538737856
29.500000000000284 1.1681533574182629e-05 18446.738428036155
29.550000000000285 1.1899133414914012e-05 18790.358323357563
29.600000000000286 1.2105931517674054e-05 19116.920797779552
29.650000000000286 1.2301800634617518e-05 19426.224909559183
29.700000000000287 1.2486648127722937e-05 19718.124370596557
29.750000000000288 1.2660419297578473e-05 19992.53280304274
29.80000000000029 1.2823098588140323e-05 20249.42564177799
29.85000000000029 1.2974708791372808e-05 20488.838878429735
29.90000000000029 1.311530880199443e-05 20710.865515809634
29.95000000000029 1.3244990575713389e-05 20915.650764551665
30.00000000000029 1.336387595800689e-05 21103.387035321128
30.050000000000292 1.3472114232981021e-05 21274.31006812929
30.100000000000293 1.3569880774802374e-05 21428.69680275958
30.150000000000293 1.3657376682306632e-05 21566.86480176459
30.200000000000294 1.3734829161596844e-05 21689.172854641067
30.250000000000295 1.3802492339016235e-05 21796.022261625083
30.300000000000296 1.3860648143243872e-05 21887.858226641718
30.350000000000296 1.39097414547132e-05 21965.383276712397
30.400000000000297 1.3950276290956971e-05 22029.39332442263
30.450000000000298 1.398273054964266e-05 22080.64303551997
30.5000000000003 1.4007539044162276e-05 22119.8190397912
30.5500000000003 1.4025103030235489e-05 22147.55497487102
30.6000000000003 1.403580922507929e-05 22164.461520110905
30.6500000000003 1.4040049819360315e-05 22171.157998187584
30.7000000000003 1.4038238615393202e-05 22168.29785952437
30.750000000000302 1.403082083827392e-05 22156.584175411925
30.800000000000303 1.4018276105417611e-05 22136.774327314466
30.850000000000303 1.4001115633728596e-05 22109.6755966094
30.900000000000304 1.397993409766085e-05 22076.22705555403
30.950000000000305 1.3955348159738387e-05 22037.40249857412
31.000000000000306 1.3927956828863592e-05 21994.147842613547
31.050000000000306 1.389833111994734e-05 21947.36479827671
31.100000000000307 1.3867018387368345e-05 21897.917712953225
31.150000000000308 1.383451421965796e-05 21846.58918868312
31.20000000000031 1.3801297117431182e-05 21794.134843350505
31.25000000000031 1.3767845982534922e-05 21741.310928439536
31.30000000000031 1.3734647344559704e-05 21688.885740684273
31.35000000000031 1.370219141549323e-05 21637.633391827327
31.40000000000031 1.3670965928479122e-05 21588.32407917763
31.450000000000312 1.36414502050311e-05 21541.7147169306
31.500000000000313 1.3614110253679982e-05 21498.54119626171
31.550000000000313 1.3589394378139242e-05 21459.511450019523
31.600000000000314 1.356772902250866e-05 21425.298891734285
31.650000000000315 1.354951509281033e-05 21396.536606820402
31.700000000000315 1.353512516488804e-05 21373.81294346789
31.750000000000316 1.3524900591674797e-05 21357.66694462234
31.800000000000317 1.3519111030219587e-05 21348.524435627343
31.850000000000318 1.3517978491469105e-05 21346.73600211756
31.90000000000032 1.3521699812130101e-05 21352.61247616134
31.95000000000032 1.3530453665485208e-05 21366.436007297347
32.00000000000032 1.3544399530925644e-05 21388.45843528582
32.05000000000032 1.3563674042750187e-05 21418.895524362993
32.100000000000314 1.3588386942503515e-05 21457.920571430055
32.15000000000031 1.3618617699676208e-05 21505.659069676436
32.20000000000031 1.3654413339136088e-05 21562.18527779692
32.250000000000306 1.369578762366837e-05 21627.520929110797
32.3000000000003 1.3742721127417354e-05 21701.63534753632
32.3500000000003 1.3795161503140384e-05 21784.44586962125
32.4000000000003 1.385302356988292e-05 21875.81798299377
32.450000000000294 1.3916189206392062e-05 21975.565158047888
32.50000000000029 1.3984506737456131e-05 22083.44787888973
32.55000000000029 1.405778942860577e-05 22199.17126626479
32.600000000000286 1.4135813305295662e-05 22322.38163374777
32.65000000000028 1.4218314870697136e-05 22452.662883825073
32.70000000000028 1.430498871553768e-05 22589.532733504686
32.75000000000028 1.439548499484758e-05 22732.438729754154
32.800000000000274 1.44894080341656e-05 22880.756048508847
32.85000000000027 1.4586316288960252e-05 23033.787430592558
32.90000000000027 1.4685723217454976e-05 23190.764560027805
32.950000000000266 1.4787100959968053e-05 23350.853874216536
33.00000000000026 1.4889885851524023e-05 23513.165269107143
33.05000000000026 1.4993484486471255e-05 23676.76167605467
33.10000000000026 1.5097279851041905e-05 23840.668745971336
33.150000000000254 1.5200637420820784e-05 24003.88447806342
33.20000000000025 1.5302910789815356e-05 24165.388108902313
33.25000000000025 1.540344617275686e-05 24324.14722217346
33.300000000000246 1.5501586122503847e-05 24479.123618964746
33.35000000000024 1.5596672869152758e-05 24629.278590678565
33.40000000000024 1.5688051195456643e-05 24773.577459711043
33.45000000000024 1.5775070778294454e-05 24910.993276952166
33.500000000000234 1.5857088044969164e-05 25040.509753134254
33.55000000000023 1.593346759111695e-05 25161.1234979044
33.60000000000023 1.6003583510381072e-05 25271.846119561294
33.650000000000226 1.6066821037505746e-05 25371.706819725085
33.70000000000022 1.6122578404166867e-05 25459.755323947764
33.75000000000022 1.6170268662814973e-05 25535.064761810554
33.80000000000022 1.620932137460219e-05 25596.73433239129
33.850000000000215 1.6239184167432845e-05 25643.89176463933
33.90000000000021 1.625932419749865e-05 25675.69562533942
33.95000000000021 1.6269229510507807e-05 25691.33746867851
34.000000000000206 1.6268410175473414e-05 25690.043626652685
34.0500000000002 1.6256399101101154e-05 25671.076498254883
34.1000000000002 1.623275291196899e-05 25633.735933082437
34.1500000000002 1.619705316260729e-05 25577.36114853555
34.200000000000195 1.6148907823153828e-05 25501.333075869657
34.25000000000019 1.6087952866709212e-05 25405.07686684662
34.30000000000019 1.601385383481458e-05 25288.06436583802
34.350000000000186 1.5926307218882475e-05 25149.816291293388
34.40000000000018 1.5825041544200492e-05 24989.903947530092
34.45000000000018 1.570981808666748e-05 24807.950356557845
34.50000000000018 1.5580431216355287e-05 24603.630800609622
34.550000000000175 1.5436708165123865e-05 24376.67245517416
34.60000000000017 1.5278508260188946e-05 24126.853178694546
34.65000000000017 1.5105721889953976e-05 23853.999879475457
34.700000000000166 1.4918269385668647e-05 23557.986749669104
34.75000000000016 1.471609953738819e-05 23238.732921772084
34.80000000000016 1.4499187074397714e-05 22896.198489870974
34.85000000000016 1.4267530330877726e-05 22530.380823409072
34.900000000000155 1.4021150606714877e-05 22141.313557819176
34.95000000000015 1.3760092929003094e-05 21729.067797037995
35.00000000000015 1.348442754518618e-05 21293.75447138241
35.050000000000146 1.3194251667006805e-05 20835.527091483353
35.10000000000014 1.2889690918805587e-05 20354.58403534802
35.15000000000014 1.2570899970792317e-05 19851.169548381746
35.20000000000014 1.2238062372342965e-05 19325.57348014115
35.250000000000135 1.1891389557081202e-05 18778.129713221864
35.30000000000013 1.1531119076323563e-05 18209.213373626957
35.35000000000013 1.1157512145219698e-05 17619.236955786924
35.40000000000013 1.0770851047460562e-05 17008.646224239146
35.450000000000124 1.0371437229714968e-05 16377.917204482696
35.50000000000012 9.959590436440416e-06 15727.554816726368
35.55000000000012 9.535648934232933e-06 15058.093230167742
35.600000000000115 9.099970432136446e-06 14370.097316287502
35.65000000000011 8.652932940310969e-06 13664.164004803873
35.70000000000011 8.194935142444834e-06 12940.92287176246
35.75000000000011 7.726396869032722e-06 12201.03688690694
35.800000000000104 7.247760365055851e-06 11445.204415519398
35.8500000000001 6.759491111806452e-06 10674.160516193497
35.9000000000001 6.262077023179936e-06 9888.675671669958
35.950000000000095 5.756026537434676e-06 9089.552775464384
36.00000000000009 5.241421990916426e-06 8276.921847922447
36.05000000000009 4.718238934273714e-06 7450.74428017584
36.10000000000009 4.186648359663768e-06 6611.290092216169
36.150000000000084 3.646904234520883e-06 5758.960333340595
36.20000000000008 3.0994381041052943e-06 4894.436472509066
36.25000000000008 2.544971775123088e-06 4018.8583411844834
36.300000000000075 1.984361005348849e-06 3133.5772978785762
36.35000000000007 1.41848773937547e-06 2239.986053669029
36.40000000000007 8.481869965326113e-07 1339.4032182280037
36.45000000000007 2.742143849909914e-07 433.02200015185605
36.500000000000064 -3.027523812590888e-07 -478.0873975223977
36.55000000000006 -8.820919798398249e-07 -1392.9438218228415
36.60000000000006 -1.4632101880286269e-06 -2310.6089138377793
36.650000000000055 -2.0455123802907476e-06 -3230.1436785600526
36.70000000000005 -2.6283834609702956e-06 -4150.576795862865
36.75000000000005 -3.21117711415336e-06 -5070.887644564067
36.80000000000005 -3.793213162860211e-06 -5990.002132229635
36.850000000000044 -4.373780427491024e-06 -6906.7972090502235
36.90000000000004 -4.952142552345593e-06 -7820.110068712311
36.95000000000004 -5.527544528274459e-06 -8728.748448555998
37.000000000000036 -6.09921841242376e-06 -9631.499661834045
37.05000000000003 -6.666387353398729e-06 -10527.136953995285
37.10000000000003 -7.228268144231647e-06 -11414.423534170026
37.15000000000003 -7.784073290538754e-06 -12292.115841072544
37.200000000000024 -8.333012910235567e-06 -13158.966542911261
37.25000000000002 -8.874296278405093e-06 -14013.72697694685
37.30000000000002 -9.407132947987548e-06 -14855.148919214495
37.350000000000016 -9.9307333841741e-06 -15681.985586318353
37.40000000000001 -1.044430893720487e-05 -16492.991592475857
37.45000000000001 -1.0947071484013667e-05 -17286.922383625773
37.50000000000001 -1.1438233433612829e-05 -18062.534245931616
37.550000000000004 -1.1917008641347957e-05 -18818.58574951483
37.6 -1.2382614532189253e-05 -19553.84110142209
37.65 -1.2834275567170656e-05 -20267.075619606578
37.699999999999996 -1.3271227756272847e-05 -20957.082859387156
37.74999999999999 -1.3692723637670972e-05 -21622.68247636123
37.79999999999999 -1.4098037301504412e-05 -22262.728159623977
37.84999999999999 -1.4486469429685409e-05 -22876.115590315127
37.899999999999984 -1.4857352771552942e-05 -23461.791088424972
37.94999999999998 -1.5210055584737522e-05 -24018.75704639027
37.99999999999998 -1.5543985620376097e-05 -24546.078222293378
38.049999999999976 -1.5858592896406324e-05 -25042.886119273004
38.09999999999997 -1.6153369848929775e-05 -25508.37922454743
38.14999999999997 -1.6427850804185026e-05 -25941.82217558782
38.19999999999997 -1.6681614421879475e-05 -26342.54961847318
38.249999999999964 -1.691428765752553e-05 -26709.972464960858
38.29999999999996 -1.7125549591644648e-05 -27043.58393932321
38.34999999999996 -1.7315134832280502e-05 -27342.964951381004
38.399999999999956 -1.7482837166430928e-05 -27607.78986261364
38.44999999999995 -1.762851449221525e-05 -27837.834274725625
38.49999999999995 -1.775209357450517e-05 -28032.98253943781
38.54999999999995 -1.7853572798215292e-05 -28193.23210630958
38.599999999999945 -1.793302265148815e-05 -28318.694285754013
38.64999999999994 -1.7990584611617063e-05 -28409.592489757797
38.69999999999994 -1.802646898726472e-05 -28466.25882444939
38.749999999999936 -1.8040952181211448e-05 -28489.129767604343
38.79999999999993 -1.8034373706151535e-05 -28478.741456179738
38.84999999999993 -1.8007133104449828e-05 -28435.72482218878
38.89999999999993 -1.7959686717966856e-05 -28360.80049181308
38.949999999999925 -1.7892544146373337e-05 -28254.773192597102
38.99999999999992 -1.7806264930773634e-05 -28118.526516436246
39.04999999999992 -1.7701456374982403e-05 -27953.019479074814
39.099999999999916 -1.7578771237090762e-05 -27759.28287477344
39.14999999999991 -1.7438904683704095e-05 -27538.414466634196
39.19999999999991 -1.72825907089875e-05 -27291.57333178385
39.24999999999991 -1.7110595764251077e-05 -27019.969801618136
39.299999999999905 -1.692371232181262e-05 -26724.85529826112
39.3499999999999 -1.6722763932934086e-05 -26407.53032173834
39.3999999999999 -1.6508608170957874e-05 -26069.34909759129
39.449999999999896 -1.6282135223183536e-05 -25711.717353258282
39.49999999999989 -1.6044259129124324e-05 -25336.078482083765
39.54999999999989 -1.579590830971595e-05 -24943.89858764424
39.59999999999989 -1.5538020434308426e-05 -24536.65837802669
39.649999999999885 -1.527153193544812e-05 -24115.836608236066
39.69999999999988 -1.4997381059786026e-05 -23682.914897996532
39.74999999999988 -1.4716516766270183e-05 -23239.39178321368
39.799999999999876 -1.4429905452502616e-05 -22786.7933378117
39.84999999999987 -1.4138527456734359e-05 -22326.667649905303
39.89999999999987 -1.3843372157267205e-05 -21860.57708308516
39.94999999999987 -1.3545432609208127e-05 -21390.08980711997
39.999999999999865 -1.3245696586029558e-05 -20916.765651355454
40.04999999999986 -1.2945138757214436e-05 -20442.14375214656
40.09999999999986 -1.264471464310913e-05 -19967.733006743823
40.14999999999986 -1.2345356751977999e-05 -19495.00597317444
40.199999999999854 -1.204797426475691e-05 -19025.398372424977
40.24999999999985 -1.1753448586585145e-05 -18560.302063702118
40.29999999999985 -1.1462621917678173e-05 -18101.04699627837
40.349999999999845 -1.1176278628929256e-05 -17648.871799020977
40.39999999999984 -1.0895143292871431e-05 -17204.92067101169
40.44999999999984 -1.0619885787548309e-05 -16770.251441256496
40.49999999999984 -1.0351127169877142e-05 -16345.84484352881
40.549999999999834 -1.0089446331038636e-05 -15932.615026139805
40.59999999999983 -9.83538048224043e-06 -15531.410319025363
40.64999999999983 -9.589426274848408e-06 -15143.015002586522
40.699999999999825 -9.352049022357457e-06 -14768.163870442011
40.74999999999982 -9.123694240054078e-06 -14407.560452133015
40.79999999999982 -8.904792964716384e-06 -14061.885413656699
40.84999999999982 -8.695758141557434e-06 -13731.790851955819
40.899999999999814 -8.496972986743753e-06 -13417.881917744564
40.94999999999981 -8.308777313351666e-06 -13120.69522232432
40.99999999999981 -8.13145757124537e-06 -12840.683109189547
41.049999999999805 -7.965248531272628e-06 -12578.21631360302
41.0999999999998 -7.810339633445806e-06 -12333.593987241498
41.1499999999998 -7.666870227893766e-06 -12107.036183008204
41.1999999999998 -7.534930774759299e-06 -11898.685749834882
41.249999999999794 -7.4145848723753325e-06 -11708.643118183383
41.29999999999979 -7.3059219393259475e-06 -11537.049492221866
41.34999999999979 -7.208984226272781e-06 -11383.971591520894
41.399999999999785 -7.123742842780359e-06 -11249.363794133415
41.44999999999978 -7.050087371330109e-06 -11133.051735703062
41.49999999999978 -6.987819411468832e-06 -11034.722114792068
41.54999999999978 -6.9366534729356315e-06 -10953.924103250765
41.599999999999774 -6.896225915260043e-06 -10890.083463065119
41.64999999999977 -6.8661098500964814e-06 -10842.526079180036
41.69999999999977 -6.845851265044677e-06 -10810.535003950094
41.749999999999766 -6.8349930129345825e-06 -10793.388339499865
41.79999999999976 -6.833088392572424e-06 -10790.380683578464
41.84999999999976 -6.839612166574916e-06 -10800.682614555537
41.89999999999976 -6.854047476598628e-06 -10823.477942450114
41.949999999999754 -6.875907260212165e-06 -10857.997529099559
41.99999999999975 -6.904791320900818e-06 -10903.60940949861
42.04999999999975 -6.940397713299026e-06 -10959.836770637852
42.099999999999746 -6.9824927995659166e-06 -11026.310666427282
42.14999999999974 -7.030859410934219e-06 -11102.688157695502
42.19999999999974 -7.085251782337919e-06 -11188.581147806166
42.24999999999974 -7.145376049534059e-06 -11283.525584947174
42.299999999999734 -7.210899896519639e-06 -11386.996696720802
42.34999999999973 -7.2814801136831785e-06 -11498.45250823234
42.39999999999973 -7.356793859922856e-06 -11617.383209248284
42.449999999999726 -7.436559316575131e-06 -11743.343769573115
42.49999999999972 -7.520540359773273e-06 -11875.96131734215
42.54999999999972 -7.6085403664940686e-06 -12014.925357922542
42.59999999999972 -7.700392765603006e-06 -12159.972852721932
42.649999999999714 -7.795954413001644e-06 -12310.877757640483
42.69999999999971 -7.895105710878303e-06 -12467.451211384036
42.74999999999971 -7.997756436764363e-06 -12629.550740340846
42.799999999999706 -8.10385335255793e-06 -12797.092274270159
42.8499999999997 -8.213386201887665e-06 -12970.059616959536
42.8999999999997 -8.326390957796765e-06 -13148.509574761852
42.9499999999997 -8.442951629571624e-06 -13332.574809824744
42.999999999999694 -8.56320274121099e-06 -13522.46775393223
43.04999999999969 -8.687331906678148e-06 -13718.484675179943
43.09999999999969 -8.815578184678453e-06 -13921.003079943966
43.149999999999686 -8.948222770827909e-06 -14130.46701454258
43.19999999999968 -9.085573784769493e-06 -14347.36304201329
43.24999999999968 -9.227950809166978e-06 -14572.19582707048
43.29999999999968 -9.37567418839128e-06 -14805.471237268235
43.349999999999675 -9.52906125645974e-06 -15047.69038640082
43.39999999999967 -9.688427057124582e-06 -15299.350771620797
43.44999999999967 -9.854083938020259e-06 -15560.94563254219
43.499999999999666 -1.002633552931051e-05 -15832.954442701053
43.54999999999966 -1.0205465076784885e-05 -16115.824485919973
43.59999999999966 -1.03917235929437e-05 -16409.9521452514
43.64999999999966 -1.0585325413711998e-05 -16715.67588642159
43.699999999999655 -1.0786454185942528e-05 -17033.285712916335
43.74999999999965 -1.0995274700209759e-05 -17363.04185158027
43.79999999999965 -1.1211942592910871e-05 -17705.190073560694
43.849999999999646 -1.1436606529954313e-05 -18059.9651426503
43.89999999999964 -1.1669402357309276e-05 -18427.581578205143
43.94999999999964 -1.1910441940644604e-05 -18808.21603140884
43.99999999999964 -1.2159800499439943e-05 -19201.987284102564
44.049999999999635 -1.2417505076919292e-05 -19608.93804123393
44.09999999999963 -1.2683525321318697e-05 -20029.02037321845
44.14999999999963 -1.2957767098366424e-05 -20462.0856291725
44.199999999999626 -1.3240068424122053e-05 -20907.878014310278
44.24999999999962 -1.3530196629031018e-05 -21366.030111598226
44.29999999999962 -1.3827845367109917e-05 -21836.058158849777
44.34999999999962 -1.4132629607101978e-05 -22317.35413907511
44.399999999999615 -1.4444075799417843e-05 -22809.170252736418
44.44999999999961 -1.4761606657860603e-05 -23310.594886011353
44.49999999999961 -1.5084527138041872e-05 -23820.530468795183
44.549999999999606 -1.5412022614639468e-05 -24337.6905963415
44.5999999999996 -1.574317815714879e-05 -24860.630468308726
44.6499999999996 -1.6077003936301655e-05 -25387.787008968597
44.6999999999996 -1.6412449421961104e-05 -25917.501287623007
44.749999999999595 -1.6748399994293682e-05 -26448.01316718174
44.79999999999959 -1.7083660727032483e-05 -26977.43569571795
44.84999999999959 -1.741693787768876e-05 -27503.725876981905
44.89999999999959 -1.7746827423117533e-05 -28024.666566491855
44.949999999999584 -1.8071813305540377e-05 -28537.86370176424
44.99999999999958 -1.839027148183436e-05 -29040.75269669448
45.04999999999958 -1.8700473013903627e-05 -29530.603321676157
45.099999999999575 -1.900058570340324e-05 -30004.52228505346
45.14999999999957 -1.92886764853241e-05 -30459.457012918963
45.19999999999957 -1.956271542148613e-05 -30892.201955385306
45.24999999999957 -1.9820574519385106e-05 -31299.396721382847
45.299999999999564 -2.0060026142585432e-05 -31677.523568452598
45.34999999999956 -2.0278748037123907e-05 -32022.91534012484
45.39999999999956 -2.0474331513856416e-05 -32331.76838696317
45.449999999999555 -2.0644263528463012e-05 -32600.11426844273
45.49999999999955 -2.078592449395245e-05 -32823.81629859586
45.54999999999955 -2.0896621883832687e-05 -32998.62261001204
45.59999999999955 -2.0973663141827408e-05 -33120.281288247264
45.649999999999544 -2.1014424641898053e-05 -33184.64926912603
45.69999999999954 -2.101635806981852e-05 -33187.70241612011
45.74999999999954 -2.0976981999063415e-05 -33125.52221752456
45.799999999999535 -2.0893892887969258e-05 -32994.313152478564
45.84999999999953 -2.076478665191422e-05 -32790.436756386254
45.89999999999953 -2.0587456562387402e-05 -32510.408303259945
45.94999999999953 -2.0359771101344177e-05 -32150.861834719744
45.999999999999524 -2.0079668236026252e-05 -31708.541119151818
46.04999999999952 -1.974517379150309e-05 -31180.3286644629
46.09999999999952 -1.9354430980093113e-05 -30563.29234907315
46.149999999999515 -1.8905718542673867e-05 -29854.714069524907
46.19999999999951 -1.8397448880494946e-05 -29052.0867903599
46.24999999999951 -1.7828171340265773e-05 -28153.119731721956
46.29999999999951 -1.719659605170247e-05 -27155.77601210217
46.349999999999504 -1.6501638426119367e-05 -26058.34291769807
46.3999999999995 -1.5742475954959722e-05 -24859.521595058217
46.4499999999995 -1.4918597891728777e-05 -23558.505505646197
46.499999999999496 -1.402983337426839e-05 -22155.024834756743
46.54999999999949 -1.307634627896955e-05 -20649.33836561381
46.59999999999949 -1.2058616668909171e-05 -19042.20418344247
46.64999999999949 -1.0977427977600096e-05 -17334.859436858136
46.699999999999484 -9.833868146449516e-06 -15529.022134068893
46.74999999999948 -8.6293481831553e-06 -13626.920449120318
46.79999999999948 -7.365628713839268e-06 -11631.334651343708
46.849999999999476 -6.0448340950456405e-06 -9545.619390130792
46.89999999999947 -4.669448590947807e-06 -7373.697658220635
46.94999999999947 -3.2423200815978127e-06 -5120.066647532508
46.99999999999947 -1.7666994017707009e-06 -2789.859870578887
47.049999999999464 -2.462885102242657e-07 -388.9232263115446
47.09999999999946 1.3147208265320602e-06 2076.1239129191454
47.14999999999946 2.911630199950174e-06 4597.862117723667
47.199999999999456 4.539263117905641e-06 7168.116999389457
47.24999999999945 6.192035418659959e-06 9778.0704031532
47.29999999999945 7.86403096889523e-06 12418.379945745817
47.34999999999945 9.549025668819124e-06 15079.216922734795
47.399999999999444 1.124053160439511e-05 17750.336030931518
47.44999999999944 1.2931821701053506e-05 20421.114299971287
47.49999999999944 1.4615912815379346e-05 23080.524391777013
47.549999999999436 1.628559123009064e-05 25717.17486061517
47.59999999999943 1.793351741428818e-05 28319.475583851396
47.64999999999943 1.9552271135373683e-05 30875.70899983624
47.69999999999943 2.113436748913028e-05 33374.055421593606
47.749999999999424 2.2672295579325385e-05 35802.654117201375
47.79999999999942 2.4158532659834902e-05 38149.6256421388
47.84999999999942 2.558553299048258e-05 40403.05424113341
47.899999999999416 2.6945730592124823e-05 42550.99219881652
47.94999999999941 2.8231573583684975e-05 44581.51406259444
47.99999999999941 2.943556063055937e-05 46482.774199664214
48.04999999999941 3.055028731280059e-05 48243.080018713765
48.099999999999405 3.156854303192327e-05 49851.04499901578
48.1499999999994 3.248343184819926e-05 51295.77950903577
48.1999999999994 3.3288457441432115e-05 52567.024971109466
48.249999999999396 3.397755694265118e-05 53655.20728631269
48.29999999999939 3.454513954830565e-05 54551.49781155255
48.34999999999939 3.498613215203272e-05 55247.885418367354
48.39999999999939 3.529601539522666e-05 55737.23342170348
48.449999999999385 3.547083429882369e-05 56013.29636895705
48.49999999999938 3.550720836531888e-05 56070.73599243969
48.54999999999938 3.54023475511244e-05 55905.146431915586
48.599999999999376 3.515406693239805e-05 55513.077393949694
48.64999999999937 3.4760799359974716e-05 54892.05413577449
48.69999999999937 3.4221602857791706e-05 54040.5891484149
48.74999999999937 3.353616287037636e-05 52958.18570577855
48.799999999999365 3.2704799477972604e-05 51645.34925832693
48.84999999999936 3.1728478613308205e-05 50103.60514588419
48.89999999999936 3.0608822781326295e-05 48335.515525558745
48.949999999999356 2.9348118737951875e-05 46344.691497565254
48.99999999999935 2.7949319887125855e-05 44135.79689046906
49.04999999999935 2.641604205989207e-05 41714.541595787574
49.09999999999935 2.4752550831157e-05 39087.66153942002
49.149999999999345 2.2963741613407437e-05 36262.88724690638
49.19999999999934 2.105511483400415e-05 33248.90464498066
49.24999999999934 1.903274733454406e-05 30055.309897254043
49.299999999999336 1.6903260405266636e-05 26692.55892617265
49.34999999999933 1.46737849839782e-05 23171.912457361625
49.39999999999933 1.2351924655160718e-05 19505.377590159736
49.44999999999933 9.945716598195432e-06 15705.646129525936
49.499999999999325 7.463589729264165e-06 11786.028486379348
49.54999999999932 4.914318077916005e-06 7760.3800528244465
49.59999999999932 2.306967064980899e-06 3643.0163676325883
49.64999999999932 -3.491677172167557e-07 -551.3835581697306
49.699999999999314 -3.0446231117486493e-06 -4807.876106139654
49.74999999999931 -5.769826020836508e-06 -9111.344046202863
49.79999999999931 -8.515148704779782e-06 -13446.583861219979
49.849999999999305 -1.127095052177696e-05 -17798.37165987044
49.8999999999993 -1.4027602653501126e-05 -22151.502221716393
49.9499999999993 -1.6775494594674482e-05 -26490.799245127997
49.9999999999993 -1.950506990673117e-05 -30801.171807204726
50.049999999999294 -2.220685733622106e-05 -35067.66350398894
