# (1): time [s] (2): displacement/rotation [m/rad] (3): support force/ moment [N]/[N m]
0.05 0.0 0.0
0.1 1.2026148770807444e-08 0.4272959910114595
0.15000000000000002 6.168598021882613e-08 2.1917383986716548
0.2 1.8665040218616204e-07 6.631796271173918
0.25 4.3561921798740356e-07 15.477801663771299
0.3 8.677010011882318e-07 30.829916232565257
0.35 1.5520106852196723e-06 55.14383336177444
0.39999999999999997 2.567373118377716e-06 91.22024530216518
0.44999999999999996 4.002036114883529e-06 142.19464770998295
0.49999999999999994 5.953293936841282e-06 211.52396174409833
0.5499999999999999 8.526917147068157e-06 302.9662764087415
0.6 1.1836280434087559e-05 420.5498596732744
0.65 1.6001076828515183e-05 568.5274738399767
0.7000000000000001 2.1145504958041684e-05 751.3119676697222
0.7500000000000001 2.7395818276522442e-05 973.3891990802766
0.8000000000000002 3.4877135422327986e-05 1239.2047053417523
0.8500000000000002 4.370943409845371e-05 1553.0213633300064
0.9000000000000002 5.409278815551782e-05 1921.947912168815
0.9500000000000003 6.626012740405467e-05 2354.2604821576783
1.0000000000000002 8.048574316199754e-05 2859.7048017717552
1.0500000000000003 9.699954727304848e-05 3446.4497712111165
1.1000000000000003 0.00011590915854953761 4118.31914884949
1.1500000000000004 0.00013715888974955647 4873.33433491471
1.2000000000000004 0.0001605157672507124 5703.217642446718
1.2500000000000004 0.00018557904104919652 6593.730193040734
1.3000000000000005 0.00021180963891622855 7525.718439986726
1.3500000000000005 0.00023857351322961677 8476.654306155753
1.4000000000000006 0.0002651911384755689 9422.393858742142
1.4500000000000006 0.0002909857914211601 10338.892731593107
1.5000000000000007 0.0003153253653834014 11203.691810267263
1.5500000000000007 0.00033765511211462945 11997.080570076723
1.6000000000000008 0.000357520771011269 12702.918870193253
1.6500000000000008 0.00037458262478854733 13309.136359864742
1.7000000000000008 0.0003886213344060955 13807.93979668183
1.7500000000000009 0.0003995255662294351 14195.373432500703
1.800000000000001 0.00040725369117319723 14469.958161946346
1.850000000000001 0.00041182211351047896 14632.2768382882
1.900000000000001 0.0004133017566717335 14684.849411851095
1.950000000000001 0.00041181465002548665 14632.01165636862
2.000000000000001 0.00040752963159258515 14479.762483945811
2.0500000000000007 0.0004006571979990474 14235.580960918303
2.1000000000000005 0.00039144369193028526 13908.219784753717
2.1500000000000004 0.0003802465417582645 13510.378591330953
2.2 0.0003675696954105392 13059.962940711357
2.25 0.0003539693229306908 12576.73387481052
2.3 0.00033997164146052825 12079.38819169585
2.3499999999999996 0.00032602089109647786 11583.70999780634
2.3999999999999995 0.00031244340139591334 11101.293970230367
2.4499999999999993 0.00029942165527947285 10638.623832219886
2.499999999999999 0.00028701530066440234 10197.818908622536
2.549999999999999 0.0002751736381739499 9777.077821387393
2.5999999999999988 0.0002637462553676993 9371.056329892379
2.6499999999999986 0.0002525042119821269 8971.62005474064
2.6999999999999984 0.00024117082724058197 8568.938368612833
2.7499999999999982 0.00022945958299273617 8152.831116638056
2.799999999999998 0.0002171142300527347 7714.193617683352
2.849999999999998 0.00020389289266942943 7244.4318870277475
2.8999999999999977 0.0001896485355755062 6738.321676954204
2.9499999999999975 0.00017439080261676503 6196.205638857347
2.9999999999999973 0.00015829843762887874 5624.4346441471835
3.049999999999997 0.0001416990149394724 5034.647597315917
3.099999999999997 0.000125029523259693 4442.3709589078935
3.149999999999997 0.00010878826758436024 3865.309792334959
3.1999999999999966 9.348554478830674e-05 3321.595239411271
3.2499999999999964 7.959797060536225e-05 2828.1617316160728
3.2999999999999963 6.749454506886084e-05 2398.120052620151
3.349999999999996 5.7440070022906356e-05 2040.8787644290471
3.399999999999996 4.959763188743571e-05 1762.2324214554435
3.4499999999999957 4.405209361606394e-05 1565.1962533090984
3.4999999999999956 4.0826121164766485e-05 1450.575594457872
3.5499999999999954 3.988801015950875e-05 1417.2439702355446
3.599999999999995 4.11568818470727e-05 1462.3277119667403
3.649999999999995 4.45081237718598e-05 1581.3992673467187
3.699999999999995 4.978003857135836e-05 1768.7134359729955
3.7499999999999947 5.678181471329351e-05 2017.4905742261838
3.7999999999999945 6.530264698904884e-05 2320.240651653244
3.8499999999999943 7.51216022504984e-05 2669.113786278252
3.899999999999994 8.596737540313237e-05 3054.4703518638826
3.949999999999994 9.756380834572834e-05 3466.498292049741
3.999999999999994 0.00010967643815021973 3896.8670039875688
4.049999999999994 0.00012213621956461382 4339.570212530383
4.099999999999993 0.00013486313653879978 4791.764901340993
4.149999999999993 0.00014786383601219968 5253.68724000466
4.199999999999993 0.0001612068204165937 5727.771159369247
4.249999999999993 0.00017499003691527932 6217.496778548989
4.299999999999993 0.0001893069676315893 6726.185571217013
4.3499999999999925 0.0002042168400093884 7255.941922559596
4.399999999999992 0.00021972251614717797 7806.867524584615
4.449999999999992 0.0002357583569145555 8376.630181190974
4.499999999999992 0.00025218927823070724 8960.430277200014
4.549999999999992 0.0002688207431331998 9551.355802313547
4.599999999999992 0.00028541762369695687 10141.052525956628
4.6499999999999915 0.000301728256130279 10720.578688691108
4.699999999999991 0.00031750916221327975 11281.283369158971
4.749999999999991 0.0003325461353900652 11815.555685079762
4.799999999999991 0.00034666858294793136 12317.334379136333
4.849999999999991 0.00035975566336471273 12782.325882460285
4.899999999999991 0.0003717255773378519 13207.623818728125
4.94999999999999 0.00038252909757723 13591.47911397469
4.99999999999999 0.0003921282631843122 13932.54299561549
5.04999999999999 0.00040049631768358015 14229.8647906678
5.09999999999999 0.0004076213141493205 14483.020017981462
5.14999999999999 0.0004135060941664394 14692.1096407045
5.1999999999999895 0.00041816643433445196 14857.694210502545
5.249999999999989 0.0004216283691690058 14980.698748708375
5.299999999999989 0.0004239252423334357 15062.30797488102
5.349999999999989 0.00042509486881115024 15103.865477156514
5.399999999999989 0.0004251771033124116 15106.787316340567
5.449999999999989 0.00042421204424235905 15072.498211858203
5.4999999999999885 0.0004222390231970966 15002.395637967851
5.549999999999988 0.00041929643368550406 14897.843738148684
5.599999999999988 0.00041542230657754355 14760.1937711103
5.649999999999988 0.0004106554390604006 14590.824223254527
5.699999999999988 0.0004050370338638591 14391.199051296924
5.749999999999988 0.0003986126268738887 14162.93617148756
5.799999999999987 0.0003914340192867552 13907.876110159163
5.849999999999987 0.0003835609700126209 13628.142135801601
5.899999999999987 0.0003750624678505615 13326.185460172817
5.949999999999987 0.0003660174669785774 13004.811370682448
5.999999999999987 0.0003565150366701237 12667.184549906353
6.0499999999999865 0.0003466539374144116 12316.814014896834
6.099999999999986 0.0003365502517408384 11957.824244768795
6.149999999999986 0.0003263302607743305 11594.702080609093
6.199999999999986 0.00031612286233928896 11232.027336343723
6.249999999999986 0.00030605520439933763 10874.317652337622
6.299999999999986 0.00029624321461577737 10525.692005153049
6.349999999999985 0.00028679501029023775 10189.991864775595
6.399999999999985 0.00027781460076981425 9870.91274320071
6.449999999999985 0.00026940312416828707 9572.048135850777
6.499999999999985 0.0002616583001662439 9296.870079248358
6.549999999999985 0.00025467285718698714 9048.673267670483
6.5999999999999845 0.00024853236783766103 8830.498145125459
6.649999999999984 0.00024331289732990684 8645.047352384587
6.699999999999984 0.00023907887021992226 8494.609931028059
6.749999999999984 0.00023588150052367742 8381.005544534575
6.799999999999984 0.00023375801088105754 8305.556734733687
6.849999999999984 0.00023273171150795554 8269.091727019117
6.8999999999999835 0.0002328128530039836 8271.974731097831
6.949999999999983 0.0002340000411158255 8314.156208346632
6.999999999999983 0.00023628192970550903 8395.233023949762
7.049999999999983 0.00023963890016056355 8514.50811730888
7.099999999999983 0.0002440444858773147 8671.041114754806
7.149999999999983 0.0002494663926246848 8863.684583660912
7.199999999999982 0.0002558670764985447 9091.104567494056
7.249999999999982 0.0002632039288827063 9351.787157585168
7.299999999999982 0.0002714291632264511 9644.03447026962
7.349999999999982 0.00028048954549622233 9965.955069680651
7.399999999999982 0.00029032612866433167 10315.454533980204
7.4499999999999815 0.00030088456983075036 10690.602028637228
7.499999999999981 0.0003121045404121396 11089.254044345847
7.549999999999981 0.00032391165331193946 11508.767564729933
7.599999999999981 0.0003362178641558633 11946.014322471261
7.649999999999981 0.00034892761953572954 12397.59924995329
7.699999999999981 0.0003619432203989426 12860.051043577894
7.7499999999999805 0.00037516665060427235 13329.88713340517
7.79999999999998 0.0003885010556893416 13803.666224613797
7.84999999999998 0.0004018506654809777 14277.985547802282
7.89999999999998 0.00041512061603377623 14749.474532363582
7.94999999999998 0.000428217482117941 15214.813726084683
7.99999999999998 0.0004410505682663898 15670.780666793724
8.04999999999998 0.00045353349366325144 16114.306194360934
8.09999999999998 0.0004655826592647922 16542.419986622448
8.14999999999998 0.00047712001729933215 16952.34896130715
8.199999999999982 0.00048807668043165237 17341.645511726354
8.249999999999982 0.0004983928410444739 17708.184638798288
8.299999999999983 0.000508010018952494 18049.888507863685
8.349999999999984 0.0005168751432902413 18364.87148051181
8.399999999999984 0.0005249451214361846 18651.60245108504
8.449999999999985 0.0005321880997526637 18908.94964149458
8.499999999999986 0.0005385828824153082 19136.159951895064
8.549999999999986 0.0005441174085073646 19332.80485096904
8.599999999999987 0.0005487869622546394 19498.716784543853
8.649999999999988 0.0005525925985174082 19633.933232412543
8.699999999999989 0.0005555401209056576 19738.660400179895
8.74999999999999 0.0005576397787607107 19813.262452845145
8.79999999999999 0.0005589066500442135 19858.275119068127
8.84999999999999 0.0005593615076198225 19874.43647065648
8.899999999999991 0.0005590318675373422 19862.72416870472
8.949999999999992 0.0005579529040033896 19824.387973028795
8.999999999999993 0.0005561679770035707 19760.968488885865
9.049999999999994 0.000553728628498203 19674.297031806138
9.099999999999994 0.0005506940284013257 19566.47594290807
9.149999999999995 0.0005471299609837874 19439.842575216375
9.199999999999996 0.0005431075143383535 19296.92272960266
9.249999999999996 0.000538701661448389 19140.380239338614
9.299999999999997 0.0005339899045727902 18972.968804312026
9.349999999999998 0.0005290511059359629 18797.49044476838
9.399999999999999 0.0005239645611397262 18616.762579102186
9.45 0.0005188093072786775 18433.593440797526
9.5 0.0005136636167224512 18250.764092220175
9.55 0.000508604613351129 18071.014789240755
9.600000000000001 0.0005037079462048697 17897.03338581815
9.650000000000002 0.0004990474501885716 17731.443278640774
9.700000000000003 0.0004946947248554622 17576.78844106497
9.750000000000004 0.0004907185973350521 17435.51434063594
9.800000000000004 0.00048718448934167475 17309.945448536633
9.850000000000005 0.0004841537424087405 17202.26126477228
9.900000000000006 0.00048168295330215134 17114.472705026277
9.950000000000006 0.0004798233658404084 17048.400491678414
10.000000000000007 0.00047862037196097696 17005.6574264055
10.050000000000008 0.00047802779246305585 16984.602735611064
10.100000000000009 0.00047787305960642073 16979.104988112842
10.15000000000001 0.000477879640843235 16979.33882324662
10.20000000000001 0.00047771585086236714 16973.51927090892
10.25000000000001 0.00047704868402078347 16949.81444884348
10.300000000000011 0.00047558922577523667 16897.959056959044
10.350000000000012 0.000473123757271367 16810.359541291502
10.400000000000013 0.0004695288807352157 16682.631507874245
10.450000000000014 0.00046477251139292303 16513.63496621621
10.500000000000014 0.0004589045684057149 16305.143572861403
10.550000000000015 0.0004520422186695393 16061.3203350927
10.600000000000016 0.0004443545180748973 15788.17190604941
10.650000000000016 0.0004360471597597293 15493.006681369701
10.700000000000017 0.0004273472158463341 15183.892664316947
10.750000000000018 0.0004184887859476157 14869.14754894247
10.800000000000018 0.0004096999172797117 14556.87398415524
10.85000000000002 0.00040119041044904145 14254.52630631374
10.90000000000002 0.0003931406195671937 13968.51260085854
10.95000000000002 0.0003856923443344654 13703.871092795684
11.000000000000021 0.00037894297180420303 13464.062000210315
11.050000000000022 0.00037294365325385594 13250.902757445361
11.100000000000023 0.00036770171936559466 13064.65382785967
11.150000000000023 0.000363187054996704 12904.245203090952
11.200000000000024 0.00035934167391066273 12767.616598764578
11.250000000000025 0.0003560915986421418 12652.13955293794
11.300000000000026 0.00035335963881795755 12555.071447202215
11.350000000000026 0.00035107740556570275 12473.982385539457
11.400000000000027 0.00034919497194548687 12407.098435025227
11.450000000000028 0.0003476863496691826 12353.49621681717
11.500000000000028 0.00034655119412503664 12313.163486661244
11.55000000000003 0.0003458132531299208 12286.944018165941
11.60000000000003 0.0003455159542525275 12276.380817854406
11.65000000000003 0.00034571559650301096 12283.47422197686
11.700000000000031 0.00034647329404790736 12310.395652062554
11.750000000000032 0.00034784640769663764 12359.18317070109
11.800000000000033 0.0003498805368548136 12431.456951031993
11.850000000000033 0.00035260304479620976 12528.18922592945
11.900000000000034 0.0003560187633842855 12649.551674284567
11.950000000000035 0.0003601081727641959 12794.850744414318
12.000000000000036 0.0003648280156873335 12962.549481366257
12.050000000000036 0.0003701140218593929 13150.36432457405
12.100000000000037 0.00037588520400443624 13355.417749487598
12.150000000000038 0.00038204908140202203 13574.423862855156
12.200000000000038 0.0003885071322218926 13803.88212731447
12.250000000000039 0.00039515989838979497 14040.258740214998
12.30000000000004 0.00040191146802522206 14280.14589721206
12.35000000000004 0.00040867302565548535 14520.387933417178
12.400000000000041 0.0004153652523572372 14758.16660180849
12.450000000000042 0.00042191951043340614 14991.043165484447
12.500000000000043 0.0004282778913037594 15216.960099243073
12.550000000000043 0.00043439232439997446 15434.209428110727
12.600000000000044 0.00044022298279995566 15641.376078611258
12.650000000000045 0.0004457363223886982 15837.268209022372
12.700000000000045 0.00045090305573192635 16020.845219939258
12.750000000000046 0.0004556962973984823 16191.151856511071
12.800000000000047 0.0004600900476071335 16347.264331538798
12.850000000000048 0.0004640581431229006 16488.25305021769
12.900000000000048 0.0004675736561784942 16613.161253469752
12.950000000000049 0.0004706087872802155 16721.001209275706
13.00000000000005 0.00047313519800100493 16810.766037003614
13.05000000000005 0.00047512479692190943 16881.457632361795
13.100000000000051 0.00047655096494344086 16932.130203416993
13.150000000000052 0.0004773899181571669 16961.938694206787
13.200000000000053 0.0004776220143732031 16970.18520641375
13.250000000000053 0.00047723296933507647 16956.36221217989
13.300000000000054 0.0004762149677028823 16920.19202797798
13.350000000000055 0.0004745675836109611 16861.659522555903
13.400000000000055 0.0004722983956844346 16781.033968828342
13.450000000000056 0.00046942321089443625 16678.876997582014
13.500000000000057 0.0004659658704869321 16556.03570201493
13.550000000000058 0.0004619576963214464 16413.622965832496
13.600000000000058 0.0004574366258672919 16252.986729165445
13.650000000000059 0.0004524461064555212 16075.670700704964
13.70000000000006 0.00044703385364622646 15883.370241777839
13.75000000000006 0.0004412510850462616 15677.90514344894
13.800000000000061 0.00043515227394608105 15461.21087309622
13.850000000000062 0.0004287936539344548 15235.285442510456
13.900000000000063 0.00042223040461674164 15002.089414844882
13.950000000000063 0.0004155142357329077 14763.460066937234
14.000000000000064 0.0004086925162311743 14521.080444794934
14.050000000000065 0.0004018090211784011 14276.505901751118
14.100000000000065 0.00039490575001981104 14031.228702279675
14.150000000000066 0.0003880250110594573 13786.7520847866
14.200000000000067 0.0003812110110683132 13544.646741300774
14.250000000000068 0.0003745104725003045 13306.572747515018
14.300000000000068 0.000367972181847082 13074.26351557109
14.350000000000069 0.0003616457009344567 12849.480005679936
14.40000000000007 0.0003555796528965274 12633.949825795416
14.45000000000007 0.000349820007547468 12429.30630988657
14.500000000000071 0.00034440868253327224 12237.038816053577
14.550000000000072 0.0003393826183327645 12058.459860781017
14.600000000000072 0.00033477333825770295 11894.689485488167
14.650000000000073 0.0003306069031631123 11746.653647361034
14.700000000000074 0.0003269041247131268 11615.091796810588
14.750000000000075 0.00032368349781271484 11500.661068460526
14.800000000000075 0.0003209595334529045 11403.877046178146
14.850000000000076 0.00031874089952796413 11325.047705238154
14.900000000000077 0.000317029847354765 11264.253036225395
14.950000000000077 0.00031582243954467323 11221.353141454385
15.000000000000078 0.00031510930116415974 11196.014924138339
15.050000000000079 0.0003148766368085586 11187.748225605475
15.10000000000008 0.0003151072636029228 11195.942528414274
15.15000000000008 0.0003157814604796664 11219.897131677148
15.200000000000081 0.000316877514817054 11258.840573440757
15.250000000000082 0.00031837193819053195 11311.938296455044
15.300000000000082 0.00032023940224211835 11378.290369575732
15.350000000000083 0.0003224524963222451 11456.92287663941
15.400000000000084 0.0003249814275044755 11546.777257813706
15.450000000000085 0.0003277937753508938 11646.70159627036
15.500000000000085 0.0003308543845011315 11755.446801811482
15.550000000000086 0.00033412543702565216 11871.669181623414
15.600000000000087 0.0003375667055326887 11993.939433311976
15.650000000000087 0.00034113596049895116 12120.757117597059
15.700000000000088 0.00034478952825106693 12250.570483714515
15.750000000000089 0.0003484830749432156 12381.80432459297
15.80000000000009 0.0003521723244453314 12512.885483835043
15.85000000000009 0.00035581360747962174 12642.262366854082
15.900000000000091 0.0003593642851445434 12768.4199889249
15.950000000000092 0.0003627830913825794 12889.892143261111
16.000000000000092 0.0003660304195971907 13005.271584680464
16.050000000000093 0.0003690685609332587 13113.218495846182
16.100000000000094 0.00037186188881496187 13212.467044003977
16.150000000000095 0.00037437702081195314 13301.83113218055
16.200000000000095 0.0003765830370969574 13380.21216110782
16.250000000000096 0.0003784517852901443 13446.60986051904
16.300000000000097 0.00037995823229507864 13500.134790082708
16.350000000000097 0.0003810808019965466 13540.020338000804
16.400000000000098 0.00038180164683605306 13565.632370242587
16.4500000000001 0.0003821068206513767 13576.475371633524
16.5000000000001 0.000381986343996086 13572.194766695295
16.5500000000001 0.00038143417808682024 13552.5759939777
16.6000000000001 0.0003804481388563524 13517.54145231448
16.6500000000001 0.000379029781541648 13467.146400170594
16.700000000000102 0.0003771842747390605 13401.574480750787
16.750000000000103 0.00037492026977672824 13321.133080725624
16.800000000000104 0.00037224978121972715 13226.249084510771
16.850000000000104 0.0003691881431566663 13117.467321104552
16.900000000000105 0.0003657538854913005 12995.446168657701
16.950000000000106 0.0003619685207525081 12860.949979709132
17.000000000000107 0.000357856276231207 12714.83956385629
17.050000000000107 0.00035344379801565524 12558.061671958978
17.100000000000108 0.0003487598480759359 12391.638233376647
17.15000000000011 0.00034383500679560446 12216.655786746554
17.20000000000011 0.0003387013805867589 12034.255091378824
17.25000000000011 0.0003333923094048226 11845.620735088258
17.30000000000011 0.0003279420747924004 11651.970760824423
17.35000000000011 0.0003223856133213015 11454.546485101715
17.400000000000112 0.00031675823480796386 11254.602486031115
17.450000000000113 0.00031109533306997866 11053.396326332957
17.500000000000114 0.0003054320829354364 10852.177787904504
17.550000000000114 0.0002998031459848439 10652.178416660823
17.600000000000115 0.0002942424018028973 10454.601973755522
17.650000000000116 0.0002887827015755644 10260.615680743196
17.700000000000117 0.00028345563294436554 10071.341864716607
17.750000000000117 0.0002782912857891065 9887.849636432335
17.800000000000118 0.00027331801239275017 9711.14636883054
17.85000000000012 0.0002685621798613121 9542.168900371289
17.90000000000012 0.0002640479172701409 9381.774550996302
17.95000000000012 0.0002597968655758048 9230.73223635426
18.00000000000012 0.00025582794347256876 9089.714148546616
18.05000000000012 0.00025215714383870357 8959.288523747728
18.100000000000122 0.00024879737257926896 8839.91391619616
18.150000000000123 0.0002457583365743824 8731.935216932128
18.200000000000124 0.0002430464807388326 8635.581417489344
18.250000000000124 0.0002406591206720189 8550.75713956867
18.300000000000125 0.0002385916161284261 8477.297512574893
18.350000000000126 0.000236842604013203 8415.154104963021
18.400000000000126 0.0002354136650426502 8364.383080493459
18.450000000000127 0.00023430594236799215 8325.02505598749
18.500000000000128 0.00023351439091275381 8296.900776972778
18.55000000000013 0.00023302608028684716 8279.550819243608
18.60000000000013 0.00023282116995829085 8272.270237273635
18.65000000000013 0.0002328750516070002 8274.184683279698
18.70000000000013 0.00023316077667174972 8284.33665936329
18.75000000000013 0.0002336509444686302 8301.752603446601
18.800000000000132 0.00023431845206545304 8325.469532741909
18.850000000000133 0.0002351353404144945 8354.494046183541
18.900000000000134 0.0002360721521275253 8387.779505804858
18.950000000000134 0.00023709815838421691 8424.234098924577
19.000000000000135 0.00023818191971230823 8462.740762989035
19.050000000000136 0.00023929186279796863 8502.177679976528
19.100000000000136 0.00024039683627196678 8541.438023799941
19.150000000000137 0.00024146638284927563 8579.43962958362
19.200000000000138 0.00024247076804052837 8615.126013797937
19.25000000000014 0.0002433808071024956 8647.460225710096
19.30000000000014 0.0002441671908963777 8675.400894741053
19.35000000000014 0.0002448006040919121 8697.90643032553
19.40000000000014 0.0002452525148155505 8713.963078566445
19.45000000000014 0.00024549610242296843 8722.617886526448
19.500000000000142 0.0002455070231000038 8723.00590447012
19.550000000000143 0.00024526386561894915 8714.36637914749
19.600000000000144 0.00024474831221197777 8696.048469719502
19.650000000000144 0.00024394507837337303 8667.509108896551
19.700000000000145 0.00024284176447544116 8628.30773076643
19.750000000000146 0.0002414287290631159 8578.10176887866
19.800000000000146 0.0002396990287608799 8516.64452110281
19.850000000000147 0.00023764827755260086 8443.780149760038
19.900000000000148 0.00023527423253941323 8359.42896336209
19.95000000000015 0.00023257674658216639 8263.585733970218
20.00000000000015 0.00022955812414566726 8156.332340546021
20.05000000000015 0.00022622351905862972 8037.851901591507
20.10000000000015 0.00022258113941482898 7908.436055405089
20.15000000000015 0.0002186422197106633 7768.483970113112
20.200000000000152 0.00021442080037995393 7618.494510414346
20.250000000000153 0.00020993322255577056 7459.048286176698
20.300000000000153 0.00020519750743001362 7290.785600725784
20.350000000000154 0.00020023314887120577 7114.39908243564
20.400000000000155 0.00019506126762339077 6930.639163504392
20.450000000000156 0.00018970481467705784 6740.321305840313
20.500000000000156 0.00018418860913844423 6544.32734657994
20.550000000000157 0.00017853915642185737 6343.599038356601
20.600000000000158 0.00017278430337667653 6139.12579576418
20.65000000000016 0.00016695282660714612 5931.930068122312
20.70000000000016 0.00016107403447965411 5723.053198565808
20.75000000000016 0.00015517742422848502 5513.543240814598
20.80000000000016 0.00014929240055294656 5304.444960767604
20.85000000000016 0.0001434480437645572 5096.791598638798
20.900000000000162 0.00013767292448152872 4891.598284945459
20.950000000000163 0.00013199506233279787 4689.860573238646
21.000000000000163 0.00012644203129822738 4492.558182901188
21.050000000000164 0.00012104072732686472 4300.646742490611
21.100000000000165 0.00011581677700097767 4115.036779231802
21.150000000000166 0.0001107939320232426 3936.5722047981253
21.200000000000166 0.00010599371033909679 3766.017564181945
21.250000000000167 0.00010143532800603553 3604.0556149715194
21.300000000000168 9.713580335485522e-05 3451.2910282599464
21.35000000000017 9.311007255134104e-05 3308.254494618474
21.40000000000017 8.937119948522693e-05 3175.4101815721106
21.45000000000017 8.593041449763101e-05 3053.157109607707
21.50000000000017 8.279700322280447e-05 2941.8252026572827
21.55000000000017 7.997821595886707e-05 2841.6720679880746
21.600000000000172 7.747924548184992e-05 2752.8822079226957
21.650000000000173 7.530273605266712e-05 2675.5495745741055
21.700000000000173 7.34482477543947e-05 2609.658537440672
21.750000000000174 7.19121818964755e-05 2555.081232974615
21.800000000000175 7.068811799768535e-05 2511.589537780845
21.850000000000176 6.97672286985182e-05 2478.869810692931
21.900000000000176 6.913861219024418e-05 2456.5347041689597
21.950000000000177 6.87895076165158e-05 2444.130817634644
22.000000000000178 6.870541102803488e-05 2441.142817419407
22.05000000000018 6.887015013088614e-05 2446.9960926077233
22.10000000000018 6.926597926247459e-05 2461.0601295888605
22.15000000000018 6.987370920709277e-05 2482.653124478739
22.20000000000018 7.067285409022174e-05 2511.047202359035
22.25000000000018 7.164179215694105e-05 2545.474129826668
22.300000000000182 7.275794195449255e-05 2585.1315748617494
22.350000000000183 7.399793095754563e-05 2629.189098180356
22.400000000000183 7.533773970854478e-05 2676.7932746240813
22.450000000000184 7.675282992941176e-05 2727.0722450425874
22.500000000000185 7.821825228153258e-05 2779.1395450679943
22.550000000000185 7.970873810110079e-05 2832.097364524452
22.600000000000186 8.119883996980273e-05 2885.041541985536
22.650000000000187 8.266314269219734e-05 2937.0690609220387
22.700000000000188 8.407653651968316e-05 2987.287757506854
22.75000000000019 8.541454219512776e-05 3034.8278696378366
22.80000000000019 8.665364801078313e-05 3078.8540127996243
22.85000000000019 8.777161847878855e-05 3118.5761473043553
22.90000000000019 8.874919388320294e-05 3153.309964354053
22.95000000000019 8.95688252110222e-05 3182.4319374111897
23.000000000000192 9.021373215555546e-05 3205.3458525162005
23.050000000000193 9.067030744907265e-05 3221.5682356109737
23.100000000000193 9.092672428197908e-05 3230.6788733402136
23.150000000000194 9.097147822830688e-05 3232.269006824529
23.200000000000195 9.079301595696413e-05 3225.928139557306
23.250000000000195 9.038008521565911e-05 3211.2564725350817
23.300000000000196 8.972247162820832e-05 3187.8910830901677
23.350000000000197 8.881194084197196e-05 3155.539399931571
23.400000000000198 8.764313573342255e-05 3114.011081375493
23.4500000000002 8.621423160458378e-05 3063.241294852094
23.5000000000002 8.45272702923182e-05 3003.302588000881
23.5500000000002 8.258810201784983e-05 2934.4028225507554
23.6000000000002 8.04059775833992e-05 2856.870684831633
23.6500000000002 7.799291380808295e-05 2771.1331393465384
23.700000000000202 7.536296267998429e-05 2677.6894613238214
23.750000000000203 7.253146529909503e-05 2577.08472888027
23.800000000000203 6.951441116286025e-05 2469.887058067563
23.850000000000204 6.632810084700581e-05 2356.6756177278266
23.900000000000205 6.29891420095997e-05 2238.040487515636
23.950000000000205 5.9509846623795086e-05 2114.4191189268986
24.000000000000206 5.590370656599596e-05 1986.2908860994626
24.050000000000207 5.2189743277756534e-05 1854.3316318051307
24.100000000000207 4.8392296443737545e-05 1719.4061590557587
24.150000000000208 4.45392961201138e-05 1582.5068388305906
24.20000000000021 4.0659423630187616e-05 1444.6527350625229
24.25000000000021 3.677910353267975e-05 1306.782727539326
24.30000000000021 3.2921343266229466e-05 1169.7142838045468
24.35000000000021 2.910628285038484e-05 1034.1629903502358
24.40000000000021 2.5352495809743282e-05 900.7887752007905
24.450000000000212 2.1678151482938692e-05 770.2372054205767
24.500000000000213 1.8101557433736423e-05 643.1587592924765
24.550000000000214 1.4641042306537389e-05 520.2046641064928
24.600000000000215 1.1314446720055436e-05 402.0088073189407
24.650000000000215 8.138561691461416e-06 289.1677834389055
24.700000000000216 5.128701999027915e-06 182.22573535733412
24.750000000000217 2.2984431255550987e-06 81.66500779547586
24.800000000000217 -3.4050541190499615e-07 -12.098353362956262
24.850000000000218 -2.778323634072268e-06 -98.71543859936486
24.90000000000022 -5.007039520649257e-06 -177.90299744194175
24.95000000000022 -7.0204715319422514e-06 -249.44139622576728
25.00000000000022 -8.814163535033214e-06 -313.17230598222653
25.05000000000022 -1.0385448254656639e-05 -369.00095688520184
25.10000000000022 -1.1733972589312526e-05 -416.9148030350669
25.150000000000222 -1.2862012566252614e-05 -456.99471299071234
25.200000000000223 -1.377433063204155e-05 -489.40989922100607
25.250000000000224 -1.4477717540988883e-05 -514.401641136981
25.300000000000225 -1.498084104483942e-05 -532.2779089494021
25.350000000000225 -1.5294196970687644e-05 -543.4116254388947
25.400000000000226 -1.5429935619303865e-05 -548.2344977885048
25.450000000000227 -1.5401599499084564e-05 -547.2276991199304
25.500000000000227 -1.5223820188176028e-05 -540.9110978302145
25.550000000000228 -1.4912033187553953e-05 -529.8331261574631
25.60000000000023 -1.4482284914114926e-05 -514.5639225342433
25.65000000000023 -1.3951186250655665e-05 -495.6936811915986
25.70000000000023 -1.3335984228680776e-05 -473.83519909048584
25.75000000000023 -1.2654640372239925e-05 -449.62665952342405
25.80000000000023 -1.1925758507522905e-05 -423.72906714783693
25.850000000000232 -1.1168318655614787e-05 -396.81679304240674
25.900000000000233 -1.040129028638418e-05 -369.56383339501906
25.950000000000234 -9.643220770176477e-06 -342.62918695443625
26.000000000000234 -8.911873824509624e-06 -316.6440088331997
26.050000000000235 -8.223963714787555e-06 -292.2021665059192
26.100000000000236 -7.595002115174852e-06 -269.85479868796574
26.150000000000237 -7.0392468931540575e-06 -250.10849562130036
26.200000000000237 -6.569718965789681e-06 -233.42589798724106
26.250000000000238 -6.198244662969207e-06 -220.22720209681026
26.30000000000024 -5.935491114950057e-06 -210.89141723065632
26.35000000000024 -5.790979909245821e-06 -205.7568508760854
26.40000000000024 -5.7730772117701675e-06 -205.1207577256159
26.45000000000024 -5.888965121826794e-06 -209.23832190327644
26.50000000000024 -6.144603293505535e-06 -218.32129335070942
26.550000000000242 -6.544693107464963e-06 -232.5367148299754
26.600000000000243 -7.092656890099228e-06 -252.0061835685844
26.650000000000244 -7.790640944791787e-06 -276.8059589616863
26.700000000000244 -8.63954662115775e-06 -306.9680664801428
26.750000000000245 -9.639195354910775e-06 -342.48616163203496
26.800000000000246 -1.0788450923884862e-05 -383.3198737895181
26.850000000000247 -1.2085139902171247e-05 -429.39197987849985
26.900000000000247 -1.3525864189748276e-05 -480.58174344843553
26.950000000000248 -1.510583863806083e-05 -536.7191454156631
27.00000000000025 -1.6818829838384658e-05 -597.5827091787393
27.05000000000025 -1.8657202869086843e-05 -662.9011615755235
27.10000000000025 -2.061203674781082e-05 -732.3575349657933
27.15000000000025 -2.2673259995209286e-05 -805.5939838887391
27.20000000000025 -2.482977792996252e-05 -882.2163079282662
27.250000000000252 -2.7069593206606393e-05 -961.7982344914358
27.300000000000253 -2.9379930397710214e-05 -1043.8858452849831
27.350000000000254 -3.174735930536585e-05 -1128.0019576435343
27.400000000000254 -3.415798891408978e-05 -1213.6530157879033
27.450000000000255 -3.6597780328986576e-05 -1300.340209698243
27.500000000000256 -3.905285122248404e-05 -1387.570292281859
27.550000000000257 -4.150951673008945e-05 -1474.8570324229795
27.600000000000257 -4.395409356569123e-05 -1561.7142550866226
27.650000000000258 -4.6372680740487454e-05 -1647.6480501358562
27.70000000000026 -4.875147549524465e-05 -1732.1679975868797
27.75000000000026 -5.107732561159116e-05 -1814.8067915473237
27.80000000000026 -5.3338124955647544e-05 -1895.1342941092073
27.85000000000026 -5.552293271498334e-05 -1972.7617719066766
27.90000000000026 -5.762188839111994e-05 -2047.338875750678
27.950000000000262 -5.962607224049151e-05 -2118.548682015937
28.000000000000263 -6.15273974973165e-05 -2186.1038632575214
28.050000000000264 -6.331857394436346e-05 -2249.74539385917
28.100000000000264 -6.499318192684405e-05 -2309.2451797895333
28.150000000000265 -6.654576744354592e-05 -2364.409437244883
28.200000000000266 -6.797187039084256e-05 -2415.0796961750466
28.250000000000266 -6.926801569986456e-05 -2461.132485381996
28.300000000000267 -7.04317209612935e-05 -2502.479603433168
28.350000000000268 -7.146156822749115e-05 -2539.070669832459
28.40000000000027 -7.235736442936541e-05 -2570.8988247238494
28.45000000000027 -7.312038507735433e-05 -2598.0093877276977
28.50000000000027 -7.375351955683299e-05 -2620.5050203702162
28.55000000000027 -7.426126827763752e-05 -2638.5456248044156
28.60000000000027 -7.464963009447868e-05 -2652.344343792574
28.650000000000272 -7.492470837805365e-05 -2662.11803361015
28.700000000000273 -7.509350075508332e-05 -2668.115323964079
28.750000000000274 -7.516464785827484e-05 -2670.6432215101004
28.800000000000274 -7.514633427423227e-05 -2669.9925293233014
28.850000000000275 -7.504716622553155e-05 -2666.469031447647
28.900000000000276 -7.487722483190687e-05 -2660.4309158724436
28.950000000000276 -7.46483617846544e-05 -2652.2992800141683
29.000000000000277 -7.437402286069797e-05 -2642.551860069595
29.050000000000278 -7.406881941767421e-05 -2631.7078059894134
29.10000000000028 -7.374798353179001e-05 -2620.308322212553
29.15000000000028 -7.342681003211731e-05 -2608.8968428233743
29.20000000000028 -7.312016934143233e-05 -2598.0017225061592
29.25000000000028 -7.284215008485624e-05 -2588.1235382243112
29.30000000000028 -7.260586007931448e-05 -2579.7280182612494
29.350000000000282 -7.242338226832726e-05 -2573.244476558135
29.400000000000283 -7.23058504032593e-05 -2569.0685017122605
29.450000000000284 -7.226357108222676e-05 -2567.566293089684
29.500000000000284 -7.23061534971764e-05 -2569.07927081367
29.550000000000285 -7.244263591420466e-05 -2573.928569683254
29.600000000000286 -7.268156909876326e-05 -2582.418003318843
29.650000000000286 -7.303101939478589e-05 -2594.834173565356
29.700000000000287 -7.349847860406332e-05 -2611.4432684545272
29.750000000000288 -7.409070037761169e-05 -2632.4852490960097
29.80000000000029 -7.481350470469904e-05 -2658.166903059902
29.85000000000029 -7.567159560311375e-05 -2688.655366807004
29.90000000000029 -7.666842143547016e-05 -2724.073162646724
29.95000000000029 -7.780609183950985e-05 -2764.4952472228415
30.00000000000029 -7.90853541014438e-05 -2809.948172044752
30.050000000000292 -8.050561889211032e-05 -2860.410997907981
30.100000000000293 -8.206501075482995e-05 -2915.817088756735
30.150000000000293 -8.376043025886503e-05 -2976.0563200321176
30.200000000000294 -8.558763727231065e-05 -3040.978037405893
30.250000000000295 -8.754135144231562e-05 -3110.3946269005987
30.300000000000296 -8.961535181228604e-05 -3184.0850543461543
30.350000000000296 -9.180713199649342e-05 -3261.960266414339
30.400000000000297 -9.411443554042286e-05 -3343.9400899768734
30.450000000000298 -9.653194202864915e-05 -3429.8354876099706
30.5000000000003 -9.905039251717207e-05 -3519.317483701596
30.5500000000003 -0.00010165715218435536 -3611.9371557633276
30.6000000000003 -0.00010433743920763509 -3707.1692971274474
30.6500000000003 -0.00010707565707938045 -3804.4597548966776
30.7000000000003 -0.00010985644336519375 -3903.2626929305043
30.750000000000302 -0.00011266524775280976 -4003.061130255435
30.800000000000303 -0.00011548844357863127 -4103.370903667029
30.850000000000303 -0.00011831311778752504 -4203.733204880499
30.900000000000304 -0.00012112884755260039 -4303.777704854497
30.950000000000305 -0.0001239257504632998 -4403.153275851188
31.000000000000306 -0.0001266927978729426 -4501.468063703228
31.050000000000306 -0.00012941784583984621 -4598.290587169621
31.100000000000307 -0.00013208824191713163 -4693.171297526922
31.150000000000308 -0.00013469033232521883 -4785.625068124205
31.20000000000031 -0.00013721072310893148 -4875.176004021228
31.25000000000031 -0.00013963761636847928 -4961.404919044694
31.30000000000031 -0.00014196109072268516 -5043.959300808213
31.35000000000031 -0.0001441729355146815 -5122.547419945223
31.40000000000031 -0.00014626615119783597 -5196.920578533229
31.450000000000312 -0.00014823444051416667 -5266.855031369897
31.500000000000313 -0.00015007200328367236 -5332.144694719786
31.550000000000313 -0.00015177317190909453 -5392.588195588648
31.600000000000314 -0.00015333244285269115 -5447.989990111331
31.650000000000315 -0.00015474488430082962 -5498.174848109514
31.700000000000315 -0.00015600663438552665 -5543.005555189916
31.750000000000316 -0.000157115325474223 -5582.3979880043225
31.800000000000317 -0.00015806878555827468 -5616.274973834872
31.850000000000318 -0.00015886584922379237 -5644.595104854982
31.90000000000032 -0.0001595072444523663 -5667.384246669759
31.95000000000032 -0.00015999587248807697 -5684.745482152043
32.00000000000032 -0.00016033672550989139 -5696.856186295249
32.05000000000032 -0.00016053659560454357 -5703.957685852221
32.100000000000314 -0.00016060368038789717 -5706.341246835139
32.15000000000031 -0.00016054716766635696 -5704.333317296308
32.20000000000031 -0.00016037685665509292 -5698.282068993536
32.250000000000306 -0.00016010284617246006 -5688.54631875832
32.3000000000003 -0.0001597353029466846 -5675.487296298985
32.3500000000003 -0.00015928430731189806 -5659.463161691924
32.4000000000003 -0.00015875977595619108 -5640.826260575463
32.450000000000294 -0.00015817146007235825 -5619.923058444756
32.50000000000029 -0.00015752901028459208 -5597.096447534619
32.55000000000029 -0.00015684206207889864 -5572.688782211382
32.600000000000286 -0.0001561203112778741 -5547.044560635169
32.65000000000028 -0.00015537353994486686 -5520.511345149688
32.70000000000028 -0.00015461157913556513 -5493.438438824697
32.75000000000028 -0.00015384423050120716 -5466.174099972912
32.800000000000274 -0.00015308123108650318 -5439.0642913999045
32.85000000000027 -0.00015233221114750888 -5412.4511816488575
32.90000000000027 -0.00015160657264031826 -5386.668827633851
32.950000000000266 -0.00015091337095727935 -5362.038972659503
33.00000000000026 -0.00015026118813511765 -5338.866541432584
33.05000000000026 -0.00014965799434439272 -5317.434718702649
33.10000000000026 -0.0001491110109672563 -5298.0000843359385
33.150000000000254 -0.00014862658602038715 -5280.7881870205165
33.20000000000025 -0.00014821008493858242 -5265.989663744379
33.25000000000025 -0.00014786579642480217 -5253.756894593318
33.300000000000246 -0.00014759686985853275 -5244.201778834037
33.35000000000024 -0.0001474052959412118 -5237.395047234948
33.40000000000024 -0.0001472919265761076 -5233.366968409737
33.45000000000024 -0.00014725652601645767 -5232.109166140177
33.500000000000234 -0.00014729784197598964 -5233.577145973893
33.55000000000023 -0.00014741368022831751 -5237.692945783855
33.60000000000023 -0.00014760097467884215 -5244.347625463366
33.650000000000226 -0.00014785585360818434 -5253.403620593376
33.70000000000022 -0.00014817370122701697 -5264.696929521119
33.75000000000022 -0.0001485492145753577 -5278.039135024744
33.80000000000022 -0.00014897645730826633 -5293.219315350118
33.850000000000215 -0.00014944891214576983 -5310.005907786865
33.90000000000021 -0.00014995953343425244 -5328.148576204817
33.95000000000021 -0.00015050079813808543 -5347.380022815993
34.000000000000206 -0.00015106474251978913 -5367.41729144187
34.0500000000002 -0.00015164297624076188 -5387.962268520405
34.1000000000002 -0.00015222671011795344 -5408.702669316626
34.1500000000002 -0.00015280682305001623 -5429.314415847323
34.200000000000195 -0.00015337396525799885 -5449.465305082339
34.25000000000019 -0.00015391870398895162 -5468.820185877577
34.30000000000019 -0.00015443172023615315 -5487.047948557935
34.350000000000186 -0.00015490399429509997 -5503.828117828462
34.40000000000018 -0.00015532695591221143 -5518.856187644309
34.45000000000018 -0.00015569258917810035 -5531.847348129036
34.50000000000018 -0.00015599349663105623 -5542.538763208287
34.550000000000175 -0.0001562229273359343 -5550.690568268881
34.60000000000017 -0.00015637478118341722 -5556.086022914064
34.65000000000017 -0.00015644360471513718 -5558.531362627687
34.700000000000166 -0.00015642458961443768 -5557.855745150104
34.75000000000016 -0.0001563135780325877 -5553.911439721628
34.80000000000016 -0.0001561070732030501 -5546.574204213607
34.85000000000016 -0.00015580225905978894 -5535.743982178166
34.900000000000155 -0.00015539703340351646 -5521.346081264074
34.95000000000015 -0.0001548900505850442 -5503.332689780781
35.00000000000015 -0.00015428076496711626 -5481.684420922381
35.050000000000146 -0.00015356946475917789 -5456.411514936429
35.10000000000014 -0.0001527572892147543 -5427.554450156709
35.15000000000014 -0.00015184623237176798 -5395.184075898859
35.20000000000014 -0.00015083913898841916 -5359.401468059872
35.250000000000135 -0.00014973969627346577 -5320.337635290174
35.30000000000013 -0.0001485524249353048 -5278.1532009623315
35.35000000000013 -0.00014728268837636184 -5233.038729853009
35.40000000000013 -0.00014593670346491877 -5185.2151108722055
35.450000000000124 -0.0001445215136475924 -5134.9326017341455
35.50000000000012 -0.00014304492101773159 -5082.4684153083
35.55000000000012 -0.0001415153865037105 -5028.123173251978
35.600000000000115 -0.0001399419060796608 -4972.216507706354
35.65000000000011 -0.00013833386990821464 -4915.082056557017
35.70000000000011 -0.0001367009131593558 -4857.062162941844
35.75000000000011 -0.00013505276862213508 -4798.502638460378
35.800000000000104 -0.00013339913037391075 -4739.747919263434
35.8500000000001 -0.00013174953273118595 -4681.136765106646
35.9000000000001 -0.0001301132474616671 -4622.998607235714
35.950000000000095 -0.0001284992018092528 -4565.650635767057
36.00000000000009 -0.00012691351966255453 -4509.3104359894405
36.05000000000009 -0.00012536114950032046 -4454.153830202342
36.10000000000009 -0.00012384765703077986 -4400.378571224125
36.150000000000084 -0.00012237914449623235 -4348.201475237635
36.20000000000008 -0.00012096332528444089 -4297.896603351797
36.25000000000008 -0.00011960955174420684 -4249.796249905017
36.300000000000075 -0.00011832746099032411 -4204.2428271353965
36.35000000000007 -0.00011712538763630538 -4161.532468660476
36.40000000000007 -0.00011600924655871812 -4121.8753334507455
36.45000000000007 -0.00011498224541657033 -4085.3853914778692
36.500000000000064 -0.00011404539245928722 -4052.0984664245193
36.55000000000006 -0.00011319842860889406 -4022.0053531010653
36.60000000000006 -0.00011244072892307067 -3995.083846947002
36.650000000000055 -0.00011177186311274763 -3971.318659543913
36.70000000000005 -0.00011119171767124237 -3950.705757934005
36.75000000000005 -0.00011070024831984275 -3933.2435688691376
36.80000000000005 -0.0001102970294752858 -3918.916971130908
36.850000000000044 -0.00010998080419300273 -3907.6813047549845
36.90000000000004 -0.00010974919697290838 -3899.452166855422
36.95000000000004 -0.00010959864817113629 -3894.103081235847
37.000000000000036 -0.00010952452542610806 -3891.469457421862
37.05000000000003 -0.00010952131547962209 -3891.3554061747873
37.10000000000003 -0.00010958280055358184 -3893.540006258383
37.15000000000003 -0.00010970216488285115 -3897.7810896125457
37.200000000000024 -0.00010987203066293035 -3903.8165185949365
37.25000000000002 -0.00011008446155532148 -3911.3643105286314
37.30000000000002 -0.00011033099356187134 -3920.1237346853054
37.350000000000016 -0.00011060274299854443 -3929.7791486555616
37.40000000000001 -0.00011089059525462953 -3940.0067050722373
37.45000000000001 -0.00011118542903962429 -3950.4823192313443
37.50000000000001 -0.00011147831441213869 -3960.888705173042
37.550000000000004 -0.00011176064176484961 -3970.919958591351
37.6 -0.00011202416818282063 -3980.2832039719474
37.65 -0.00011226099460229836 -3988.6977830310457
37.699999999999996 -0.00011246351231480971 -3995.8933539751674
37.74999999999999 -0.00011262436358004144 -4001.6084920540743
37.79999999999999 -0.00011273644737743174 -4005.5908939181254
37.84999999999999 -0.00011279298318651579 -4007.5996437706835
37.899999999999984 -0.00011278759318887385 -4007.4081340506677
37.94999999999998 -0.00011271437786928306 -4004.8067515850103
37.99999999999998 -0.00011256801346795478 -3999.6063401227657
38.049999999999976 -0.00011234390609083664 -3991.6436759628873
38.09999999999997 -0.00011203821182824483 -3980.7821827808175
38.14999999999997 -0.00011164764511697905 -3966.9051226240776
38.19999999999997 -0.00011116924968826736 -3949.907457560851
38.249999999999964 -0.00011060032598431511 -3929.693270748171
38.29999999999996 -0.00010993857959819961 -3906.181040586853
38.34999999999996 -0.00010918243062822699 -3879.3146322599378
38.399999999999956 -0.00010833137837941975 -3849.076255786552
38.44999999999995 -0.00010738633417608067 -3815.498291043954
38.49999999999995 -0.00010634979925060095 -3778.669608259323
38.54999999999995 -0.00010522583603198486 -3738.734547874506
38.599999999999945 -0.00010401986213826401 -3695.885600977868
38.64999999999994 -0.00010273833160904342 -3650.3520833130947
38.69999999999994 -0.00010138838348234668 -3602.387649012136
38.749999999999936 -9.997753609590439e-05 -3552.2594289439494
38.79999999999993 -9.851348257348361e-05 -3500.2407642260173
38.84999999999993 -9.700402170863071e-05 -3446.6087504839297
38.89999999999993 -9.545712680985094e-05 -3391.6466839602595
38.949999999999925 -9.388104182089208e-05 -3335.64747672359
38.99999999999992 -9.228429304823947e-05 -3278.9140733531676
39.04999999999992 -9.06756077168351e-05 -3221.7565571767004
39.099999999999916 -8.906371117398012e-05 -3164.4849448082364
39.14999999999991 -8.745695713436387e-05 -3107.3960485411235
39.19999999999991 -8.586301721972451e-05 -3050.762445513376
39.24999999999991 -8.428889817225856e-05 -2994.833089310025
39.299999999999905 -8.274132894534626e-05 -2939.8470635194985
39.3499999999999 -8.122713251722201e-05 -2886.0467924874342
39.3999999999999 -7.975343390740693e-05 -2833.685432260318
39.449999999999896 -7.832736993771648e-05 -2783.0165582269474
39.49999999999989 -7.695537316731421e-05 -2734.268722918554
39.54999999999989 -7.564279222372707e-05 -2687.6319661511443
39.59999999999989 -7.439390028504633e-05 -2643.258116402986
39.649999999999885 -7.321177527327387e-05 -2601.2565340152078
39.69999999999988 -7.20981177347325e-05 -2561.687640377909
39.74999999999988 -7.105317821329771e-05 -2524.560337459259
39.799999999999876 -7.007582842682037e-05 -2489.8345367447846
39.84999999999987 -6.916358303159562e-05 -2457.4219325414833
39.89999999999987 -6.831250684766476e-05 -2427.1827056393727
39.94999999999987 -6.751710625263928e-05 -2398.9216644715193
39.999999999999865 -6.677058904896767e-05 -2372.397478347673
40.04999999999986 -6.606569725926149e-05 -2347.35226715176
40.09999999999986 -6.539545895628017e-05 -2323.5383142941805
40.14999999999986 -6.47532826202138e-05 -2300.7214192804026
40.199999999999854 -6.41327189355139e-05 -2278.6724342151897
40.24999999999985 -6.352725221819212e-05 -2257.1598530944175
40.29999999999985 -6.29300977788125e-05 -2235.942611995505
40.349999999999845 -6.233378136809112e-05 -2214.7551465373945
40.39999999999984 -6.173006916443272e-05 -2193.3049042974085
40.44999999999984 -6.111030242454853e-05 -2171.284235140413
40.49999999999984 -6.0465934878102515e-05 -2148.389485160051
40.549999999999834 -5.978901128407475e-05 -2124.3380000619077
40.59999999999983 -5.907188716628696e-05 -2098.8581672053433
40.64999999999983 -5.830733918434159e-05 -2071.693337146516
40.699999999999825 -5.748897195994414e-05 -2042.6162784118826
40.74999999999982 -5.661143972900698e-05 -2011.4370529250841
40.79999999999982 -5.5670179125154915e-05 -1977.9935216510228
40.84999999999982 -5.4660852200040884e-05 -1942.1315547869465
40.899999999999814 -5.357905264018814e-05 -1903.6945934776772
40.94999999999981 -5.242037813320736e-05 -1862.5262210289782
40.99999999999981 -5.118069710086292e-05 -1818.4796400869932
41.049999999999805 -4.9856873224669404e-05 -1771.443415449905
41.0999999999998 -4.8447495309663705e-05 -1721.3674065480466
41.1499999999998 -4.695297367004683e-05 -1668.266192081257
41.1999999999998 -4.537514338501204e-05 -1612.204973469992
41.249999999999794 -4.3718122445175944e-05 -1553.3300652921791
41.29999999999979 -4.1988708575846495e-05 -1491.882994642439
41.34999999999979 -4.019387385239759e-05 -1428.1114833736333
41.399999999999785 -3.833901170001545e-05 -1362.2071629884
41.44999999999978 -3.6427452611003854e-05 -1294.2883677961356
41.49999999999978 -3.4460894828884444e-05 -1224.4154373670876
41.54999999999978 -3.244039884093188e-05 -1152.6260514247995
41.599999999999774 -3.036743852765633e-05 -1078.9725777925228
41.64999999999977 -2.824467881917023e-05 -1003.5497029717363
41.69999999999977 -2.607707587031501e-05 -926.5335219979277
41.749999999999766 -2.387217257083225e-05 -848.1920380871422
41.79999999999976 -2.1639803629529537e-05 -768.8746841065711
41.84999999999976 -1.9389153475036584e-05 -688.9077880942251
41.89999999999976 -1.7130370723543505e-05 -608.6519362273582
41.949999999999754 -1.4874414004714793e-05 -528.4964949284099
41.99999999999975 -1.2633115320085701e-05 -448.86186202531405
42.04999999999975 -1.041824048976907e-05 -370.16608388195584
42.099999999999746 -8.239959113646673e-06 -292.7704922382369
42.14999999999974 -6.10626276984003e-06 -216.95903246671654
42.19999999999974 -4.023186175224951e-06 -142.94612153304735
42.24999999999974 -1.995497147802839e-06 -70.9011627563382
42.299999999999734 -2.7540321160192516e-08 -0.9785234697481816
42.34999999999973 1.8759779611552528e-06 66.65457723035229
42.39999999999973 3.7089048277913846e-06 131.7795242817291
42.449999999999726 5.463449934377956e-06 194.11952226288497
42.49999999999972 7.130829923299625e-06 253.36249341990361
42.54999999999972 8.702250943884681e-06 309.1959871745338
42.59999999999972 1.016977823286159e-05 361.3380768185526
42.649999999999714 1.1526784684466114e-05 409.5532974679782
42.69999999999971 1.2767896179773847e-05 453.6507035827727
42.74999999999971 1.3888589933919548e-05 493.46959801225586
42.799999999999706 1.4884695542799597e-05 528.8618038971242
42.8499999999997 1.5751986530285965e-05 559.6771521067584
42.8999999999997 1.6485923527336445e-05 585.7543562451206
42.9499999999997 1.7081496716130705e-05 606.9154146001813
42.999999999999694 1.753313441666011e-05 622.9623621728158
43.04999999999969 1.7834802087233422e-05 633.68078822178
43.09999999999969 1.798040858806998e-05 638.8542710431213
43.149999999999686 1.7964443303674245e-05 638.2870152950289
43.19999999999968 1.7782601300228325e-05 631.826064199983
43.24999999999968 1.7432098104618252e-05 619.3724838248223
43.29999999999968 1.6911665961145043e-05 600.8812300795328
43.349999999999675 1.622129826955047e-05 576.3520684531386
43.39999999999967 1.53618976211653e-05 545.8170685353739
43.44999999999967 1.4335019706627447e-05 509.3315049104386
43.499999999999666 1.314279934241138e-05 466.97122883699166
43.54999999999966 1.1788007140974506e-05 418.8346817710852
43.59999999999966 1.0274084968922896e-05 365.04415521521076
43.64999999999966 8.605024053084861e-06 305.7414597569021
43.699999999999655 6.785063832172551e-06 241.0772250948568
43.74999999999965 4.818395397499692e-06 171.20036311686601
43.79999999999965 2.7090800237270534e-06 96.25517325028724
43.849999999999646 4.6117656878143066e-07 16.38586905452819
43.89999999999964 -1.9211103806859053e-06 -68.25815808550583
43.94999999999964 -4.43335086035923e-06 -157.5195089867091
43.99999999999964 -7.071002019563944e-06 -251.23677354864017
44.049999999999635 -9.829599164959447e-06 -349.25131864594096
44.09999999999963 -1.2704847367211144e-05 -451.41054296614436
44.14999999999963 -1.5692722201048928e-05 -557.5714563619626
44.199999999999626 -1.8789557319143264e-05 -667.6037914015337
44.24999999999962 -2.1991981356003225e-05 -781.3877615275844
44.29999999999962 -2.5296651123844918e-05 -898.8045813529988
44.34999999999962 -2.8699923842496638e-05 -1019.7248208006032
44.399999999999615 -3.2197761954587875e-05 -1144.0050231320208
44.44999999999961 -3.5786097314982515e-05 -1271.5006448079487
44.49999999999961 -3.94609338324024e-05 -1402.069702404149
44.549999999999606 -4.321775685569969e-05 -1535.5517877656046
44.5999999999996 -4.705133001960114e-05 -1671.7608498188276
44.6499999999996 -5.0955704392502235e-05 -1810.4855195982543
44.6999999999996 -5.492410528331304e-05 -1951.485088428294
44.749999999999595 -5.8948701078144356e-05 -2094.4812945576764
44.79999999999959 -6.302044615321994e-05 -2239.152741764764
44.84999999999959 -6.712922008206698e-05 -2385.1398454691916
44.89999999999959 -7.12643472066493e-05 -2532.0632933934216
44.949999999999584 -7.541533683835076e-05 -2679.550345329923
44.99999999999958 -7.957246098090527e-05 -2827.255359969554
45.04999999999958 -8.372682742903033e-05 -2974.862392138105
45.099999999999575 -8.786998748476946e-05 -3122.071254732051
45.14999999999957 -9.19936398183518e-05 -3268.586996724363
45.19999999999957 -9.608944733900279e-05 -3414.113396478958
45.24999999999957 -0.00010014833562439379 -3558.328034545048
45.299999999999564 -0.00010416031980289916 -3700.876142684047
45.34999999999956 -0.00010811480585494267 -3841.3813092799096
45.39999999999956 -0.00011200238458566841 -3979.509220221177
45.449999999999555 -0.00011581737087706387 -4115.057879991125
45.49999999999955 -0.00011955744443925902 -4247.944847354546
45.54999999999955 -0.00012322145896800004 -4378.12939346121
45.59999999999955 -0.00012680733415835715 -4505.53760387903
45.649999999999544 -0.00013031065545962724 -4630.0126270794335
45.69999999999954 -0.00013372403058458927 -4751.291810840653
45.74999999999954 -0.00013703801086711238 -4869.0394386141015
45.799999999999535 -0.00014024402277983282 -4982.9508880355315
45.84999999999953 -0.00014333638406705096 -5092.8242652878425
45.89999999999953 -0.00014631186804375218 -5198.5449243943995
45.94999999999953 -0.0001491678095760636 -5300.018171613996
45.999999999999524 -0.00015190034226399412 -5397.106631528506
46.04999999999952 -0.00015450364882779825 -5489.603612838729
46.09999999999952 -0.00015696997011558288 -5577.233428409839
46.149999999999515 -0.00015929021334400368 -5659.67300641359
46.19999999999951 -0.0001614549069743628 -5736.585817625919
46.24999999999951 -0.000163455049229849 -5807.652023733103
46.29999999999951 -0.00016528247447240006 -5872.581494912661
46.349999999999504 -0.00016692963510915137 -5931.106060843876
46.3999999999995 -0.00016838898779666911 -5982.957702190756
46.4499999999995 -0.00016965229625246506 -6027.843779093681
46.499999999999496 -0.00017071062180600138 -6065.446695441164
46.54999999999949 -0.00017155510288824037 -6095.451594582414
46.59999999999949 -0.000172178255997513 -6117.592583393801
46.64999999999949 -0.0001725747067262775 -6131.678706080545
46.699999999999484 -0.00017274087260061064 -6137.582675281211
46.74999999999948 -0.000172674025928466 -6135.207574526661
46.79999999999948 -0.00017237104679237802 -6124.442551352762
46.849999999999476 -0.00017182710705412933 -6105.116059228394
46.89999999999947 -0.00017103475857639796 -6076.963461545543
46.94999999999947 -0.00016998352849117705 -6039.61265127319
46.99999999999947 -0.0001686617295039035 -5992.648372105448
47.049999999999464 -0.00016705928101750248 -5935.712454623399
47.09999999999946 -0.0001651696350167545 -5868.572244075659
47.14999999999946 -0.00016298920926434538 -5791.100461507647
47.199999999999456 -0.0001605146635189265 -5703.1784262207875
47.24999999999945 -0.00015773988170995475 -5604.5888307067835
47.29999999999945 -0.00015465594735143543 -5495.014867083737
47.34999999999945 -0.00015125283508754466 -5374.100328686185
47.399999999999444 -0.00014751915847015758 -5241.4406484554365
47.44999999999944 -0.00014344209344897436 -5096.580180499686
47.49999999999944 -0.00013900812943805165 -4939.038885920378
47.549999999999436 -0.0001342034551878294 -4768.326043067519
47.59999999999943 -0.00012901391856492934 -4583.938818492758
47.64999999999943 -0.00012342601396680855 -4385.397350360629
47.69999999999943 -0.000117427241814674 -4172.257521438807
47.749999999999424 -0.00011100750529029932 -3944.1605859615183
47.79999999999942 -0.00010416150723257422 -3700.918332744176
47.84999999999942 -9.688889100356619e-05 -3442.5180902356706
47.899999999999416 -8.91916387756871e-05 -3169.030286163217
47.94999999999941 -8.10706265732741e-05 -2880.4860461759686
47.99999999999941 -7.252333305835754e-05 -2576.7957856839657
48.04999999999941 -6.354423526302007e-05 -2257.7632704567377
48.099999999999405 -5.4126787957805744e-05 -1923.1559447226844
48.1499999999994 -4.426554214583692e-05 -1572.780202484971
48.1999999999994 -3.395800277505503e-05 -1206.547393107196
48.249999999999396 -2.320597090611408e-05 -824.5215093115265
48.29999999999939 -1.2014454501382534e-05 -426.8804868847185
48.34999999999939 -3.9078223236019754e-07 -13.884717745331027
48.39999999999939 1.1653672294648603e-05 414.0616873252211
48.449999999999385 2.4102610320950283e-05 856.3796240450138
48.49999999999938 3.693782033954349e-05 1312.4220270833032
48.54999999999938 5.014168865302793e-05 1781.5630716287164
48.599999999999376 6.369287173359235e-05 2263.044409847579
48.64999999999937 7.756376960118308e-05 2755.885398555303
48.69999999999937 9.172138191241998e-05 3258.9135165485454
48.74999999999937 0.00010612955339678472 3770.8441462459964
48.799999999999365 0.00012075081397058358 4290.345953997099
48.84999999999936 0.00013554757004465384 4816.083217930861
48.89999999999936 0.00015048237930329042 5346.725591009352
48.949999999999356 0.0001655175306326211 5880.933175640976
48.99999999999935 0.00018061440435501134 6417.3337924404705
49.04999999999935 0.00019573344385270336 6954.521972000464
49.09999999999935 0.00021083398468745945 7491.052883414002
49.149999999999345 0.0002258740764891869 8025.436005874824
49.19999999999934 0.00024081063949299544 8556.140690529159
49.24999999999934 0.000255600167272157 9081.621128982444
49.299999999999336 0.0002702001712916326 9600.367679117984
49.34999999999933 0.00028457039358268575 10110.949952124263
49.39999999999933 0.0002986731771589083 10612.029973589651
49.44999999999933 0.0003124733617439213 11102.358478647575
49.499999999999325 0.00032593834720459 11580.777165795167
49.54999999999932 0.00033903856080152084 12046.235298572492
49.59999999999932 0.0003517481258589988 12497.81346379047
49.64999999999932 0.00036404537320965455 12934.74174345441
49.699999999999314 0.000375913112886599 13356.409368142002
49.74999999999931 0.0003873393382777537 13762.389736012168
49.79999999999931 0.00039831802970856844 14152.468964561744
49.849999999999305 0.0004088482852485603 14526.615007681301
49.8999999999993 0.00041893230023234447 14884.905866873887
49.9499999999993 0.0004285729869037817 15227.445015840873
49.9999999999993 0.0004377745120395638 15554.380502557531
50.049999999999294 0.00044654374705445225 15865.9564723472
