# (1): time [s] (2): displacement/rotation [m/rad] (3): support force/ moment [N]/[N m]
0.05 0.0 0.0
0.1 2.62192807586433e-09 1.4090240421466798
0.15000000000000002 1.3351047483933185e-08 7.174852379008281
0.2 4.004896986907103e-08 21.52231479123494
0.25 9.253674607362149e-08 49.729243605117794
0.3 1.8224110082057856e-07 97.9363602256034
0.35 3.218688312689956e-07 172.97229693311195
0.39999999999999997 5.250933760891625e-07 282.18515911718794
0.44999999999999996 8.062411278964085e-07 433.2739495910863
0.49999999999999994 1.1799647585572869e-06 634.1130136245009
0.5499999999999999 1.6608901972629177e-06 892.5623249744272
0.6 2.2632234604860726e-06 1216.2561963199678
0.65 3.0003036944072966e-06 1612.363084280171
0.7000000000000001 3.884089147553754e-06 2087.3093511308916
0.7500000000000001 4.924564204317402e-06 2646.460604641391
0.8000000000000002 6.129058794364384e-06 3293.755948718413
0.8500000000000002 7.501477436252759e-06 4031.29367147747
0.9000000000000002 9.061104727834801e-06 4869.437315026035
0.9500000000000003 1.083189439333226e-05 5821.059609794087
1.0000000000000002 1.2844180131805747e-05 6902.46188443251
1.0500000000000003 1.5115436816973169e-05 8123.035135372008
1.1000000000000003 1.7633599161143933e-05 9476.295477494621
1.1500000000000004 2.0349038868604872e-05 10935.572666687125
1.2000000000000004 2.3173324228603008e-05 12453.343505160034
1.2500000000000004 2.5983827875344875e-05 13963.708051485262
1.3000000000000005 2.8633263926581706e-05 15387.514878486883
1.3500000000000005 3.096262442263187e-05 16639.31311504966
1.4000000000000006 3.281553856913574e-05 17635.069102595953
1.4500000000000006 3.4052103013511314e-05 18299.5987850948
1.5000000000000007 3.456067278159535e-05 18572.904157936937
1.5500000000000007 3.42667153900623e-05 18414.9314675914
1.6000000000000008 3.313837731583343e-05 17808.562632041303
1.6500000000000008 3.1188783946468404e-05 16760.85123403146
1.7000000000000008 2.8475298701306962e-05 15302.62437279982
1.7500000000000009 2.5093397330589978e-05 13485.190712672367
1.800000000000001 2.1164317334438335e-05 11373.703281320832
1.850000000000001 1.682834972359081e-05 9043.554462253991
1.900000000000001 1.223984578272558e-05 6577.692629628175
1.950000000000001 7.5619168790242195e-06 4063.773825583476
2.000000000000001 2.960864259607856e-06 1591.1683336107544
2.0500000000000007 -1.39944439543342e-06 -752.0613616233866
2.1000000000000005 -5.363061141418923e-06 -2882.1088409417116
2.1500000000000004 -8.769164436263475e-06 -4712.548614118514
2.2 -1.1448396918178693e-05 -6152.368041764096
2.25 -1.3247636772751915e-05 -7119.279466993195
2.3 -1.4051149441682497e-05 -7551.087142846168
2.3499999999999996 -1.3793377066944286e-05 -7412.560279065722
2.3999999999999995 -1.2466535947028294e-05 -6699.515914775084
2.4499999999999993 -1.0124263820681989e-05 -5440.778968612285
2.499999999999999 -6.872998321778608e-06 -3693.5490207249086
2.549999999999999 -2.865022449713159e-06 -1539.6629488415851
2.5999999999999988 1.7093633952771278e-06 918.6118196308522
2.6499999999999986 6.632403884028856e-06 3564.2535795887484
2.6999999999999984 1.1671976250653399e-05 6272.519566012188
2.7499999999999982 1.6596164327958482e-05 8918.77804001234
2.799999999999998 2.1187916572166705e-05 11386.385510723576
2.849999999999998 2.5247062489092613e-05 13567.770362649651
2.8999999999999977 2.8612637285309976e-05 15376.430122299962
2.9499999999999975 3.117936095894635e-05 16755.787320917425
2.9999999999999973 3.2902310957656994e-05 17681.700580685083
3.049999999999997 3.379294168838991e-05 18160.325499434486
3.099999999999997 3.390961590134712e-05 18223.02621676864
3.149999999999997 3.3345224732410334e-05 17919.722425361226
3.1999999999999966 3.221386369204881e-05 17311.729047933448
3.2499999999999964 3.0637976867235484e-05 16464.84753188264
3.2999999999999963 2.872967671198609e-05 15439.327105471915
3.349999999999996 2.6588905270100442e-05 14288.876619005567
3.399999999999996 2.4302383181251098e-05 13060.099740743526
3.4499999999999957 2.194652666979767e-05 11794.062546572435
3.4999999999999956 1.9588933927141215e-05 10527.092301822911
3.5499999999999954 1.728829012866181e-05 9290.726417375636
3.599999999999995 1.5093931668544483e-05 8111.478269474394
3.649999999999995 1.3045667082680732e-05 7010.740963700575
3.699999999999995 1.1174044529090573e-05 6004.93107894119
3.7499999999999947 9.501086609847728e-06 5105.883560661812
3.7999999999999945 8.041436569631191e-06 4321.467687961919
3.8499999999999943 6.8038096746119204e-06 3656.3670445300318
3.899999999999994 5.782088694900199e-06 3107.2942312703103
3.949999999999994 4.964881964678061e-06 2668.1273674319564
3.999999999999994 4.345267137634152e-06 2335.146384386638
4.049999999999994 3.9253489224020964e-06 2109.4823524691183
4.099999999999993 3.7209720910691383e-06 1999.6502515595753
4.149999999999993 3.7599221345268065e-06 2020.5820033416755
4.199999999999993 4.075603327252243e-06 2190.2290635712166
4.249999999999993 4.69903099910304e-06 2525.259069261867
4.299999999999993 5.65099060277367e-06 3036.842121852723
4.3499999999999925 6.935544314243096e-06 3727.1612345509257
4.399999999999992 8.53572791152366e-06 4587.099835144995
4.449999999999992 1.041203140888093e-05 5595.425258895899
4.499999999999992 1.2503905135785568e-05 6719.598115304997
4.549999999999992 1.473407758932424e-05 7918.092701825393
4.599999999999992 1.7015009813409995e-05 9143.865586989092
4.6499999999999915 1.925644894670129e-05 10348.414886753817
4.699999999999991 2.1372886863924775e-05 11485.788538048835
4.749999999999991 2.3289838713013388e-05 12515.958384379568
4.799999999999991 2.494819177603444e-05 13407.157253514817
4.849999999999991 2.630634980416253e-05 14137.031323014664
4.899999999999991 2.7338298694221207e-05 14691.600614882034
4.94999999999999 2.8032679730890984e-05 15064.760955962678
4.99999999999999 2.838800960890353e-05 15255.715218065265
5.04999999999999 2.8412570372804456e-05 15268.914171594333
5.09999999999999 2.8124671504417626e-05 15114.197331343046
5.14999999999999 2.7551901338204534e-05 14806.390667137526
5.1999999999999895 2.6729748163248962e-05 14364.565584099066
5.249999999999989 2.569987639751932e-05 13811.112538762285
5.299999999999989 2.4508229457800193e-05 13170.721521452911
5.349999999999989 2.3203091283388097e-05 12469.340319200122
5.399999999999989 2.18332189601717e-05 11733.170987992615
5.449999999999989 2.0446140629963492e-05 10987.755149322154
5.4999999999999885 1.9086690437035595e-05 10257.186670511042
5.549999999999988 1.7795826516683746e-05 9563.47645181411
5.599999999999988 1.6609753429187582e-05 8926.080822464393
5.649999999999988 1.555935007273998e-05 8361.594101104449
5.699999999999988 1.4669868989554595e-05 7883.587002900688
5.749999999999988 1.3960837998066411e-05 7502.553776691914
5.799999999999987 1.3446107113381598e-05 7225.937420037187
5.849999999999987 1.3134004829895239e-05 7058.213665488279
5.899999999999987 1.3027578094868578e-05 7001.019942380408
5.949999999999987 1.312486619296628e-05 7053.302562371498
5.999999999999987 1.341919750768725e-05 7211.476199023134
6.0499999999999865 1.3899561874371811e-05 7469.623990291583
6.099999999999986 1.4552765170250913e-05 7820.65541513328
6.149999999999986 1.5362706621771353e-05 8255.917918490573
6.199999999999986 1.6309680629319208e-05 8764.821711926272
6.249999999999986 1.737050306296425e-05 9334.907644951598
6.299999999999986 1.8517575093396708e-05 9951.34410780939
6.349999999999985 1.9720659692273435e-05 10597.881722688424
6.399999999999985 2.0948787386615185e-05 11257.877496059607
6.449999999999985 2.217155649286703e-05 11914.99356440755
6.499999999999985 2.3360021293644853e-05 12553.6745003783
6.549999999999985 2.448729372289048e-05 13159.470658357413
6.5999999999999845 2.5528943875535324e-05 13719.25340834704
6.649999999999984 2.6463282413833456e-05 14221.366901117914
6.699999999999984 2.7271603337838027e-05 14655.758533053584
6.749999999999984 2.7938447504378547e-05 15014.120561238173
6.799999999999984 2.8451916652459083e-05 15290.058860692687
6.849999999999984 2.8804031543692257e-05 15479.285389029796
6.8999999999999835 2.8991095043913834e-05 15579.813306498861
6.949999999999983 2.9013999223719603e-05 15592.122011802052
6.999999999999983 2.8878409225323987e-05 15519.255952136753
7.049999999999983 2.85947662141076e-05 15366.826209357094
7.099999999999983 2.8178074330881277e-05 15142.896008129237
7.149999999999983 2.764746867036855e-05 14857.748547585305
7.199999999999982 2.7025598250108902e-05 14523.555408836886
7.249999999999982 2.6337862683645615e-05 14153.966343176993
7.299999999999982 2.5611513550115494e-05 13763.626348133854
7.349999999999982 2.48746614846671e-05 13367.64207790174
7.399999999999982 2.4155261973512932e-05 12981.036809642948
7.4499999999999815 2.3482484239430627e-05 12619.486082500887
7.499999999999981 2.28833273464355e-05 12297.499192387686
7.549999999999981 2.2380051049883107e-05 12027.038530933007
7.599999999999981 2.198959150312156e-05 11817.205586262568
7.649999999999981 2.172444789601571e-05 11674.71742250526
7.699999999999981 2.1593051241879217e-05 11604.104865875568
7.7499999999999805 2.1600042079972973e-05 11607.861741984996
7.79999999999998 2.1746359352549824e-05 11686.492638362331
7.84999999999998 2.2029200791808143e-05 11838.491616404079
7.89999999999998 2.244206571638687e-05 12060.365210209175
7.94999999999998 2.2975010510405615e-05 12346.769721004832
7.99999999999998 2.361509782064286e-05 12690.752615691965
8.04999999999998 2.43469335211185e-05 13084.041091590185
8.09999999999998 2.5152471933023994e-05 13516.937401636116
8.14999999999998 2.60122414551135e-05 13978.97750810613
8.199999999999982 2.6906391679520116e-05 14459.493802613732
8.249999999999982 2.78151678404757e-05 14947.870074832434
8.299999999999983 2.8717696612913248e-05 15432.889000713692
8.349999999999984 2.9593484719181486e-05 15903.537493674838
8.399999999999984 3.0423926412014928e-05 16349.816825886333
8.449999999999985 3.1193055462287484e-05 16763.146746460232
8.499999999999986 3.1887797121621654e-05 17136.500886146165
8.549999999999986 3.249792860708952e-05 17464.385521811273
8.599999999999987 3.3015902760644324e-05 17742.744811025834
8.649999999999988 3.343665694293034e-05 17968.858091604412
8.699999999999989 3.3757489859116136e-05 18141.27368781362
8.74999999999999 3.397804094512574e-05 18259.79783253359
8.79999999999999 3.4100358882316906e-05 18325.531487043285
8.84999999999999 3.412900871698864e-05 18340.92790703955
8.899999999999991 3.407114856556519e-05 18309.833863999862
8.949999999999992 3.393650898584985e-05 18237.478559294985
8.999999999999993 3.373722739205727e-05 18130.384638833995
9.049999999999994 3.348751927879985e-05 17996.191508847845
9.099999999999994 3.3203199084675713e-05 17843.397848000892
9.149999999999995 3.290108899780312e-05 17681.04389950893
9.199999999999996 3.259836933306809e-05 17518.3623638983
9.249999999999996 3.2311928023477234e-05 17364.42881568514
9.299999999999997 3.205776055740644e-05 17227.839229677065
9.349999999999998 3.18504571925911e-05 17116.43440979221
9.399999999999999 3.17027933675211e-05 17037.079876159405
9.45 3.162541957537193e-05 16995.499203381303
9.5 3.162663915422639e-05 16996.154605008465
9.55 3.171226478229874e-05 17042.169814078636
9.600000000000001 3.188554838511452e-05 17135.29241523799
9.650000000000002 3.2147181010490494e-05 17275.893777555368
9.700000000000003 3.249535957121282e-05 17463.00492203482
9.750000000000004 3.2925917160886044e-05 17694.386553347613
9.800000000000004 3.343251272443778e-05 17966.63098875377
9.850000000000005 3.400687153414197e-05 18275.29138990729
9.900000000000006 3.463905040158013e-05 18615.024287753386
9.950000000000006 3.531771604866426e-05 18979.739179104985
10.000000000000007 3.603047660179919e-05 19362.776671592193
10.050000000000008 3.674700779191038e-05 19747.84050423826
10.100000000000009 3.7412880796877424e-05 20105.68063023246
10.15000000000001 3.7955248939435944e-05 20397.14924815306
10.20000000000001 3.82940185127318e-05 20579.20400316928
10.25000000000001 3.835406246485097e-05 20611.471620614706
10.300000000000011 3.8075898603311225e-05 20461.98637265013
10.350000000000012 3.7423244140982086e-05 20111.249890936033
10.400000000000013 3.638705482784526e-05 19554.401795877613
10.450000000000014 3.49861081024689e-05 18801.53308220352
10.500000000000014 3.326510256159504e-05 17876.664773998873
10.550000000000015 3.1291269390794966e-05 16815.92690767617
10.600000000000016 2.9149826922658215e-05 15665.115811729564
10.650000000000016 2.6938188773306504e-05 14476.581559531183
10.700000000000017 2.4759686760717943e-05 13305.854665891922
10.750000000000018 2.271702920848167e-05 12208.130579763207
10.800000000000018 2.0905608205460073e-05 11234.67300584959
10.85000000000002 1.9407327450268427e-05 10429.496988481236
10.90000000000002 1.8285633352686566e-05 9826.698625713087
10.95000000000002 1.758216857349491e-05 9448.65668176781
11.000000000000021 1.7315252916158068e-05 9305.21621828789
11.050000000000022 1.748010572043502e-05 9393.80810865275
11.100000000000023 1.8050817414909643e-05 9700.5085502291
11.150000000000023 1.89837842439944e-05 10201.884886524067
11.200000000000024 2.0222108542019167e-05 10867.360314302961
11.250000000000025 2.1700481740937115e-05 11661.838011733313
11.300000000000026 2.335002072136598e-05 12548.300193239264
11.350000000000026 2.5102556667619943e-05 13490.112940022593
11.400000000000027 2.689406621146849e-05 14452.870096580253
11.450000000000028 2.8667170627195344e-05 15405.736338028155
11.500000000000028 3.0372685071264728e-05 16322.279731435312
11.55000000000003 3.1970239276130275e-05 17180.805296651677
11.60000000000003 3.3428105237575794e-05 17964.26240549203
11.65000000000003 3.4722501207711535e-05 18659.87074760027
11.700000000000031 3.583650010496074e-05 19258.533710020234
11.750000000000032 3.6758915702390564e-05 19754.239814849698
11.800000000000033 3.7483123925430146e-05 20143.42928468163
11.850000000000033 3.8005975141558186e-05 20424.409507126205
11.900000000000034 3.8326953254599956e-05 20596.903132119958
11.950000000000035 3.844766332705487e-05 20661.772720185287
12.000000000000036 3.8371669549124533e-05 20620.933666992685
12.050000000000036 3.8104658820951197e-05 20477.44211244907
12.100000000000037 3.76548718236236e-05 20235.72659823893
12.150000000000038 3.7033701514296884e-05 19901.909699077612
12.200000000000038 3.6256224886216237e-05 19484.09379052656
12.250000000000039 3.5341499028244874e-05 18992.52015137171
12.30000000000004 3.4312740489952965e-05 18439.665354415036
12.35000000000004 3.319732672583628e-05 17840.242042597594
12.400000000000041 3.2026496526231285e-05 17211.03794058538
12.450000000000042 3.083467890668146e-05 16570.555199941875
12.500000000000043 2.9658454388661896e-05 15938.45219143139
12.550000000000043 2.853520363077029e-05 15334.81727947561
12.600000000000044 2.750161806970499e-05 14779.368440675338
12.650000000000045 2.6592004479028878e-05 14290.542133758621
12.700000000000045 2.58365690303407e-05 13884.571154123487
12.750000000000046 2.525992219847588e-05 13574.681169953194
12.800000000000047 2.487992911488017e-05 13370.472902165639
12.850000000000048 2.4706945685643598e-05 13277.511614275636
12.900000000000048 2.474347701416353e-05 13297.143548747817
12.950000000000049 2.4984186684997695e-05 13426.50091613889
13.00000000000005 2.5416377340065944e-05 13658.760156729057
13.05000000000005 2.6020894143540684e-05 13983.62746251767
13.100000000000051 2.6773316497564918e-05 14387.979205202013
13.150000000000052 2.764527325734682e-05 14856.568732716036
13.200000000000053 2.8605785693082624e-05 15372.748076913518
13.250000000000053 2.9622582609150402e-05 15919.174698569723
13.300000000000054 3.066330646448536e-05 16478.4596564224
13.350000000000055 3.169655706317826e-05 17033.728486457265
13.400000000000055 3.269276095335571e-05 17569.088416831157
13.450000000000056 3.362487505469495e-05 18070.0064972701
13.500000000000057 3.4468941061514253e-05 18523.60753526771
13.550000000000058 3.5204434232968935e-05 18918.86153592245
13.600000000000058 3.5814501666356385e-05 19246.711750002127
13.650000000000059 3.628618662253e-05 19500.195226412303
13.70000000000006 3.661061608249184e-05 19674.5436051016
13.75000000000006 3.6783539793533057e-05 19767.47280043583
13.800000000000061 3.68051683510907e-05 19779.095986394364
13.850000000000062 3.667972656540993e-05 19711.68357583243
13.900000000000063 3.641493301508523e-05 19569.38353257519
13.950000000000063 3.6021437691968836e-05 19357.919161814178
14.000000000000064 3.5512387293665835e-05 19084.35549831177
14.050000000000065 3.49032255581178e-05 18756.992006214437
14.100000000000065 3.4211616025033415e-05 18385.321071048726
14.150000000000066 3.3457316843108934e-05 17979.96072112654
14.200000000000067 3.2661884733661256e-05 17552.49553761354
14.250000000000068 3.1848158122391e-05 17115.19888955947
14.300000000000068 3.1039536485181955e-05 16680.64565435985
14.350000000000069 3.025912103297672e-05 16261.25042184286
14.40000000000007 2.952880649511136e-05 15868.77941867001
14.45000000000007 2.8868416551314e-05 15513.885889527097
14.500000000000071 2.8294961646360064e-05 15205.711246749885
14.550000000000072 2.7822074027233344e-05 14951.581459317253
14.600000000000072 2.7459646878394277e-05 14756.813124158947
14.650000000000073 2.7213677516667726e-05 14624.62919909459
14.700000000000074 2.708629233516813e-05 14556.172407698059
14.750000000000075 2.7076433371118854e-05 14550.874200815893
14.800000000000075 2.717971377145399e-05 14606.377083787527
14.850000000000076 2.7388317823475677e-05 14718.480892924581
14.900000000000077 2.7691197197147632e-05 14881.24825611147
14.950000000000077 2.8074490690447363e-05 15087.230163940758
15.000000000000078 2.852210464259136e-05 15327.777883756937
15.050000000000079 2.901639500603566e-05 15593.409505122007
15.10000000000008 2.953888885910158e-05 15874.197680671423
15.15000000000008 3.007098771883662e-05 16160.147586417159
15.200000000000081 3.059460722839774e-05 16441.54068972166
15.250000000000082 3.109272365436156e-05 16709.228436930298
15.300000000000082 3.154981383534726e-05 16954.868681743545
15.350000000000083 3.195218945510528e-05 17171.105323561347
15.400000000000084 3.228823678533798e-05 17351.6971452653
15.450000000000085 3.2548578197732464e-05 17491.604609778537
15.500000000000085 3.272617197642588e-05 17587.043499280575
15.550000000000086 3.281636356394635e-05 17635.512454773878
15.600000000000087 3.281689660265617e-05 17635.798909755023
15.650000000000087 3.272788912064055e-05 17587.966292512232
15.700000000000088 3.255178142679622e-05 17493.326024948117
15.750000000000089 3.2293264562878574e-05 17354.39907271269
15.80000000000009 3.195916848907185e-05 17174.855856133305
15.85000000000009 3.155829721768717e-05 16959.427651070615
15.900000000000091 3.1101207153221666e-05 16713.78746887532
15.950000000000092 3.0599927572784786e-05 16444.39984258053
16.000000000000092 3.0067625331121762e-05 16158.340639394903
16.050000000000093 2.9518220150257058e-05 15863.090317372578
16.100000000000094 2.8965961484656145e-05 15566.306532768187
16.150000000000095 2.8424984056727043e-05 15275.585284833305
16.200000000000095 2.7908864425530923e-05 14998.222615859453
16.250000000000096 2.743020018473174e-05 14740.988472173189
16.300000000000097 2.700022974550931e-05 14509.922375488955
16.350000000000097 2.662850725479531e-05 14310.158723982226
16.400000000000098 2.632264382368847e-05 14145.787728450267
16.4500000000001 2.6088122538440524e-05 14019.75599922346
16.5000000000001 2.592819104778295e-05 13933.808822599025
16.5500000000001 2.5843832119499265e-05 13888.474337944157
16.6000000000001 2.5833809320866798e-05 13883.088086363596
16.6500000000001 2.5894781805011642e-05 13915.854696882143
16.700000000000102 2.6021479524163003e-05 13983.942046040478
16.750000000000103 2.6206928499073454e-05 14083.602317672507
16.800000000000104 2.6442715784059925e-05 14210.3143951077
16.850000000000104 2.6719285753145016e-05 14358.943085331475
16.900000000000105 2.7026252660806592e-05 14523.907089119411
16.950000000000106 2.735272000497363e-05 14699.350626698333
17.000000000000107 2.7687599602355188e-05 14879.314908815211
17.050000000000107 2.8019923681082634e-05 15057.905855310515
17.100000000000108 2.8339143577939842e-05 15229.454614997645
17.15000000000011 2.863540894726921e-05 15388.667612517773
17.20000000000011 2.889982172722749e-05 15530.763029795473
17.25000000000011 2.9124659406597563e-05 15651.590789614347
17.30000000000011 2.9303562433293752e-05 15747.73326894023
17.35000000000011 2.9431681097007935e-05 15816.584233649275
17.400000000000112 2.9505777949347678e-05 15856.403879106054
17.450000000000113 2.9524282710000413e-05 15866.348336733969
17.500000000000114 2.948729824402625e-05 15846.472886212172
17.550000000000114 2.9396558658682443e-05 15797.709436710722
17.600000000000115 2.925534173892507e-05 15721.819469732722
17.650000000000116 2.9068338655108944e-05 15621.324020037508
17.700000000000117 2.884148503805912e-05 15499.412895390898
17.750000000000117 2.8581758829349447e-05 15359.836041313049
17.800000000000118 2.8296951464707235e-05 15206.780575049344
17.85000000000012 2.7995419825811003e-05 15044.737484476533
17.90000000000012 2.7685826960118367e-05 14878.36229094869
17.95000000000012 2.7376879774027602e-05 14712.334085612832
18.00000000000012 2.7077071794183105e-05 14551.217289344855
18.05000000000012 2.679443872557448e-05 14399.330289681844
18.100000000000122 2.6536333920764562e-05 14260.62477799428
18.150000000000123 2.6309229996240415e-05 14138.579138121073
18.200000000000124 2.6118551749184023e-05 14036.108655848873
18.250000000000124 2.596847221887684e-05 13955.455922319106
18.300000000000125 2.5861923630356068e-05 13898.196715148417
18.350000000000126 2.580060692891421e-05 13865.245122268347
18.400000000000126 2.578498837832966e-05 13856.851713814583
18.450000000000127 2.581430497285884e-05 13872.606450531328
18.500000000000128 2.5886608989834322e-05 13911.462626335713
18.55000000000013 2.599872452016333e-05 13971.713507809462
18.60000000000013 2.614624840310124e-05 14050.99283654613
18.65000000000013 2.632368015909932e-05 14146.34465505823
18.70000000000013 2.6524664871348883e-05 14254.353831309265
18.75000000000013 2.6742294458170482e-05 14371.307962483514
18.800000000000132 2.6969403011953865e-05 14493.356090120447
18.850000000000133 2.7198800670019102e-05 14616.63438230606
18.900000000000134 2.7423478184209492e-05 14737.376069363836
18.950000000000134 2.763678919395803e-05 14852.009397393322
19.000000000000135 2.7832606807710305e-05 14957.241775120461
19.050000000000136 2.8005456441973065e-05 15050.131161596939
19.100000000000136 2.815063152806523e-05 15128.148247003504
19.150000000000137 2.8264294250788793e-05 15189.230589607641
19.200000000000138 2.8343563059557644e-05 15231.829644240677
19.25000000000014 2.8386585744172535e-05 15254.950033216295
19.30000000000014 2.8392592471082447e-05 15258.178048015247
19.35000000000014 2.8361905993733586e-05 15241.687136326496
19.40000000000014 2.8295907271362645e-05 15206.219425588106
19.45000000000014 2.8196964053120424e-05 15153.047344098151
19.500000000000142 2.8068330371978807e-05 15083.919609044391
19.550000000000143 2.791402393929793e-05 15000.9953383496
19.600000000000144 2.773868634566688e-05 14906.768922609019
19.650000000000144 2.7547432768736912e-05 14803.98925808598
19.700000000000145 2.734569309718981e-05 14695.574366738918
19.750000000000146 2.713904568256885e-05 14584.522054462046
19.800000000000146 2.693304941752782e-05 14473.819669943146
19.850000000000147 2.6733079826616857e-05 14366.356019858504
19.900000000000148 2.6544178414321046e-05 14264.840408514925
19.95000000000015 2.637092736831883e-05 14171.735303385865
20.00000000000015 2.6217346927801564e-05 14089.201180850498
20.05000000000015 2.6086806561017238e-05 14019.0487930093
20.10000000000015 2.598194568810755e-05 13962.696564139891
20.15000000000015 2.590460692507561e-05 13921.134716007971
20.200000000000152 2.585578883851874e-05 13894.89987826264
20.250000000000153 2.5835622523979844e-05 13884.062501643364
20.300000000000153 2.584337872034061e-05 13888.230681254594
20.350000000000154 2.58775143437882e-05 13906.575163917592
20.400000000000155 2.5935751440726536e-05 13937.871777461765
20.450000000000156 2.601517493071474e-05 13980.553957775839
20.500000000000156 2.6112338952793916e-05 14032.769899319583
20.550000000000157 2.6223377671247906e-05 14092.442102135157
20.600000000000158 2.6344120832966626e-05 14157.329472369522
20.65000000000016 2.647021554337581e-05 14225.092764654148
20.70000000000016 2.659725401004695e-05 14293.36323151586
20.75000000000016 2.672090409478201e-05 14359.812782061877
20.80000000000016 2.6837037226973156e-05 14422.222722614188
20.85000000000016 2.6941847588366868e-05 14478.547806596951
20.900000000000162 2.703195776306235e-05 14526.973010841395
20.950000000000163 2.710451009887654e-05 14565.962633179677
21.000000000000163 2.71572403222811e-05 14594.29985310906
21.050000000000164 2.7188524348406926e-05 14611.111887486435
21.100000000000165 2.719739969255954e-05 14615.881497075836
21.150000000000166 2.7183568377707608e-05 14608.448549032648
21.200000000000166 2.7147385820053724e-05 14589.004044009804
21.250000000000167 2.708983592762532e-05 14558.07673414153
21.300000000000168 2.701249027246115e-05 14516.51118217803
21.35000000000017 2.6917450325412678e-05 14465.436718470059
21.40000000000017 2.6807274703200538e-05 14406.228343540019
21.45000000000017 2.6684898234770984e-05 14340.463234345174
21.50000000000017 2.655355097240555e-05 14269.877220851255
21.55000000000017 2.641670191383449e-05 14196.33454229849
21.600000000000172 2.62780231887381e-05 14121.808601028859
21.650000000000173 2.6141277036015567e-05 14048.321224074936
21.700000000000173 2.6010130119405722e-05 13977.842876381985
21.750000000000174 2.5887961309209967e-05 13912.189362713603
21.800000000000175 2.5777714190478195e-05 13852.942565556797
21.850000000000176 2.5681812671745352e-05 13801.405093260419
21.900000000000176 2.5602133800897343e-05 13758.585671282593
21.950000000000177 2.5540017824888486e-05 13725.204548282476
22.000000000000178 2.5496292099615466e-05 13701.706345285556
22.05000000000018 2.5471291531349975e-05 13688.271040908721
22.10000000000018 2.5464869085796746e-05 13684.81961892763
22.15000000000018 2.547640005271786e-05 13691.016360085638
22.20000000000018 2.5504789788726245e-05 13706.273003070715
22.25000000000018 2.5548495470731714e-05 13729.760434816464
22.300000000000182 2.560556857946385e-05 13760.431521145603
22.350000000000183 2.5673718785973463e-05 13797.05543937328
22.400000000000183 2.575039477336434e-05 13838.261111902444
22.450000000000184 2.5832874499818127e-05 13882.58571356977
22.500000000000185 2.591835698805402e-05 13928.523999297608
22.550000000000185 2.6004050364075083e-05 13974.575616112683
22.600000000000186 2.608725496913674e-05 14019.289767514621
22.650000000000187 2.6165438411537418e-05 14061.30554630521
22.700000000000188 2.6236299921736844e-05 14099.386519026362
22.75000000000019 2.6297824787254864e-05 14132.44997927256
22.80000000000019 2.634832987082999e-05 14159.591409147415
22.85000000000019 2.638649995698079e-05 14180.104011904283
22.90000000000019 2.641143216185207e-05 14193.502577795827
22.95000000000019 2.6422650233453048e-05 14199.531169021424
23.000000000000192 2.6420092853425298e-05 14198.156833097728
23.050000000000193 2.6404106220976696e-05 14189.565617465081
23.100000000000193 2.6375416513699623e-05 14174.147769932319
23.150000000000194 2.633508854707161e-05 14152.47552229409
23.200000000000195 2.628447516151303e-05 14125.275890937699
23.250000000000195 2.622516100277136e-05 14093.400464423887
23.300000000000196 2.6158905969292654e-05 14057.795012106528
23.350000000000197 2.608759349508395e-05 14019.47169134499
23.400000000000198 2.601318574484743e-05 13979.484969371033
23.4500000000002 2.5937685096172246e-05 13938.910923820245
23.5000000000002 2.5863099552078054e-05 13898.82865543435
23.5500000000002 2.579140837588887e-05 13860.301820243787
23.6000000000002 2.5724524438920384e-05 13824.358395216406
23.6500000000002 2.5664250944393168e-05 13791.967421690159
23.700000000000202 2.5612231864734516e-05 13764.012370381126
23.750000000000203 2.5569897136258716e-05 13741.26168900689
23.800000000000203 2.5538406527052427e-05 13724.338636890412
23.850000000000204 2.5518598972938724e-05 13713.694058109155
23.900000000000205 2.551095319893972e-05 13709.585219470679
23.950000000000205 2.5515635115372734e-05 13712.101281172814
24.000000000000206 2.5532391208509745e-05 13721.106004948357
24.050000000000207 2.556050155733824e-05 13736.212505274236
24.100000000000207 2.5598822993447837e-05 13756.806443492855
24.150000000000208 2.5645920933979266e-05 13782.11687483354
24.20000000000021 2.5700211039979862e-05 13811.292375607074
24.25000000000021 2.5760048663276548e-05 13843.449111951626
24.30000000000021 2.5823751172584733e-05 13877.682837882767
24.35000000000021 2.5889585587369765e-05 13913.062249731121
24.40000000000021 2.5955766870092332e-05 13948.628068395108
24.450000000000212 2.602049508384874e-05 13983.413007855326
24.500000000000213 2.608202905757606e-05 14016.481362852834
24.550000000000214 2.6138770672137136e-05 14046.974304227826
24.600000000000215 2.618933159321206e-05 14074.145741172817
24.650000000000215 2.6232569492858584e-05 14097.381786697748
24.700000000000216 2.6267598034966476e-05 14116.206123812754
24.750000000000217 2.6293784032637808e-05 14130.278477904441
24.800000000000217 2.6310744751985685e-05 14139.393167797445
24.850000000000218 2.631835164737806e-05 14143.481113074287
24.90000000000022 2.631673870989977e-05 14142.614320538554
24.95000000000022 2.6306308022276822e-05 14137.00886943097
25.00000000000022 2.6287722272566945e-05 14127.020888287017
25.05000000000022 2.6261868820920398e-05 14113.127244415626
25.10000000000022 2.622978824194626e-05 14095.887142569718
25.150000000000222 2.6192619358466968e-05 14075.912586088109
25.200000000000223 2.6151586846525318e-05 14053.861715826766
25.250000000000224 2.610800963622047e-05 14030.443324767746
25.300000000000225 2.6063296693783766e-05 14006.414591306906
25.350000000000225 2.6018913293780904e-05 13982.562953936713
25.400000000000226 2.5976320969779618e-05 13959.673840737478
25.450000000000227 2.593690686506724e-05 13938.492702455826
25.500000000000227 2.5901919146405202e-05 13919.690303858975
25.550000000000228 2.5872419353387758e-05 13903.837116282033
25.60000000000023 2.5849254570383744e-05 13891.388362830621
25.65000000000023 2.58330461127875e-05 13882.677938372584
25.70000000000023 2.5824189695503634e-05 13877.918500081687
25.75000000000023 2.5822862924225695e-05 13877.20549325047
25.80000000000023 2.582903472837186e-05 13880.522220549521
25.850000000000232 2.5842470756335315e-05 13887.742741434795
25.900000000000233 2.5862735550329298e-05 13898.63304090926
25.950000000000234 2.588919806280279e-05 13912.85399404447
26.000000000000234 2.5921046640524005e-05 13929.96941842642
26.050000000000235 2.595731561341458e-05 13949.460362993976
26.100000000000236 2.5996921481412506e-05 13970.744554857542
26.150000000000237 2.603870428032649e-05 13993.198629307533
26.200000000000237 2.608146944790271e-05 14016.180628636963
26.250000000000238 2.6124026803390056e-05 14039.050949758219
26.30000000000024 2.6165225085923456e-05 14061.190905128877
26.35000000000024 2.6203982023069314e-05 14082.018881586804
26.40000000000024 2.623931067719204e-05 14101.004498886468
26.45000000000024 2.6270342819155632e-05 14117.681170725224
26.50000000000024 2.6296349572920964e-05 14131.657199149064
26.550000000000242 2.6316758950120872e-05 14142.625197632558
26.600000000000243 2.6331169464001902e-05 14150.369407210605
26.650000000000244 2.6339358912178027e-05 14154.770416329922
26.700000000000244 2.6341287270839492e-05 14155.806716196765
26.750000000000245 2.6337072133988533e-05 14153.541501823185
26.800000000000246 2.632696342859574e-05 14148.109083953092
26.850000000000247 2.6311342826761956e-05 14139.714573158075
26.900000000000247 2.6290733619391605e-05 14128.63918594905
26.950000000000248 2.6265802669795332e-05 14115.241294642243
27.00000000000025 2.6237345961545934e-05 14099.948660777549
27.05000000000025 2.6206258929264907e-05 14083.242490884419
27.10000000000025 2.6173498534285887e-05 14065.637055944924
27.15000000000025 2.6140045022062606e-05 14047.65913982634
27.20000000000025 2.6106868507054405e-05 14029.83008199996
27.250000000000252 2.6074901298749025e-05 14012.650905546867
27.300000000000253 2.604501404721608e-05 13996.589497779332
27.350000000000254 2.6017993776941142e-05 13982.068805624138
27.400000000000254 2.5994522700782846e-05 13969.455450243979
27.450000000000255 2.59751584410691e-05 13959.049097855366
27.500000000000256 2.596031869079478e-05 13951.074216656889
27.550000000000257 2.5950274611670677e-05 13945.676528940981
27.600000000000257 2.5945151882406032e-05 13942.923574440918
27.650000000000258 2.594493514949144e-05 13942.807102181365
27.70000000000026 2.594946835934402e-05 13945.243248973176
27.75000000000026 2.595845589475702e-05 13950.07315014138
27.80000000000026 2.5971470293299102e-05 13957.067087392625
27.85000000000026 2.598796739280511e-05 13965.93262800132
27.90000000000026 2.6007306079509523e-05 13976.325237455749
27.950000000000262 2.602876939624639e-05 13987.859623003866
28.000000000000263 2.605158783772613e-05 14000.12225253411
28.050000000000264 2.607496695782973e-05 14012.686190734188
28.100000000000264 2.6098116553441692e-05 14025.126782481722
28.150000000000265 2.612027797113938e-05 14037.03632745801
28.200000000000266 2.6140747056932995e-05 14048.036413337353
28.250000000000266 2.615889099732709e-05 14057.786966172836
28.300000000000267 2.6174159635876377e-05 14065.992331912972
28.350000000000268 2.6186093182915702e-05 14072.405419610259
28.40000000000027 2.6194328163428882e-05 14076.830897805672
28.45000000000027 2.6198603191854794e-05 14079.128297909214
28.50000000000027 2.6198764771753113e-05 14079.215130940049
28.55000000000027 2.6194772418085663e-05 14077.069640240295
28.60000000000027 2.618670128272027e-05 14072.73221242069
28.650000000000272 2.6174767223711632e-05 14066.318849591114
28.700000000000273 2.6159314853774896e-05 14058.014746610781
28.750000000000274 2.6140787286881094e-05 14048.058032909837
28.800000000000274 2.611972349765181e-05 14036.738353428169
28.850000000000275 2.60967355491253e-05 14024.384630817833
28.900000000000276 2.607247695984644e-05 14011.348065918466
28.950000000000276 2.6047607870901204e-05 13997.98341852303
29.000000000000277 2.6022758461098224e-05 13984.629346697848
29.050000000000278 2.599849465097367e-05 13971.589976116215
29.10000000000028 2.5975290803353943e-05 13959.120229341897
29.15000000000028 2.5953512703823282e-05 13947.4166795331
29.20000000000028 2.593341230548025e-05 13936.61472627482
29.25000000000028 2.5915133663540155e-05 13926.791784833951
29.30000000000028 2.589872765159155e-05 13917.97519467493
29.350000000000282 2.5884171910812596e-05 13910.152940167798
29.400000000000283 2.5871392248932655e-05 13903.285150389314
29.450000000000284 2.5860282503233514e-05 13897.314773498993
29.500000000000284 2.5850719528417992e-05 13892.1756312191
29.550000000000285 2.5842570752759085e-05 13887.796479508894
29.600000000000286 2.5835695149161255e-05 13884.101530412923
29.650000000000286 2.582994041770895e-05 13881.008937962719
29.700000000000287 2.582513885081368e-05 13878.428576106997
29.750000000000288 2.5821103453910137e-05 13876.259953973904
29.80000000000029 2.581762526831581e-05 13874.390777175893
29.85000000000029 2.581447245984448e-05 13872.69645803065
29.90000000000029 2.5811391666920827e-05 13871.040840037822
29.95000000000029 2.580811188306075e-05 13869.278284323791
30.00000000000029 2.5804350909201675e-05 13867.25713712372
30.050000000000292 2.579982440088377e-05 13864.824591736371
30.100000000000293 2.5794257199438838e-05 13861.832777904561
30.150000000000293 2.5787396052123245e-05 13858.145597614082
30.200000000000294 2.57790224940587e-05 13853.645647848158
30.250000000000295 2.5768964852497016e-05 13848.240671678843
30.300000000000296 2.5757108578295705e-05 13841.869110401585
30.350000000000296 2.574320730795591e-05 13834.398568282044
30.400000000000297 2.572697731078831e-05 13825.67656845923
30.450000000000298 2.570823714053721e-05 13815.605601722655
30.5000000000003 2.568701013172555e-05 13804.198208044005
30.5500000000003 2.5663581100341123e-05 13791.607447523626
30.6000000000003 2.563849461678587e-05 13778.12597227354
30.6500000000003 2.5612494514075615e-05 13764.153518126432
30.7000000000003 2.5586422470743246e-05 13750.1424030919
30.750000000000302 2.5561104577650496e-05 13736.536568365706
30.800000000000303 2.5537254679451163e-05 13723.71963403598
30.850000000000303 2.5515414040051863e-05 13711.982475304301
30.900000000000304 2.5495853976213504e-05 13701.470897787025
30.950000000000305 2.5478615821364577e-05 13692.207114066954
31.000000000000306 2.5463634667845347e-05 13684.15624277037
31.050000000000306 2.545086812424894e-05 13677.295502756926
31.100000000000307 2.5440373115530565e-05 13671.65548549526
31.150000000000308 2.5432306355256277e-05 13667.320408849437
31.20000000000031 2.5426879337754443e-05 13664.403929862989
31.25000000000031 2.5424296017363503e-05 13663.015653589162
31.30000000000031 2.5424686304328942e-05 13663.225393788636
31.35000000000031 2.5428052685803814e-05 13665.034487057363
31.40000000000031 2.5434245877819137e-05 13668.362708196437
31.450000000000312 2.5442972326470483e-05 13673.052301349464
31.500000000000313 2.5453826118466266e-05 13678.885128729931
31.550000000000313 2.5466342376650126e-05 13685.611365372773
31.600000000000314 2.5480049481352518e-05 13692.97756288661
31.650000000000315 2.5494509698867416e-05 13700.748483195492
31.700000000000315 2.550934605570371e-05 13708.721540760513
31.750000000000316 2.552425525549572e-05 13716.733744126992
31.800000000000317 2.5538954247690592e-05 13724.632981939256
31.850000000000318 2.5553212658305242e-05 13732.295451228088
31.90000000000032 2.556688510331883e-05 13739.643022626562
31.95000000000032 2.5579917399340627e-05 13746.646577982683
32.00000000000032 2.5592334156051298e-05 13753.319342537849
32.05000000000032 2.5604215642604024e-05 13759.704452931739
32.100000000000314 2.5615670896869243e-05 13765.860506111525
32.15000000000031 2.5626812986117624e-05 13771.848264423903
32.20000000000031 2.5637740736556123e-05 13777.720837068502
32.250000000000306 2.5648529294784196e-05 13783.518607824833
32.3000000000003 2.565922982972354e-05 13789.269074869357
32.3500000000003 2.5669876939149943e-05 13794.990831045381
32.4000000000003 2.5680500952995477e-05 13800.700175657179
32.450000000000294 2.5691141939533103e-05 13806.418641393022
32.50000000000029 2.570186280299513e-05 13812.180032984812
32.55000000000029 2.571275913997545e-05 13818.035724038253
32.600000000000286 2.572396308598672e-05 13824.056724172511
32.65000000000028 2.573564281091387e-05 13830.333407876959
32.70000000000028 2.5747998692998308e-05 13836.973458410444
32.75000000000028 2.5761253151237738e-05 13844.096403733356
32.800000000000274 2.577558937657138e-05 13851.800690649035
32.85000000000027 2.5791097292035384e-05 13860.13464379348
32.90000000000027 2.5807763898738125e-05 13869.091277562857
32.950000000000266 2.5825488294854804e-05 13878.616367320592
33.00000000000026 2.5844112120704243e-05 13888.62481058041
33.05000000000026 2.586345611504918e-05 13899.020272360642
33.10000000000026 2.5883354106956867e-05 13909.713452408738
33.150000000000254 2.590367895870076e-05 13920.636026915581
33.20000000000025 2.592435786701418e-05 13931.748871408598
33.25000000000025 2.594537666507981e-05 13943.044372640734
33.300000000000246 2.5966774496690138e-05 13954.543566484494
33.35000000000024 2.5988631173948843e-05 13966.28934396117
33.40000000000024 2.60110503111545e-05 13978.337387390638
33.45000000000024 2.6034144991729762e-05 13990.748467799667
33.500000000000234 2.6058024413635278e-05 14003.581268167902
33.55000000000023 2.608277891621726e-05 14016.88433685635
33.60000000000023 2.6108466715397244e-05 14030.688959098898
33.650000000000226 2.6135105356500982e-05 14045.004563752893
33.70000000000022 2.616266800207552e-05 14059.816728372201
33.75000000000022 2.619108275783894e-05 14075.086816972624
33.80000000000022 2.6220233563036868e-05 14090.752458509445
33.850000000000215 2.6249962494214503e-05 14106.728784924426
33.90000000000021 2.6280074154460485e-05 14122.910789925289
33.95000000000021 2.631034289237111e-05 14139.177208456791
34.000000000000206 2.6340523288616945e-05 14155.396152181202
34.0500000000002 2.637036374491379e-05 14171.432412190747
34.1000000000002 2.6399622105572497e-05 14187.155854027847
34.1500000000002 2.6428082018570902e-05 14202.450210124529
34.200000000000195 2.645556783027006e-05 14217.22108422231
34.25000000000019 2.648194077587983e-05 14231.39390412857
34.30000000000019 2.6507063072159975e-05 14244.894625135566
34.350000000000186 2.6530785818651413e-05 14257.643228142599
34.40000000000018 2.6552966463694365e-05 14269.563105893456
34.45000000000018 2.657350071859461e-05 14280.59821364807
34.50000000000018 2.659235697210164e-05 14290.731563521698
34.550000000000175 2.6609605346240913e-05 14300.000839087987
34.60000000000017 2.6625436324731852e-05 14308.508406290068
34.65000000000017 2.6640166063744626e-05 14316.424167441031
34.700000000000166 2.6654227466868826e-05 14323.980764912449
34.75000000000016 2.666814797797452e-05 14331.461647018805
34.80000000000016 2.668251660585159e-05 14339.183347060016
34.85000000000016 2.6697943557119568e-05 14347.473790048785
34.900000000000155 2.6715016361646813e-05 14356.648714512658
34.95000000000015 2.6734256673376226e-05 14366.988457259491
35.00000000000015 2.675608171672316e-05 14378.71723467326
35.050000000000146 2.6780773632035496e-05 14391.986668965526
35.10000000000014 2.6808458822193646e-05 14406.864689039123
35.15000000000014 2.6839097972634632e-05 14423.33016724949
35.20000000000014 2.6872485998556787e-05 14441.272891032495
35.250000000000135 2.6908260125681758e-05 14460.497905505585
35.30000000000013 2.6945913966300314e-05 14480.733077934263
35.35000000000013 2.6984816352664228e-05 14501.639218796103
35.40000000000013 2.7024237379313384e-05 14522.8240769263
35.450000000000124 2.706338426375817e-05 14543.861611046934
35.50000000000012 2.710144480364914e-05 14564.315343648192
35.55000000000012 2.7137633204738813e-05 14583.762988933193
35.600000000000115 2.717123265745841e-05 14601.819333468608
35.65000000000011 2.7201630119858085e-05 14618.15492853533
35.70000000000011 2.7228340432631782e-05 14632.509049541868
35.75000000000011 2.725101862280664e-05 14644.696308026529
35.800000000000104 2.7269460778380186e-05 14654.607121687415
35.8500000000001 2.7283595104978635e-05 14662.202908230951
35.9000000000001 2.729346563071945e-05 14667.507328365682
35.950000000000095 2.7299211511278314e-05 14670.595164346109
36.00000000000009 2.7301140271209248e-05 14671.631679855147
36.05000000000009 2.7299640981389884e-05 14670.825961566734
36.10000000000009 2.7295071175162815e-05 14668.370147884747
36.150000000000084 2.7287666917170796e-05 14664.391099938677
36.20000000000008 2.7277543698208234e-05 14658.950882476776
36.25000000000008 2.7264773336117584e-05 14652.08809040468
36.300000000000075 2.7249491976740427e-05 14643.875888492163
36.35000000000007 2.7231989223444638e-05 14634.469909577429
36.40000000000007 2.7212739608452438e-05 14624.125167257549
36.45000000000007 2.719236812382249e-05 14613.177532239622
36.500000000000064 2.7171570730026246e-05 14602.001013652916
36.55000000000006 2.7151023370042048e-05 14590.958863226715
36.60000000000006 2.7131309909814653e-05 14580.364850496162
36.650000000000055 2.711288598709497e-05 14570.463835170205
36.70000000000005 2.7096079193891034e-05 14561.431865180744
36.75000000000005 2.7081113771856913e-05 14553.389447983622
36.80000000000005 2.7068143261768238e-05 14546.419096385467
36.850000000000044 2.705727662380879e-05 14540.579365584645
36.90000000000004 2.7048589881755396e-05 14535.911110755753
36.95000000000004 2.7042123319115837e-05 14532.43598025425
37.000000000000036 2.7037870086555968e-05 14530.15029324824
37.05000000000003 2.7035764186082264e-05 14529.018582418666
37.10000000000003 2.7035674505854854e-05 14528.970388268075
37.15000000000003 2.7037408067081237e-05 14529.902004001166
37.200000000000024 2.7040721743403597e-05 14531.68277352306
37.25000000000002 2.7045338830087827e-05 14534.163995720817
37.30000000000002 2.7050965471772594e-05 14537.187752735115
37.350000000000016 2.7057302559386093e-05 14540.59330336284
37.40000000000001 2.7064051308743096e-05 14544.22008099491
37.45000000000001 2.707091396273458e-05 14547.908070972951
37.50000000000001 2.7077593037947483e-05 14551.497405722794
37.550000000000004 2.708379243013599e-05 14554.828958834685
37.6 2.7089222054640894e-05 14557.746838824478
37.65 2.709360562797689e-05 14560.102570958317
37.699999999999996 2.7096689775501995e-05 14561.75999171383
37.74999999999999 2.7098252157911885e-05 14562.599615957846
37.79999999999999 2.7098106488228023e-05 14562.52133307562
37.84999999999999 2.7096103005170717e-05 14561.444661361485
37.899999999999984 2.7092124580075206e-05 14559.30665587573
37.94999999999998 2.70860950133383e-05 14556.066366954674
37.99999999999998 2.7078004922201536e-05 14551.718752304298
38.049999999999976 2.706791202521434e-05 14546.294829870734
38.09999999999997 2.705592190250679e-05 14539.851338411627
38.14999999999997 2.7042165940720437e-05 14532.45888510284
38.19999999999997 2.7026784974162506e-05 14524.193154295395
38.249999999999964 2.7009919833274573e-05 14515.129828262909
38.29999999999996 2.6991706796783335e-05 14505.342143187609
38.34999999999996 2.6972274994248844e-05 14494.899493289853
38.399999999999956 2.6951743197167348e-05 14483.865706366934
38.44999999999995 2.693021497062958e-05 14472.296438294432
38.49999999999995 2.690777399374612e-05 14460.236658222995
38.54999999999995 2.6884481237749922e-05 14447.71913209075
38.599999999999945 2.6860374362145003e-05 14434.764098113636
38.64999999999994 2.6835468848384293e-05 14421.379876023833
38.69999999999994 2.6809760124880672e-05 14407.56400905061
38.749999999999936 2.678322609934466e-05 14393.30462479849
38.79999999999993 2.6755829792044498e-05 14378.581850361115
38.84999999999993 2.67275223667875e-05 14363.369441170511
38.89999999999993 2.6698247935443627e-05 14347.63736294785
38.949999999999925 2.6667949295907677e-05 14331.354875284103
38.99999999999992 2.6636571370892213e-05 14314.492379647229
39.04999999999992 2.660406240693065e-05 14297.022063726368
39.099999999999916 2.657037565150301e-05 14278.918802719174
39.14999999999991 2.6535470977131995e-05 14260.161032120968
39.19999999999991 2.6499313247150815e-05 14240.729869488432
39.24999999999991 2.6461869950667862e-05 14220.60784346973
39.299999999999905 2.6423107484896954e-05 14199.776895928924
39.3499999999999 2.638297926102439e-05 14178.211990039412
39.3999999999999 2.6341443477988233e-05 14155.890661912194
39.449999999999896 2.6298532260855597e-05 14132.830175557041
39.49999999999989 2.6254427108823006e-05 14109.12806863484
39.54999999999989 2.6209423891492266e-05 14084.943341457662
39.59999999999989 2.616382808810033e-05 14060.440158555111
39.649999999999885 2.6117881490962845e-05 14035.748459107865
39.69999999999988 2.6071762885596388e-05 14010.964322445308
39.74999999999988 2.602563226302101e-05 13986.173727735164
39.799999999999876 2.5979682197093002e-05 13961.480164160028
39.84999999999987 2.5934180655322193e-05 13937.02763744887
39.89999999999987 2.5889500202474878e-05 13913.016363892055
39.94999999999987 2.584613213849765e-05 13889.710368061058
39.999999999999865 2.5804636359518644e-05 13867.41053811254
40.04999999999986 2.5765531069760496e-05 13846.395356974826
40.09999999999986 2.5729231133398706e-05 13826.887772639091
40.14999999999986 2.5696061564123685e-05 13809.06244744944
40.199999999999854 2.566628317965667e-05 13793.059544838743
40.24999999999985 2.564010626903481e-05 13778.992074127073
40.29999999999985 2.5617697874447022e-05 13766.949803780013
40.349999999999845 2.5599187606750708e-05 13757.002386667102
40.39999999999984 2.5584678435026014e-05 13749.205158367851
40.44999999999984 2.557426418059689e-05 13743.608538457966
40.49999999999984 2.556804504338332e-05 13740.266374370402
40.549999999999834 2.556613253554939e-05 13739.23859273764
40.59999999999983 2.5568636018696975e-05 13740.583964480109
40.64999999999983 2.5575652128116446e-05 13744.354421398957
40.699999999999825 2.5587257895909717e-05 13750.591360542645
40.74999999999982 2.560350518153562e-05 13759.322651182254
40.79999999999982 2.5624429716702204e-05 13770.567495536246
40.84999999999982 2.5650062372959994e-05 13784.342483974631
40.899999999999814 2.5680407823448655e-05 13800.650127842475
40.94999999999981 2.571541341345595e-05 13819.462130499547
40.99999999999981 2.575495879376548e-05 13840.713816281808
41.049999999999805 2.5798875333834105e-05 13864.314563142187
41.0999999999998 2.584697481225114e-05 13890.163220902172
41.1499999999998 2.589906192198396e-05 13918.154831570318
41.1999999999998 2.5954933757498978e-05 13948.180353721064
41.249999999999794 2.601419839481841e-05 13980.029167424565
41.29999999999979 2.607614351805215e-05 14013.31847415023
41.34999999999979 2.6140063424792938e-05 14047.669029452878
41.399999999999785 2.620550235466133e-05 14082.83590772299
41.44999999999978 2.627232346016243e-05 14118.745567122338
41.49999999999978 2.6340675308840798e-05 14155.477847843365
41.54999999999978 2.6410909193996555e-05 14193.221534891381
41.599999999999774 2.6483476850033716e-05 14232.219390316872
41.64999999999977 2.6558828154594762e-05 14272.713178346747
41.69999999999977 2.6637320446968344e-05 14314.894933100308
41.749999999999766 2.67191507523343e-05 14358.870535901246
41.79999999999976 2.6804315087449604e-05 14404.63784615492
41.84999999999976 2.6893424289984394e-05 14452.525128000607
41.89999999999976 2.698685846124581e-05 14502.736647865424
41.949999999999754 2.7084427757883836e-05 14555.170383940736
41.99999999999975 2.7184970518539915e-05 14609.202059459338
42.04999999999975 2.7286562484398935e-05 14663.797577811654
42.099999999999746 2.7387078773575215e-05 14717.815027558081
42.14999999999974 2.748467602297098e-05 14770.263785444273
42.19999999999974 2.7578050170304576e-05 14820.443048452704
42.24999999999974 2.7666490027740884e-05 14867.970624269483
42.299999999999734 2.7749772539467383e-05 14912.726642709964
42.34999999999973 2.7828006632269985e-05 14954.7696410245
42.39999999999973 2.790151007210975e-05 14994.27038662774
42.449999999999726 2.7970717223667306e-05 15031.462307081523
42.49999999999972 2.8036115256157148e-05 15066.607207102055
42.54999999999972 2.8098204119041765e-05 15099.9737595103
42.59999999999972 2.815747655019289e-05 15131.826761618639
42.649999999999714 2.8214423527741352e-05 15162.430065054763
42.69999999999971 2.8269564732995657e-05 15192.06294653289
42.74999999999971 2.832346890244302e-05 15221.031045018293
42.799999999999706 2.8376747273375565e-05 15249.66283940709
42.8499999999997 2.8430023661612187e-05 15278.293568295181
42.8999999999997 2.848389465567412e-05 15307.243838329794
42.9499999999997 2.8538895303300393e-05 15336.801184144288
42.999999999999694 2.8595480321759207e-05 15367.209970780244
43.04999999999969 2.8654020984114234e-05 15398.669720367096
43.09999999999969 2.871480733545386e-05 15431.336303123631
43.149999999999686 2.8778047611091144e-05 15465.321624698687
43.19999999999968 2.8843871527355534e-05 15500.695394642473
43.24999999999968 2.8912390729410168e-05 15537.51761106115
43.29999999999968 2.8983719196194488e-05 15575.849526232178
43.349999999999675 2.9057947119022376e-05 15615.739608963995
43.39999999999967 2.9135103777414354e-05 15657.20359406975
43.44999999999967 2.9215138868162016e-05 15700.214448607272
43.499999999999666 2.929795250322022e-05 15744.718492745134
43.54999999999966 2.9383471890637358e-05 15790.676608091484
43.59999999999966 2.947164925915399e-05 15838.063122373424
43.64999999999966 2.956239121377217e-05 15886.827845122827
43.699999999999655 2.9655492787254328e-05 15936.860626954494
43.74999999999965 2.9750603334552116e-05 15987.9730312336
43.79999999999965 2.9847228725667134e-05 16039.899512518943
43.849999999999646 2.9944751116334765e-05 16092.308041327657
43.89999999999964 3.0042444134170496e-05 16144.808265169622
43.94999999999964 3.0139471085608274e-05 16196.95054495621
43.99999999999964 3.023488700986319e-05 16248.227058799748
44.049999999999635 3.0327687628842493e-05 16298.098107693731
44.09999999999963 3.041685161747458e-05 16346.014831585895
44.14999999999963 3.0501401300738304e-05 16391.451827959336
44.199999999999626 3.058048629291558e-05 16433.95209956348
44.24999999999962 3.0653459323801575e-05 16473.167803416374
44.29999999999962 3.07199134050018e-05 16508.880223971242
44.34999999999962 3.077967092822233e-05 16540.993914538103
44.399999999999615 3.0832743986328076e-05 16569.51537382206
44.44999999999961 3.087929254559116e-05 16594.530567691312
44.49999999999961 3.0919581936357636e-05 16616.18208466311
44.549999999999606 3.095386881517575e-05 16634.60785195612
44.5999999999996 3.098236985130178e-05 16649.92430761993
44.6499999999996 3.100534393698891e-05 16662.27058034094
44.6999999999996 3.1023179431708143e-05 16671.855374483206
44.749999999999595 3.1036369802324565e-05 16678.9438791201
44.79999999999959 3.1045421290858066e-05 16683.80814869268
44.84999999999959 3.10507680171019e-05 16686.681479160314
44.89999999999959 3.1052734080372274e-05 16687.738041482466
44.949999999999584 3.105154314446522e-05 16687.09803257408
44.99999999999958 3.104734892772409e-05 16684.84406066668
45.04999999999958 3.104025743681909e-05 16681.03309374055
45.099999999999575 3.103032452502019e-05 16675.69514734072
45.14999999999957 3.101755295090656e-05 16668.83170392752
45.19999999999957 3.100190656510583e-05 16660.42333682971
45.24999999999957 3.098336909246319e-05 16650.46129977974
45.299999999999564 3.0962025816691097e-05 16638.991424241245
45.34999999999956 3.0938128914657426e-05 16626.149230052848
45.39999999999956 3.091204564929868e-05 16612.132084301793
45.449999999999555 3.0884038440006865e-05 16597.081011158763
45.49999999999955 3.08541456638964e-05 16581.01663448349
45.54999999999955 3.082222256898605e-05 16563.86116456711
45.59999999999955 3.078808378868912e-05 16545.514985413403
45.649999999999544 3.0751636474867315e-05 16525.928200436603
45.69999999999954 3.0713006448982335e-05 16505.16842608515
45.74999999999954 3.067268182204144e-05 16483.497973194644
45.799999999999535 3.0631499641937286e-05 16461.36667126881
45.84999999999953 3.059049316406924e-05 16439.329791717573
45.89999999999953 3.055072730384134e-05 16417.95962003608
45.94999999999953 3.0513245142536805e-05 16397.816708063827
45.999999999999524 3.0479027743799104e-05 16379.428279363223
46.04999999999952 3.044911930219026e-05 16363.355484049756
46.09999999999952 3.0424674396234924e-05 16350.21879257597
46.149999999999515 3.0406699057196796e-05 16340.558846102378
46.19999999999951 3.039586835711002e-05 16334.738428312878
46.24999999999951 3.0392564835003388e-05 16332.963115666107
46.29999999999951 3.039694204773429e-05 16335.315429611026
46.349999999999504 3.0409043968143047e-05 16341.81900115025
46.3999999999995 3.0428972383975376e-05 16352.528531014219
46.4499999999995 3.04570411876224e-05 16367.612704961255
46.499999999999496 3.0493876074086903e-05 16387.407771460596
46.54999999999949 3.054028597295103e-05 16412.348449237044
46.59999999999949 3.0596952833037104e-05 16442.801217560187
46.64999999999949 3.06642520907868e-05 16478.96783595863
46.699999999999484 3.074229446767117e-05 16520.907806146446
46.74999999999948 3.083099520887645e-05 16568.57558089014
46.79999999999948 3.093000244483994e-05 16621.78206550092
46.849999999999476 3.1038529500497956e-05 16680.104500831312
46.89999999999947 3.1155294200155505e-05 16742.853845714577
46.94999999999947 3.1278720782469295e-05 16809.183286068426
46.99999999999947 3.140738892975457e-05 16878.3295432264
47.049999999999464 3.1540454974680014e-05 16949.839230398695
47.09999999999946 3.167783932437764e-05 17023.66957438127
47.14999999999946 3.1820207996589126e-05 17100.17849308163
47.199999999999456 3.1968660996250664e-05 17179.957129108072
47.24999999999945 3.212417444505238e-05 17263.530050217487
47.29999999999945 3.228728762146794e-05 17351.18706463985
47.34999999999945 3.245806184382272e-05 17442.961124840742
47.399999999999444 3.26362187775314e-05 17538.702653825254
47.44999999999944 3.2821305479569154e-05 17638.168240030114
47.49999999999944 3.301282286667761e-05 17741.089676132426
47.549999999999436 3.321033168518e-05 17847.23090722402
47.59999999999943 3.341336565842556e-05 17956.341356251596
47.64999999999943 3.3621348078421245e-05 18068.111100362963
47.69999999999943 3.383349042170574e-05 18182.116387081842
47.749999999999424 3.404882519096096e-05 18297.837283388537
47.79999999999942 3.4266586711807305e-05 18414.86231590236
47.84999999999942 3.448625339953971e-05 18532.911185023855
47.899999999999416 3.4707272572410563e-05 18651.686879604167
47.94999999999941 3.492875232338883e-05 18770.710088840813
47.99999999999941 3.514938039513019e-05 18889.27560568992
48.04999999999941 3.536769483822024e-05 19006.59777859519
48.099999999999405 3.558244909489263e-05 19122.006707463304
48.1499999999994 3.5792715077812514e-05 19235.003638197973
48.1999999999994 3.599766699972967e-05 19345.14479276425
48.249999999999396 3.619629137124273e-05 19451.885521998756
48.29999999999939 3.6387166833708e-05 19554.461987823724
48.34999999999939 3.6568423815873726e-05 19651.86948272393
48.39999999999939 3.6738297596472394e-05 19743.159645561434
48.449999999999385 3.689547643351195e-05 19827.627546242646
48.49999999999938 3.703918420350578e-05 19904.856096037183
48.54999999999938 3.716902849485039e-05 19974.634412965177
48.599999999999376 3.7284826042664064e-05 20036.864010486577
48.64999999999937 3.738665727469887e-05 20091.588110472105
48.69999999999937 3.7475095655941734e-05 20139.114892982583
48.74999999999937 3.7551173609225954e-05 20179.999182006966
48.799999999999365 3.761605876211037e-05 20214.86846054824
48.84999999999936 3.767072347198801e-05 20244.24527343018
48.89999999999936 3.7715757846838304e-05 20268.44674465711
48.949999999999356 3.775133469375964e-05 20287.565740756727
48.99999999999935 3.777726171583971e-05 20301.498921376126
49.04999999999935 3.779310947436818e-05 20310.0155061697
49.09999999999935 3.779858181730743e-05 20312.95634304439
49.149999999999345 3.779385746445196e-05 20310.417476010538
49.19999999999934 3.777968886364967e-05 20302.80327051124
49.24999999999934 3.775725789744391e-05 20290.74887017759
49.299999999999336 3.7727918930388915e-05 20274.98211046638
49.34999999999933 3.769298670963538e-05 20256.20953644332
49.39999999999933 3.765352513809974e-05 20235.00288949276
49.44999999999933 3.7610128913317095e-05 20211.681760046067
49.499999999999325 3.756280890799212e-05 20186.251991094294
49.54999999999932 3.751104989195187e-05 20158.436697963294
49.59999999999932 3.74540596680326e-05 20127.81015392924
49.64999999999932 3.7391369263446584e-05 20094.120333034945
49.699999999999314 3.7322418827519154e-05 20057.06637155043
49.74999999999931 3.724614600127788e-05 20016.077357806796
49.79999999999931 3.7161556427074445e-05 19970.61892404396
49.849999999999305 3.70678853234429e-05 19920.280076733
49.8999999999993 3.696435193840937e-05 19864.64123979466
49.9499999999993 3.684992630758317e-05 19803.14891040695
49.9999999999993 3.672331039524645e-05 19735.105524227507
50.049999999999294 3.658313268261451e-05 19659.774027116768
