# Body fitted drag for model part Drag_structure
# Time Fx Fy Fz
0.05 -0.00000000 -0.00000000 -0.00000000
0.1 1147.38388716 0.13107607 -0.00000000
0.15000000000000002 2683.08794450 0.37080385 -0.00000000
0.2 4466.95802496 0.65787575 -0.00000000
0.25 6341.70267912 0.91176671 -0.00000000
0.3 8144.35207460 1.03947568 -0.00000000
0.35 9715.33416770 0.94364822 -0.00000000
0.39999999999999997 10910.89305110 0.53515393 -0.00000000
0.44999999999999996 11618.66397863 -0.25464518 -0.00000000
0.49999999999999994 11773.92284449 -1.46323722 -0.00000000
0.5499999999999999 11372.48092372 -3.08606382 -0.00000000
0.6 10475.99142652 -5.06169355 -0.00000000
0.65 9206.79225173 -7.25334208 -0.00000000
0.7000000000000001 7732.00319247 -9.43604738 -0.00000000
0.7500000000000001 6239.55435817 -11.30543522 -0.00000000
0.8000000000000002 4911.02999679 -12.51982253 -0.00000000
0.8500000000000002 3896.84397121 -12.77236194 -0.00000000
0.9000000000000002 3298.19440580 -11.87309058 -0.00000000
0.9500000000000003 3158.06849271 -9.81304372 -0.00000000
1.0000000000000002 3461.23238885 -6.78862172 -0.00000000
1.0500000000000003 4141.46391789 -3.17993039 -0.00000000
1.1000000000000003 5093.62788813 0.50674804 -0.00000000
1.1500000000000004 6188.41032407 3.71329582 -0.00000000
1.2000000000000004 7288.14386133 5.90206413 -0.00000000
1.2500000000000004 8262.64794775 6.61555400 -0.00000000
1.3000000000000005 9004.05799964 5.52333256 -0.00000000
1.3500000000000005 9439.28074431 2.46305781 -0.00000000
1.4000000000000006 9538.36470842 -2.51852686 -0.00000000
1.4500000000000006 9317.15519333 -9.12808914 -0.00000000
1.5000000000000007 8833.33506464 -16.80748143 -0.00000000
1.5500000000000007 8176.21304612 -24.75735448 -0.00000000
1.6000000000000008 7451.99776728 -32.01966302 -0.00000000
1.6500000000000008 6767.28822005 -37.61838230 -0.00000000
1.7000000000000008 6213.77591323 -40.73463732 -0.00000000
1.7500000000000009 5856.64935845 -40.87539698 -0.00000000
1.800000000000001 5728.16885481 -37.99202191 -0.00000000
1.850000000000001 5826.72352344 -32.51771322 -0.00000000
1.900000000000001 6120.72701043 -25.31524582 -0.00000000
1.950000000000001 6556.11802495 -17.54883993 -0.00000000
2.000000000000001 7065.99471084 -10.50873982 -0.00000000
2.0500000000000007 7580.91436600 -5.42167182 -0.00000000
2.1000000000000005 8038.51039765 -3.27597296 -0.00000000
2.1500000000000004 8391.26044231 -4.68295746 -0.00000000
2.2 8611.49339100 -9.78856271 -0.00000000
2.25 8693.09519925 -18.24405526 -0.00000000
2.3 8649.87413715 -29.24050616 -0.00000000
2.3499999999999996 8511.10740542 -41.60681596 -0.00000000
2.3999999999999995 8315.27287773 -53.96356551 -0.00000000
2.4499999999999993 8103.22610631 -64.91508798 -0.00000000
2.499999999999999 7912.03967374 -73.25248324 -0.00000000
2.549999999999999 7770.41471198 -78.13449067 -0.00000000
2.5999999999999988 7696.12378312 -79.21467662 -0.00000000
2.6499999999999986 7695.49470712 -76.69234395 -0.00000000
2.6999999999999984 7764.60151061 -71.27922508 -0.00000000
2.7499999999999982 7891.63547585 -64.08986724 -0.00000000
2.799999999999998 8059.87401641 -56.47645643 -0.00000000
2.849999999999998 8250.70954509 -49.83590382 -0.00000000
2.8999999999999977 8446.30524381 -45.41805703 -0.00000000
2.9499999999999975 8631.58280500 -44.16068926 -0.00000000
2.9999999999999973 8795.40204607 -46.57201997 -0.00000000
3.049999999999997 8930.95252038 -52.67362601 -0.00000000
3.099999999999997 9035.52863562 -61.99934841 -0.00000000
3.149999999999997 9109.87185690 -73.63578784 -0.00000000
3.1999999999999966 9157.24060469 -86.32429516 -0.00000000
3.2499999999999964 9182.90270527 -98.80948251 -0.00000000
3.2999999999999963 9193.26716569 -109.92368639 -0.00000000
3.349999999999996 9195.33873335 -118.69875573 -0.00000000
3.399999999999996 9196.28426407 -124.48196194 -0.00000000
3.4499999999999957 9202.99438073 -126.95851918 -0.00000000
3.4999999999999956 9221.66192209 -126.34675628 -0.00000000
3.5499999999999954 9257.31008136 -123.34365384 -0.00000000
3.599999999999995 9313.30844868 -118.98207189 -0.00000000
3.649999999999995 9390.95877711 -114.45193956 -0.00000000
3.699999999999995 9489.22997490 -110.91437963 -0.00000000
3.7499999999999947 9604.74874260 -109.34127037 -0.00000000
3.7999999999999945 9732.11442730 -110.40437102 -0.00000000
3.8499999999999943 9864.51666160 -114.39429042 -0.00000000
3.899999999999994 9994.50832649 -121.20204938 -0.00000000
3.949999999999994 10115.03193580 -130.34814649 -0.00000000
3.999999999999994 10220.41297330 -141.07079108 -0.00000000
4.049999999999994 10307.14483880 -152.42435737 -0.00000000
4.099999999999993 10374.35209426 -163.39661985 -0.00000000
4.149999999999993 10423.90536398 -173.06708274 -0.00000000
4.199999999999993 10460.11600889 -180.75345486 -0.00000000
4.249999999999993 10489.04974000 -186.11000545 -0.00000000
4.299999999999993 10517.57829799 -189.16137495 -0.00000000
4.3499999999999925 10552.33285261 -190.27855717 -0.00000000
4.399999999999992 10598.72957390 -190.10602364 -0.00000000
4.449999999999992 10660.22088666 -189.45067277 -0.00000000
4.499999999999992 10737.88348532 -189.15212699 -0.00000000
4.549999999999992 10830.39284275 -189.95575937 -0.00000000
4.599999999999992 10934.36769317 -192.40761383 -0.00000000
4.6499999999999915 11045.00859495 -196.78570455 -0.00000000
4.699999999999991 11156.91182425 -203.07568594 -0.00000000
4.749999999999991 11264.91967615 -210.99166450 -0.00000000
4.799999999999991 11364.87258155 -220.03630049 -0.00000000
4.849999999999991 11454.15451265 -229.58953181 -0.00000000
4.899999999999991 11531.96414445 -239.01154185 -0.00000000
4.94999999999999 11599.29159953 -247.74270060 -0.00000000
4.99999999999999 11658.62756895 -255.38334920 -0.00000000
5.04999999999999 11713.47223415 -261.74165721 -0.00000000
5.09999999999999 11767.73718025 -266.84505883 -0.00000000
5.14999999999999 11825.14037830 -270.91681438 -0.00000000
5.1999999999999895 11888.68551926 -274.32425059 -0.00000000
5.249999999999989 11960.29533489 -277.50929925 -0.00000000
5.299999999999989 12040.63877861 -280.91401049 -0.00000000
5.349999999999989 12129.15821691 -284.91338100 -0.00000000
5.399999999999989 12224.27191823 -289.76546284 -0.00000000
5.449999999999989 12323.70344171 -295.58514865 -0.00000000
5.4999999999999885 12424.87581121 -302.34411731 -0.00000000
5.549999999999988 12525.30626046 -309.89443825 -0.00000000
5.599999999999988 12622.95001283 -318.00178843 -0.00000000
5.649999999999988 12716.45799243 -326.37155139 -0.00000000
5.699999999999988 12805.30963680 -334.68712479 -0.00000000
5.749999999999988 12889.80371745 -342.66501093 -0.00000000
5.799999999999987 12970.93041905 -350.10037624 -0.00000000
5.849999999999987 13050.16042529 -356.89083651 -0.00000000
5.899999999999987 13129.18946983 -363.03818451 -0.00000000
5.949999999999987 13209.67878804 -368.63271702 -0.00000000
5.999999999999987 13293.03101464 -373.82801027 -0.00000000
6.0499999999999865 13380.23991693 -378.81708856 -0.00000000
6.099999999999986 13471.83582549 -383.81868631 -0.00000000
6.149999999999986 13567.80098850 -389.02449424 -0.00000000
6.199999999999986 13667.48327764 -394.51820281 -0.00000000
6.249999999999986 13769.79442715 -400.28927494 -0.00000000
6.299999999999986 13873.47454444 -406.26523921 -0.00000000
6.349999999999985 13977.31820479 -412.33350333 -0.00000000
6.399999999999985 14080.35299409 -418.36079631 -0.00000000
6.449999999999985 14181.95785885 -424.21245352 -0.00000000
6.499999999999985 14281.91618401 -429.77118762 -0.00000000
6.549999999999985 14380.40820345 -434.94858741 -0.00000000
6.5999999999999845 14477.94049054 -439.68460432 -0.00000000
6.649999999999984 14575.22772402 -443.94815783 -0.00000000
6.699999999999984 14673.06524508 -447.73741148 -0.00000000
6.749999999999984 14772.21217502 -451.07541085 -0.00000000
6.799999999999984 14873.29573474 -454.00227706 -0.00000000
6.849999999999984 14976.74467268 -456.56582913 -0.00000000
6.8999999999999835 15082.75591856 -458.81241025 -0.00000000
6.949999999999983 15191.29477331 -460.77931463 -0.00000000
6.999999999999983 15302.12526725 -462.48969472 -0.00000000
7.049999999999983 15414.86432373 -463.95024111 -0.00000000
7.099999999999983 15529.05101667 -465.15136890 -0.00000000
7.149999999999983 15644.22081322 -466.06926490 -0.00000000
7.199999999999982 15759.97445593 -466.66903504 -0.00000000
7.249999999999982 15876.03229579 -466.90815788 -0.00000000
7.299999999999982 15992.26709272 -466.73985638 -0.00000000
7.349999999999982 16108.71200786 -466.11603867 -0.00000000
7.399999999999982 16225.54412567 -464.98981768 -0.00000000
7.4499999999999815 16343.04759116 -463.31770016 -0.00000000
7.499999999999981 16461.56359374 -461.06147659 -0.00000000
7.549999999999981 16581.43578263 -458.18985096 -0.00000000
7.599999999999981 16702.96009625 -454.67959997 -0.00000000
7.649999999999981 16826.34614098 -450.51618129 -0.00000000
7.699999999999981 16951.69530661 -445.69348999 -0.00000000
7.7499999999999805 17078.99743850 -440.21261685 -0.00000000
7.79999999999998 17208.14514031 -434.07950947 -0.00000000
7.84999999999998 17338.96194594 -427.30175752 -0.00000000
7.89999999999998 17471.23888199 -419.88469475 -0.00000000
7.94999999999998 17604.77276131 -411.82746593 -0.00000000
7.99999999999998 17739.39990094 -403.11961394 -0.00000000
8.04999999999998 17875.02013607 -393.73892737 -0.00000000
8.09999999999998 18011.60839773 -383.65097024 -0.00000000
8.14999999999998 18149.21338491 -372.81037289 -0.00000000
8.199999999999982 18287.94512825 -361.16375621 -0.00000000
8.249999999999982 18427.95471867 -348.65380909 -0.00000000
8.299999999999983 18569.41024862 -335.22388323 -0.00000000
8.349999999999984 18712.47292567 -320.82244166 -0.00000000
8.399999999999984 18857.27656979 -305.40677971 -0.00000000
8.449999999999985 19003.91295445 -288.94545637 -0.00000000
8.499999999999986 19152.42477874 -271.41887974 -0.00000000
8.549999999999986 19302.80718408 -252.81776972 -0.00000000
8.599999999999987 19455.01719640 -233.13971759 -0.00000000
8.649999999999988 19608.98870123 -212.38456985 -0.00000000
8.699999999999989 19764.64961522 -190.54955295 -0.00000000
8.74999999999999 19921.93794607 -167.62501651 -0.00000000
8.79999999999999 20080.81420585 -143.59152107 -0.00000000
8.84999999999999 20241.26862660 -118.41867046 -0.00000000
8.899999999999991 20403.32283334 -92.06579481 -0.00000000
8.949999999999992 20567.02638305 -64.48425830 -0.00000000
8.999999999999993 20732.44924602 -35.62086951 -0.00000000
9.049999999999994 20899.67148220 -5.42171868 -0.00000000
9.099999999999994 21068.77153226 26.16435800 -0.00000000
9.149999999999995 21239.81512540 59.18374332 -0.00000000
9.199999999999996 21412.84896389 93.68082247 -0.00000000
9.249999999999996 21587.91228831 129.71808294 -0.00000000
9.299999999999997 21765.00100622 167.31848691 -0.00000000
9.349999999999998 21944.09749711 206.50437003 -0.00000000
9.399999999999999 22125.19673025 247.27932683 -0.00000000
9.45 22308.30152859 289.62035358 -0.00000000
9.5 22493.40165465 333.50491256 -0.00000000
9.55 22680.45297033 378.92608744 -0.00000000
9.600000000000001 22869.39695684 425.89685752 -0.00000000
9.650000000000002 23060.19191242 474.43997992 -0.00000000
9.700000000000003 23252.83681251 524.58039798 -0.00000000
9.750000000000004 23447.36918317 576.35789682 -0.00000000
9.800000000000004 23643.84852666 629.83848102 -0.00000000
9.850000000000005 23842.32449196 685.07665059 -0.00000000
9.900000000000006 24042.79201116 742.06188033 -0.00000000
9.950000000000006 24245.13903829 800.67318206 -0.00000000
10.000000000000007 24449.12125221 860.69296000 -0.00000000
10.050000000000008 23082.47452182 940.21591059 -0.00000000
10.100000000000009 20788.44581092 1016.05514999 -0.00000000
10.15000000000001 18296.97882477 1070.19324964 -0.00000000
10.20000000000001 16242.13313293 1099.75897129 -0.00000000
10.25000000000001 15021.69586665 1117.63521421 -0.00000000
10.300000000000011 14757.55896833 1146.09693152 -0.00000000
10.350000000000012 15330.13566927 1201.84273909 -0.00000000
10.400000000000013 16462.04394334 1283.09940435 -0.00000000
10.450000000000014 17813.16654172 1376.04293507 -0.00000000
10.500000000000014 19068.82415470 1461.52003606 -0.00000000
10.550000000000015 20004.44170083 1524.60194210 -0.00000000
10.600000000000016 20513.40836462 1560.25649227 -0.00000000
10.650000000000016 20601.31997738 1573.73426258 -0.00000000
10.700000000000017 20357.76378907 1578.30542783 -0.00000000
10.750000000000018 19917.55253111 1590.24902067 -0.00000000
10.800000000000018 19421.96714150 1623.19637822 -0.00000000
10.85000000000002 18989.44226309 1685.95004116 -0.00000000
10.90000000000002 18698.61344703 1778.58822558 -0.00000000
10.95000000000002 18485.17973534 1981.07495765 -0.00000000
11.000000000000021 18627.52671524 2131.09642690 -0.00000000
11.050000000000022 19005.86249835 2209.20414740 -0.00000000
11.100000000000023 19474.09143137 2232.69403963 -0.00000000
11.150000000000023 19894.74570678 2231.71364407 -0.00000000
11.200000000000024 20170.23502670 2240.54590202 -0.00000000
11.250000000000025 20265.06471262 2277.97011753 -0.00000000
11.300000000000026 20182.29122873 2361.94922986 -0.00000000
11.350000000000026 19988.14032491 2468.13882142 -0.00000000
11.400000000000027 19837.97840735 2566.92368270 -0.00000000
11.450000000000028 19825.18398712 2669.05410490 -0.00000000
11.500000000000028 19947.61106901 2762.98193883 -0.00000000
11.55000000000003 20136.65818969 2845.11367948 -0.00000000
11.60000000000003 20313.33557251 2918.97940217 -0.00000000
11.65000000000003 20429.57804108 2991.51167702 -0.00000000
11.700000000000031 20477.66996523 3071.48695707 -0.00000000
11.750000000000032 20483.96707323 3163.27655826 -0.00000000
11.800000000000033 20485.00812397 3262.30669112 -0.00000000
11.850000000000033 20508.37642331 3359.80027877 -0.00000000
11.900000000000034 20562.58427562 3456.93300049 -0.00000000
11.950000000000035 20638.50505646 3552.82944554 -0.00000000
12.000000000000036 20717.53434349 3646.55589293 -0.00000000
12.050000000000036 20786.68715538 3742.08513229 -0.00000000
12.100000000000037 20841.82706330 3843.65122489 -0.00000000
12.150000000000038 20885.09979146 3951.23522452 -0.00000000
12.200000000000038 20922.69507850 4063.15700983 -0.00000000
12.250000000000039 20962.23689347 4177.49917897 -0.00000000
12.30000000000004 21006.95268610 4292.65852477 -0.00000000
12.35000000000004 21056.22261521 4407.30527193 -0.00000000
12.400000000000041 21107.30067612 4521.24733066 -0.00000000
12.450000000000042 21156.83780689 4635.41800869 -0.00000000
12.500000000000043 21202.27244915 4750.68382532 -0.00000000
12.550000000000043 21242.11388558 4865.76713500 -0.00000000
12.600000000000044 21277.01225561 4980.50368925 -0.00000000
12.650000000000045 21308.77850114 5097.23544891 -0.00000000
12.700000000000045 21338.76319267 5217.10288943 -0.00000000
12.750000000000046 21368.73709746 5337.55805233 -0.00000000
12.800000000000047 21398.65862531 5456.06470714 -0.00000000
12.850000000000048 21427.64428334 5571.83557458 -0.00000000
12.900000000000048 21455.03036392 5685.75285259 -0.00000000
12.950000000000049 21479.99402102 5798.45605353 -0.00000000
13.00000000000005 21501.75985454 5909.77868224 -0.00000000
13.05000000000005 21520.04696943 6019.18449774 -0.00000000
13.100000000000051 21535.15830813 6126.19643729 -0.00000000
13.150000000000052 21547.67948971 6230.48128783 -0.00000000
13.200000000000053 21558.10099549 6331.76899605 -0.00000000
13.250000000000053 21566.64612425 6429.85998290 -0.00000000
13.300000000000054 21573.32236405 6524.69510261 -0.00000000
13.350000000000055 21578.02445603 6616.25961176 -0.00000000
13.400000000000055 21580.61849691 6704.42030968 -0.00000000
13.450000000000056 21580.99791132 6788.93065893 -0.00000000
13.500000000000057 21579.09524135 6869.56087865 -0.00000000
13.550000000000058 21574.90420675 6946.16458042 -0.00000000
13.600000000000058 21568.51981817 7018.63056716 -0.00000000
13.650000000000059 21560.12753578 7086.81804206 -0.00000000
13.70000000000006 21549.93568894 7150.54725481 -0.00000000
13.75000000000006 21538.11544172 7209.65048777 -0.00000000
13.800000000000061 21524.79201505 7264.05320039 -0.00000000
13.850000000000062 21510.06641147 7313.83754996 -0.00000000
13.900000000000063 21494.08829733 7359.46985487 -0.00000000
13.950000000000063 21477.24002449 7402.65835010 -0.00000000
14.000000000000064 21459.27756418 7443.20637069 -0.00000000
14.050000000000065 21439.26255815 7478.70339605 -0.00000000
14.100000000000065 21416.76845265 7508.02150506 -0.00000000
14.150000000000066 21392.21278444 7531.24470686 -0.00000000
14.200000000000067 21366.45348614 7548.89815646 -0.00000000
14.250000000000068 21340.21165150 7561.52742501 -0.00000000
14.300000000000068 21314.00913773 7569.68467500 -0.00000000
14.350000000000069 21287.91115293 7573.34369672 -0.00000000
14.40000000000007 21261.72934650 7572.12180730 -0.00000000
14.45000000000007 21235.35093796 7565.80946949 -0.00000000
14.500000000000071 21208.76157681 7554.39172461 -0.00000000
14.550000000000072 21182.01489297 7538.01138985 -0.00000000
14.600000000000072 21155.16875388 7516.85681168 -0.00000000
14.650000000000073 21128.25279582 7491.04662417 -0.00000000
14.700000000000074 21101.29243506 7460.58830329 -0.00000000
14.750000000000075 21074.36450169 7425.42451147 -0.00000000
14.800000000000075 21047.63391763 7385.52141307 -0.00000000
14.850000000000076 21021.31642060 7340.90425105 -0.00000000
14.900000000000077 20995.59642318 7291.64589411 -0.00000000
14.950000000000077 20970.58874477 7237.94986327 -0.00000000
15.000000000000078 20946.30826205 7180.16836659 -0.00000000
15.050000000000079 20922.72428429 7118.58443632 -0.00000000
15.10000000000008 20899.82052722 7053.27659639 -0.00000000
15.15000000000008 20877.59682490 6984.19293849 -0.00000000
15.200000000000081 20856.03977425 6911.30323673 -0.00000000
15.250000000000082 20835.10242592 6834.69771551 -0.00000000
15.300000000000082 20814.70762021 6754.58733228 -0.00000000
15.350000000000083 20794.75895341 6671.24341392 -0.00000000
15.400000000000084 20775.13634896 6584.94485264 -0.00000000
15.450000000000085 20755.68941046 6495.95106399 -0.00000000
15.500000000000085 20736.29615660 6404.43155947 -0.00000000
15.550000000000086 20717.00305052 6310.33187464 -0.00000000
15.600000000000087 20698.04415995 6213.41096753 -0.00000000
15.650000000000087 20679.62698698 6113.53364252 -0.00000000
15.700000000000088 20661.73503466 6010.86028461 -0.00000000
15.750000000000089 20644.13420169 5905.75373710 -0.00000000
15.80000000000009 20626.51679381 5798.57549976 -0.00000000
15.85000000000009 20608.64111367 5689.56456333 -0.00000000
15.900000000000091 20590.38681257 5578.83911452 -0.00000000
15.950000000000092 20576.15030421 5496.31634413 -0.00000000
16.000000000000092 20556.91499684 5378.96402147 -0.00000000
16.050000000000093 20543.41051025 5309.25760432 -0.00000000
16.100000000000094 20521.99075615 5208.64588632 -0.00000000
16.150000000000095 20493.53076090 5087.81572444 -0.00000000
16.200000000000095 20460.81510388 4951.34858736 -0.00000000
16.250000000000096 20427.44257160 4810.08169659 -0.00000000
16.300000000000097 20396.56966617 4671.82388181 -0.00000000
16.350000000000097 20370.00055615 4541.19401908 -0.00000000
16.400000000000098 20347.84693451 4418.98560175 -0.00000000
16.4500000000001 20328.76162841 4303.10046284 -0.00000000
16.5000000000001 20310.56459943 4190.05372845 -0.00000000
16.5500000000001 20290.99111254 4076.44719624 -0.00000000
16.6000000000001 20268.31007255 3959.97603370 -0.00000000
16.6500000000001 20241.65782882 3839.80503016 -0.00000000
16.700000000000102 20211.05704980 3716.39116700 -0.00000000
16.750000000000103 20150.92899829 3500.44353191 -0.00000000
16.800000000000104 20097.64020057 3315.91922758 -0.00000000
16.850000000000104 20081.11979525 3238.82674987 -0.00000000
16.900000000000105 20072.86236737 3192.39797391 -0.00000000
16.950000000000106 20052.85870990 3105.86781727 -0.00000000
17.000000000000107 20016.35813642 2978.43437585 -0.00000000
17.050000000000107 19969.33995134 2832.50560357 -0.00000000
17.100000000000108 19920.17634578 2690.65672477 -0.00000000
17.15000000000011 19874.09067330 2561.22592728 -0.00000000
17.20000000000011 19832.01259419 2440.82749369 -0.00000000
17.25000000000011 19792.17414656 2322.52070521 -0.00000000
17.30000000000011 19752.23135201 2201.78140605 -0.00000000
17.35000000000011 19710.63098164 2077.90246783 -0.00000000
17.400000000000112 19666.98396397 1952.42638583 -0.00000000
17.450000000000113 19621.76973545 1827.09044486 -0.00000000
17.500000000000114 19575.80375468 1702.72159980 -0.00000000
17.550000000000114 19529.78048401 1579.21160306 -0.00000000
17.600000000000115 19484.02560660 1456.01131272 -0.00000000
17.650000000000116 19438.35624174 1332.49148513 -0.00000000
17.700000000000117 19392.62503890 1208.44286166 -0.00000000
17.750000000000117 19347.00621411 1084.14433680 -0.00000000
17.800000000000118 19301.61520049 959.86419884 -0.00000000
17.85000000000012 19256.47716701 835.70254641 -0.00000000
17.90000000000012 19211.59109529 711.60413168 -0.00000000
17.95000000000012 19166.98945830 587.44616221 -0.00000000
18.00000000000012 19122.75383694 463.12265560 -0.00000000
18.05000000000012 19078.99335967 338.58443043 -0.00000000
18.100000000000122 19035.81392941 213.83395438 -0.00000000
18.150000000000123 18993.30040655 88.89732424 -0.00000000
18.200000000000124 18951.51662938 -36.20224738 -0.00000000
18.250000000000124 18910.51519550 -161.45628329 -0.00000000
18.300000000000125 18870.34687611 -286.86853879 -0.00000000
18.350000000000126 18831.06486288 -412.44590294 -0.00000000
18.400000000000126 18792.72456107 -538.19002012 -0.00000000
18.450000000000127 18755.38166981 -664.09271348 -0.00000000
18.500000000000128 18719.09046558 -790.13514547 -0.00000000
18.55000000000013 18683.90292781 -916.28945408 -0.00000000
18.60000000000013 18649.86921428 -1042.52093079 -0.00000000
18.65000000000013 18617.03974649 -1168.79062782 -0.00000000
18.70000000000013 18585.46746122 -1295.06516975 -0.00000000
18.75000000000013 18555.20468455 -1421.33395687 -0.00000000
18.800000000000132 18526.27038651 -1547.56067261 -0.00000000
18.850000000000133 18498.62234125 -1673.59557571 -0.00000000
18.900000000000134 18472.22630629 -1799.26690969 -0.00000000
18.950000000000134 18447.11069256 -1924.48352340 -0.00000000
19.000000000000135 18423.34553952 -2049.22734179 -0.00000000
19.050000000000136 18400.99333233 -2173.49595166 -0.00000000
19.100000000000136 18380.07726213 -2297.25676570 -0.00000000
19.150000000000137 18360.57894026 -2420.43324704 -0.00000000
19.200000000000138 18342.45291654 -2542.91430414 -0.00000000
19.25000000000014 18325.64549970 -2664.57197831 -0.00000000
19.30000000000014 18310.12938576 -2785.28235596 -0.00000000
19.35000000000014 18295.96683601 -2904.91454041 -0.00000000
19.40000000000014 18283.27608681 -3023.37363635 -0.00000000
19.45000000000014 18272.08889388 -3140.72217032 -0.00000000
19.500000000000142 18262.38926040 -3256.96260268 -0.00000000
19.550000000000143 18254.13609786 -3371.97866155 -0.00000000
19.600000000000144 18247.27805257 -3485.59363677 -0.00000000
19.650000000000144 18241.76450308 -3597.64794867 -0.00000000
19.700000000000145 18237.55559248 -3708.03391685 -0.00000000
19.750000000000146 18234.63098360 -3816.67513794 -0.00000000
19.800000000000146 18232.98933301 -3923.48580878 -0.00000000
19.850000000000147 18232.63733220 -4028.34757538 -0.00000000
19.900000000000148 18233.57759787 -4131.11486686 -0.00000000
19.95000000000015 18235.80773494 -4231.63865267 -0.00000000
20.00000000000015 18239.34614827 -4329.79566820 -0.00000000
20.05000000000015 18244.26546722 -4425.50170502 -0.00000000
20.10000000000015 18250.49925201 -4518.63176782 -0.00000000
20.15000000000015 18257.76900010 -4609.03078471 -0.00000000
20.200000000000152 18265.85972810 -4696.62599233 -0.00000000
20.250000000000153 18274.73233543 -4781.40035117 -0.00000000
20.300000000000153 18284.47305443 -4863.31342256 -0.00000000
20.350000000000154 18295.18956421 -4942.25728291 -0.00000000
20.400000000000155 18306.94001711 -5018.05155929 -0.00000000
20.450000000000156 18319.72738773 -5090.44549961 -0.00000000
20.500000000000156 18333.42749331 -5159.28070755 -0.00000000
20.550000000000157 18347.70198556 -5224.79633412 -0.00000000
20.600000000000158 18362.34051539 -5287.30717740 -0.00000000
20.65000000000016 18377.39287587 -5346.91383920 -0.00000000
20.70000000000016 18393.00868920 -5403.46844847 -0.00000000
20.75000000000016 18409.22895911 -5456.68435539 -0.00000000
20.80000000000016 18425.94318070 -5506.29954408 -0.00000000
20.85000000000016 18442.99113654 -5552.18454325 -0.00000000
20.900000000000162 18460.25857792 -5594.33712585 -0.00000000
20.950000000000163 18477.69978278 -5632.80193344 -0.00000000
21.000000000000163 18495.30449492 -5667.58333947 -0.00000000
21.050000000000164 18513.05022094 -5698.59557414 -0.00000000
21.100000000000165 18530.87072869 -5725.67268086 -0.00000000
21.150000000000166 18548.67038527 -5748.70621570 -0.00000000
21.200000000000166 18566.37426168 -5767.80749539 -0.00000000
21.250000000000167 18583.93574758 -5783.18931641 -0.00000000
21.300000000000168 18601.30968880 -5794.96193172 -0.00000000
21.35000000000017 18618.45001752 -5803.09154061 -0.00000000
21.40000000000017 18635.32763946 -5807.48519307 -0.00000000
21.45000000000017 18651.93056135 -5808.08002052 -0.00000000
21.50000000000017 18668.17706957 -5804.69025198 -0.00000000
21.55000000000017 18683.75762988 -5796.92937361 -0.00000000
21.600000000000172 18698.84771557 -5784.91017941 -0.00000000
21.650000000000173 18713.69724435 -5769.19927264 -0.00000000
21.700000000000173 18728.41288691 -5750.29480008 -0.00000000
21.750000000000174 18742.98151158 -5728.42438057 -0.00000000
21.800000000000175 18757.38253980 -5703.46531190 -0.00000000
21.850000000000176 18771.58640071 -5675.03785773 -0.00000000
21.900000000000176 18785.43034184 -5642.79595912 -0.00000000
21.950000000000177 18798.70880070 -5606.61161614 -0.00000000
22.000000000000178 18811.30894334 -5566.54402992 -0.00000000
22.05000000000018 18823.16886638 -5522.80248556 -0.00000000
22.10000000000018 18834.24584011 -5475.63186900 -0.00000000
22.15000000000018 18844.55405754 -5425.14034680 -0.00000000
22.20000000000018 18854.15888364 -5371.19588646 -0.00000000
22.25000000000018 18861.15416892 -5329.99533842 -0.00000000
22.300000000000182 18865.47846702 -5290.77636140 -0.00000000
22.350000000000183 18871.31135202 -5239.35731271 -0.00000000
22.400000000000183 18878.02328879 -5168.54159831 -0.00000000
22.450000000000184 18885.19328884 -5085.47176923 -0.00000000
22.500000000000185 18892.53138099 -4995.72565236 -0.00000000
22.550000000000185 18899.75316423 -4904.49946773 -0.00000000
22.600000000000186 18906.44004236 -4815.25111390 -0.00000000
22.650000000000187 18912.01015411 -4728.95671729 -0.00000000
22.700000000000188 18915.81612138 -4644.39874980 -0.00000000
22.75000000000019 18918.66619457 -4495.33621303 -0.00000000
22.80000000000019 18915.99006300 -4389.85337859 -0.00000000
22.85000000000019 18908.22145809 -4293.38349808 -0.00000000
22.90000000000019 18900.16071148 -4212.48517391 -0.00000000
22.95000000000019 18892.40542596 -4135.85019086 -0.00000000
23.000000000000192 18884.98758315 -4032.15935721 -0.00000000
23.050000000000193 18877.80756664 -3910.13067701 -0.00000000
23.100000000000193 18870.51609388 -3780.12585469 -0.00000000
23.150000000000194 18862.48474574 -3650.48309959 -0.00000000
23.200000000000195 18853.10929140 -3522.64490167 -0.00000000
23.250000000000195 18842.12332362 -3393.80838445 -0.00000000
23.300000000000196 18829.65178886 -3260.83888516 -0.00000000
23.350000000000197 18816.01967373 -3122.46137692 -0.00000000
23.400000000000198 18801.51317831 -2979.22261211 -0.00000000
23.4500000000002 18786.26403732 -2832.32761982 -0.00000000
23.5000000000002 18770.27931415 -2682.59742616 -0.00000000
23.5500000000002 18753.52497780 -2530.12842354 -0.00000000
23.6000000000002 18735.98090169 -2374.55187265 -0.00000000
23.6500000000002 18717.64844084 -2215.47728842 -0.00000000
23.700000000000202 18698.52455721 -2052.77195011 -0.00000000
23.750000000000203 18678.59548435 -1886.57841150 -0.00000000
23.800000000000203 18657.93695152 -1717.16507290 -0.00000000
23.850000000000204 18636.66656875 -1544.75154071 -0.00000000
23.900000000000205 18614.87149883 -1369.42303863 -0.00000000
23.950000000000205 18592.59222397 -1191.15257980 -0.00000000
24.000000000000206 18569.83958684 -1009.87711424 -0.00000000
24.050000000000207 18546.62413172 -825.56637645 -0.00000000
24.100000000000207 18522.97987566 -638.25544493 -0.00000000
24.150000000000208 18498.96731466 -448.05596908 -0.00000000
24.20000000000021 18474.34590512 -255.14405144 -0.00000000
24.25000000000021 18449.45948810 -59.66757779 -0.00000000
24.30000000000021 18424.77694780 138.40029005 -0.00000000
24.35000000000021 18400.46510555 339.00208435 -0.00000000
24.40000000000021 18376.42988676 541.99851339 -0.00000000
24.450000000000212 18352.52102362 747.25959182 -0.00000000
24.500000000000213 18328.66999541 954.70717927 -0.00000000
24.550000000000214 18304.91930456 1164.29787620 -0.00000000
24.600000000000215 18281.39566509 1375.97911306 -0.00000000
24.650000000000215 18258.25614612 1589.65417061 -0.00000000
24.700000000000216 18235.64159409 1805.18420609 -0.00000000
24.750000000000217 18213.65748958 2022.41608377 -0.00000000
24.800000000000217 18192.37899754 2241.20796621 -0.00000000
24.850000000000218 18171.85148222 2461.43010125 -0.00000000
24.90000000000022 18152.10927952 2682.95364246 -0.00000000
24.95000000000022 18133.27268180 2905.66999284 -0.00000000
25.00000000000022 18115.46960235 3129.44941298 -0.00000000
25.05000000000022 18098.82213983 3354.14099206 -0.00000000
25.10000000000022 18083.43489342 3579.58938277 -0.00000000
25.150000000000222 18069.38961151 3805.65275422 -0.00000000
25.200000000000223 18056.74784074 4032.21069769 -0.00000000
25.250000000000224 18045.55825924 4259.16012970 -0.00000000
25.300000000000225 18035.86377876 4486.40427164 -0.00000000
25.350000000000225 18027.70558677 4713.84124115 -0.00000000
25.400000000000226 18021.12407610 4941.35568830 -0.00000000
25.450000000000227 18016.15782122 5168.81213679 -0.00000000
25.500000000000227 18012.84074536 5396.04509263 -0.00000000
25.550000000000228 18011.19780355 5622.84361881 -0.00000000
25.60000000000023 18011.26135485 5848.96389160 -0.00000000
25.65000000000023 18013.13213177 6074.22402329 -0.00000000
25.70000000000023 18016.97189196 6298.54905013 -0.00000000
25.75000000000023 18022.91974704 6521.90031210 -0.00000000
25.80000000000023 18031.05029235 6744.20549592 -0.00000000
25.850000000000232 18041.37819641 6965.34717986 -0.00000000
25.900000000000233 18053.89356711 7185.15237200 -0.00000000
25.950000000000234 18068.60057784 7403.39450473 -0.00000000
26.000000000000234 18085.53865688 7619.79904001 -0.00000000
26.050000000000235 18104.78668596 7834.06108458 -0.00000000
26.100000000000236 18126.48994036 8046.16820464 -0.00000000
26.150000000000237 18150.70792564 8256.05126453 -0.00000000
26.200000000000237 18177.40638664 8463.51670378 -0.00000000
26.250000000000238 18206.57698528 8668.41636190 -0.00000000
26.30000000000024 18238.24019574 8870.57414001 -0.00000000
26.35000000000024 18272.40414919 9069.75853040 -0.00000000
26.40000000000024 18308.88775336 9265.72300217 -0.00000000
26.45000000000024 18347.68521598 9458.14246959 -0.00000000
26.50000000000024 18389.01566949 9646.61632570 -0.00000000
26.550000000000242 18433.01871857 9830.80068605 -0.00000000
26.600000000000243 18479.90955377 10010.54377553 -0.00000000
26.650000000000244 18529.89681448 10185.82468034 -0.00000000
26.700000000000244 18582.98148728 10356.49631015 -0.00000000
26.750000000000245 18639.07181579 10522.22611362 -0.00000000
26.800000000000246 18698.13924196 10682.73340221 -0.00000000
26.850000000000247 18760.13269235 10837.91304186 -0.00000000
26.900000000000247 18824.89770451 10987.59849950 -0.00000000
26.950000000000248 18892.27944699 11132.13807599 -0.00000000
27.00000000000025 18962.04645628 11271.57306263 -0.00000000
27.05000000000025 19033.95038581 11405.76909535 -0.00000000
27.10000000000025 19107.82302923 11534.73540114 -0.00000000
27.15000000000025 19183.53816842 11658.31594648 -0.00000000
27.20000000000025 19260.73408905 11775.73568580 -0.00000000
27.250000000000252 19338.77803624 11886.15917927 -0.00000000
27.300000000000253 19416.52642883 11989.33317806 -0.00000000
27.350000000000254 19494.54573363 12084.85008190 -0.00000000
27.400000000000254 19573.50552466 12172.66894827 -0.00000000
27.450000000000255 19653.80447324 12253.00620440 -0.00000000
27.500000000000256 19735.36661369 12326.01865596 -0.00000000
27.550000000000257 19817.74630453 12391.54956823 -0.00000000
27.600000000000257 19900.46382302 12449.39481478 -0.00000000
27.650000000000258 19982.73587916 12499.13273795 -0.00000000
27.70000000000026 20063.75737869 12539.87538982 -0.00000000
27.75000000000026 20143.67651349 12571.85295713 -0.00000000
27.80000000000026 20223.04673005 12596.25319384 -0.00000000
27.85000000000026 20302.47879850 12614.15368140 -0.00000000
27.90000000000026 20382.22686195 12625.63205912 -0.00000000
27.950000000000262 20462.03662750 12630.14004001 -0.00000000
28.000000000000263 20541.15713657 12627.15768425 -0.00000000
28.050000000000264 20619.01047530 12616.04560813 -0.00000000
28.100000000000264 20695.13543136 12596.12688121 -0.00000000
28.150000000000265 20769.19515197 12567.60397248 -0.00000000
28.200000000000266 20840.87031031 12531.33577208 -0.00000000
28.250000000000266 20910.29680368 12487.64881651 -0.00000000
28.300000000000267 20978.09832345 12436.18607313 -0.00000000
28.350000000000268 21044.63001113 12376.47966495 -0.00000000
28.40000000000027 21109.70932289 12308.25461970 -0.00000000
28.45000000000027 21172.73115833 12231.28833097 -0.00000000
28.50000000000027 21233.05691838 12145.53231121 -0.00000000
28.55000000000027 21290.24042722 12051.00533275 -0.00000000
28.60000000000027 21344.03138105 11947.68340649 -0.00000000
28.650000000000272 21394.24281348 11835.46196738 -0.00000000
28.700000000000273 21440.60751350 11713.43743097 -0.00000000
28.750000000000274 21482.70158809 11581.21786645 -0.00000000
28.800000000000274 21520.50953799 11439.42748848 -0.00000000
28.850000000000275 21554.58015503 11288.69690289 -0.00000000
28.900000000000276 21570.36403983 11221.88898847 -0.00000000
28.950000000000276 21591.85555546 11099.22435761 -0.00000000
29.000000000000277 21617.66961976 10933.35220559 -0.00000000
29.050000000000278 21645.70452735 10719.99126639 -0.00000000
29.10000000000028 21673.55138066 10480.58156192 -0.00000000
29.15000000000028 21698.67487279 10230.48030298 -0.00000000
29.20000000000028 21718.68714885 9982.89146451 -0.00000000
29.25000000000028 21746.68894172 9432.91836811 -0.00000000
29.30000000000028 21741.90838853 9242.50898839 -0.00000000
29.350000000000282 21717.28969686 9201.12662468 -0.00000000
29.400000000000283 21685.09014478 9087.09309414 -0.00000000
29.450000000000284 21656.19369380 8837.94810835 -0.00000000
29.500000000000284 21636.03157638 8497.99644970 -0.00000000
29.550000000000285 21622.69068446 8142.24165110 -0.00000000
29.600000000000286 21609.56976987 7813.90065669 -0.00000000
29.650000000000286 21590.43678639 7512.51222401 -0.00000000
29.700000000000287 21563.02897327 7214.65426088 -0.00000000
29.750000000000288 21528.39103790 6898.62210184 -0.00000000
29.80000000000029 21489.41307853 6557.08141600 -0.00000000
29.85000000000029 21448.91603034 6195.53495855 -0.00000000
29.90000000000029 21408.66042724 5823.77325783 -0.00000000
29.95000000000029 21368.76130304 5448.21778756 -0.00000000
30.00000000000029 21328.27270229 5069.57270446 -0.00000000
30.050000000000292 21286.09769659 4684.77761007 -0.00000000
30.100000000000293 21241.67133844 4290.42107937 -0.00000000
30.150000000000293 21195.03521883 3885.11415894 -0.00000000
30.200000000000294 21147.44400422 3469.90546049 -0.00000000
30.250000000000295 21100.41233845 3047.16242262 -0.00000000
30.300000000000296 21054.54555103 2618.71030530 -0.00000000
30.350000000000296 21009.56501385 2185.07235794 -0.00000000
30.400000000000297 20965.05204233 1745.96643389 -0.00000000
30.450000000000298 20921.04116299 1301.09463401 -0.00000000
30.5000000000003 20878.09481721 850.62377933 -0.00000000
30.5500000000003 20836.40042935 394.70831400 -0.00000000
30.6000000000003 20796.42784047 -66.07391360 -0.00000000
30.6500000000003 20758.77146467 -530.96069961 -0.00000000
30.7000000000003 20723.97668103 -999.23519396 -0.00000000
30.750000000000302 20692.47389263 -1470.36903301 -0.00000000
30.800000000000303 20664.71327325 -1943.92784212 -0.00000000
30.850000000000303 20641.18746046 -2419.47932408 -0.00000000
30.900000000000304 20622.30658185 -2896.60145597 -0.00000000
30.950000000000305 20608.36612915 -3374.84277584 -0.00000000
31.000000000000306 20599.54364040 -3853.60634947 -0.00000000
31.050000000000306 20595.77712796 -4331.86439786 -0.00000000
31.100000000000307 20597.48537796 -4809.32002757 -0.00000000
31.150000000000308 20605.22041385 -5285.84459778 -0.00000000
31.20000000000031 20619.35636220 -5761.01189198 -0.00000000
31.25000000000031 20639.95320952 -6234.18513369 -0.00000000
31.30000000000031 20666.90495629 -6704.85580748 -0.00000000
31.35000000000031 20700.04116285 -7172.93535616 -0.00000000
31.40000000000031 20739.45935247 -7638.35744398 -0.00000000
31.450000000000312 20785.08992816 -8100.35952243 -0.00000000
31.500000000000313 20836.69272568 -8557.66400714 -0.00000000
31.550000000000313 20894.41966995 -9009.58392394 -0.00000000
31.600000000000314 20958.89410375 -9455.48418884 -0.00000000
31.650000000000315 21030.79829396 -9895.23568014 -0.00000000
31.700000000000315 21110.37440589 -10328.00286848 -0.00000000
31.750000000000316 21197.48303491 -10751.53963189 -0.00000000
31.800000000000317 21292.12725048 -11163.67875219 -0.00000000
31.850000000000318 21393.86778796 -11564.31442755 -0.00000000
31.90000000000032 21501.35380642 -11954.59549982 -0.00000000
31.95000000000032 21612.76162523 -12335.66324063 -0.00000000
32.00000000000032 21727.38939223 -12706.46103306 -0.00000000
32.05000000000032 21844.52618120 -13065.88322838 -0.00000000
32.100000000000314 21962.92652018 -13413.85629441 -0.00000000
32.15000000000031 22081.53878319 -13750.73212028 -0.00000000
32.20000000000031 22200.82074661 -14075.42149661 -0.00000000
32.250000000000306 22321.53161570 -14386.55688457 -0.00000000
32.3000000000003 22443.19896460 -14683.01070755 -0.00000000
32.3500000000003 22564.46566263 -14964.60957550 -0.00000000
32.4000000000003 22684.26755461 -15229.04560472 -0.00000000
32.450000000000294 22801.68638029 -15476.21208475 -0.00000000
32.50000000000029 22915.57513662 -15707.93245457 -0.00000000
32.55000000000029 23025.56599667 -15924.47928284 -0.00000000
32.600000000000286 23133.50736298 -16126.03742639 -0.00000000
32.65000000000028 23240.15176683 -16310.86104267 -0.00000000
32.70000000000028 23343.33817156 -16475.85362040 -0.00000000
32.75000000000028 23442.05592047 -16619.66486484 -0.00000000
32.800000000000274 23539.25153041 -16745.16734789 -0.00000000
32.85000000000027 23635.35400769 -16854.09479566 -0.00000000
32.90000000000027 23725.74883747 -16939.65191433 -0.00000000
32.950000000000266 23809.31001536 -16997.69050768 -0.00000000
33.00000000000026 23889.26318001 -17035.13371777 -0.00000000
33.05000000000026 23968.92492177 -17057.34922987 -0.00000000
33.10000000000026 24048.97614907 -17064.26186939 -0.00000000
33.150000000000254 24128.31297491 -17053.45155297 -0.00000000
33.20000000000025 24205.14624257 -17022.47223135 -0.00000000
33.25000000000025 24278.06896416 -16969.28980950 -0.00000000
33.300000000000246 24345.41858038 -16893.93741925 -0.00000000
33.35000000000024 24403.70827558 -16801.93006241 -0.00000000
33.40000000000024 24452.41822004 -16695.08530081 -0.00000000
33.45000000000024 24495.72910857 -16568.17669308 -0.00000000
33.500000000000234 24536.78480697 -16416.89069690 -0.00000000
33.55000000000023 24576.48042038 -16240.32389039 -0.00000000
33.60000000000023 24613.11337605 -16040.52103901 -0.00000000
33.650000000000226 24643.92356548 -15819.99703594 -0.00000000
33.70000000000022 24666.64329898 -15580.31175974 -0.00000000
33.75000000000022 24679.72493085 -15320.62058121 -0.00000000
33.80000000000022 24682.71148556 -15038.51510696 -0.00000000
33.850000000000215 24677.10029485 -14732.26578156 -0.00000000
33.90000000000021 24665.86483856 -14402.30090207 -0.00000000
33.95000000000021 24651.39924213 -14050.67957850 -0.00000000
34.000000000000206 24634.11966772 -13679.34995394 -0.00000000
34.0500000000002 24612.79213181 -13289.12912809 -0.00000000
34.1000000000002 24585.70340551 -12879.88267038 -0.00000000
34.1500000000002 24551.78070826 -12451.35639068 -0.00000000
34.200000000000195 24511.22364839 -12003.77142002 -0.00000000
34.25000000000019 24464.24232303 -11537.38895666 -0.00000000
34.30000000000019 24410.12001926 -11051.85554301 -0.00000000
34.350000000000186 24348.34687978 -10546.81937576 -0.00000000
34.40000000000018 24279.39835304 -10022.75157699 -0.00000000
34.45000000000018 24204.57640223 -9480.80613111 -0.00000000
34.50000000000018 24125.43596209 -8922.43874793 -0.00000000
34.550000000000175 24043.32199182 -8349.30013726 -0.00000000
34.60000000000017 23959.00601580 -7762.83807632 -0.00000000
34.65000000000017 23871.98923894 -7163.38292262 -0.00000000
34.700000000000166 23782.99024354 -6548.88185959 -0.00000000
34.75000000000016 23694.19844148 -5922.94491135 -0.00000000
34.80000000000016 23607.59854458 -5288.72107306 -0.00000000
34.85000000000016 23523.79132494 -4645.81544051 -0.00000000
34.900000000000155 23441.87055178 -3994.72702555 -0.00000000
34.95000000000015 23404.70767982 -3694.92924551 -0.00000000
35.00000000000015 23355.72403874 -3202.79668981 -0.00000000
35.050000000000146 23250.59144210 -2051.98085192 -0.00000000
35.10000000000014 23123.11207886 -811.55560955 -0.00000000
35.15000000000014 23046.99631651 -219.12955405 -0.00000000
35.20000000000014 23004.58060807 139.78394510 -0.00000000
35.250000000000135 22977.11005938 610.86336801 -0.00000000
35.30000000000013 22954.71128643 1270.76832480 -0.00000000
35.35000000000013 22933.70198764 2042.00911701 -0.00000000
35.40000000000013 22914.62214329 2821.83281692 -0.00000000
35.450000000000124 22898.98795122 3554.97663598 -0.00000000
35.50000000000012 22895.26893184 4238.31593982 -0.00000000
35.55000000000012 22905.18593456 4902.10004022 -0.00000000
35.600000000000115 22926.58435227 5570.98920612 -0.00000000
35.65000000000011 22957.28259901 6252.51177875 -0.00000000
35.70000000000011 22995.29837691 6939.72368792 -0.00000000
35.75000000000011 23041.71191123 7622.99597715 -0.00000000
35.800000000000104 23100.27376214 8295.54125762 -0.00000000
35.8500000000001 23169.35698213 8948.75174528 -0.00000000
35.9000000000001 23246.22747803 9582.57946868 -0.00000000
35.950000000000095 23328.42833270 10203.31418859 -0.00000000
36.00000000000009 23415.79011643 10815.38036549 -0.00000000
36.05000000000009 23509.89966660 11417.93487784 -0.00000000
36.10000000000009 23610.21574050 12009.59236756 -0.00000000
36.150000000000084 23715.56518909 12586.75428669 -0.00000000
36.20000000000008 23822.57837546 13148.50521133 -0.00000000
36.25000000000008 23930.98964881 13692.32642720 -0.00000000
36.300000000000075 24041.13778137 14215.96013660 -0.00000000
36.35000000000007 24153.48608146 14718.79343668 -0.00000000
36.40000000000007 24267.18115391 15201.23932998 -0.00000000
36.45000000000007 24380.60379088 15663.52494818 -0.00000000
36.500000000000064 24491.59188130 16105.31796941 -0.00000000
36.55000000000006 24599.18324343 16526.04988832 -0.00000000
36.60000000000006 24703.12940970 16926.62649322 -0.00000000
36.650000000000055 24802.78633966 17306.27618051 -0.00000000
36.70000000000005 24896.90935648 17663.55024846 -0.00000000
36.75000000000005 24983.28911782 17995.54323549 -0.00000000
36.80000000000005 25060.99092220 18302.59227869 -0.00000000
36.850000000000044 25131.53868207 18585.23972736 -0.00000000
36.90000000000004 25195.96695944 18843.91250381 -0.00000000
36.95000000000004 25253.79807620 19078.97984405 -0.00000000
37.000000000000036 25304.00364443 19290.16242539 -0.00000000
37.05000000000003 25345.72061380 19477.33446628 -0.00000000
37.10000000000003 25377.70781003 19641.07943337 -0.00000000
37.15000000000003 25399.54168069 19780.21139244 -0.00000000
37.200000000000024 25410.76558674 19892.98873874 -0.00000000
37.25000000000002 25410.78819648 19978.89018567 -0.00000000
37.30000000000002 25399.58270101 20037.27950649 -0.00000000
37.350000000000016 25376.95842781 20066.42619160 -0.00000000
37.40000000000001 25345.94118406 20072.39776293 -0.00000000
37.45000000000001 25309.89431199 20059.73904923 -0.00000000
37.50000000000001 25269.87085300 20029.35366220 -0.00000000
37.550000000000004 25223.65616447 19978.46168802 -0.00000000
37.6 25169.93938495 19906.29025226 -0.00000000
37.65 25109.18296774 19814.82543613 -0.00000000
37.699999999999996 25044.72307996 19708.36971868 -0.00000000
37.74999999999999 24978.90927744 19589.61472665 -0.00000000
37.79999999999999 24910.79795404 19456.41161108 -0.00000000
37.84999999999999 24838.54833653 19306.66214177 -0.00000000
37.899999999999984 24761.04309545 19139.46876189 -0.00000000
37.94999999999998 24678.48160395 18955.74853420 -0.00000000
37.99999999999998 24590.80147387 18754.71330676 -0.00000000
38.049999999999976 24498.85235602 18537.15171464 -0.00000000
38.09999999999997 24403.71573169 18304.44100199 -0.00000000
38.14999999999997 24305.71467353 18057.34355196 -0.00000000
38.19999999999997 24204.17400082 17795.88168758 -0.00000000
38.249999999999964 24097.85737783 17519.69191847 -0.00000000
38.29999999999996 23985.27245809 17228.20730069 -0.00000000
38.34999999999996 23865.40547675 16921.17134504 -0.00000000
38.399999999999956 23738.38720841 16597.90362754 -0.00000000
38.44999999999995 23604.94581606 16258.35162902 -0.00000000
38.49999999999995 23466.11133998 15904.59248412 -0.00000000
38.54999999999995 23322.66961369 15536.99589745 -0.00000000
38.599999999999945 23177.59716129 15154.68297682 -0.00000000
38.64999999999994 23032.49988683 14757.33422870 -0.00000000
38.69999999999994 22887.44390943 14345.46912278 -0.00000000
38.749999999999936 22741.62571827 13919.73356859 -0.00000000
38.79999999999993 22594.02773191 13480.66388870 -0.00000000
38.84999999999993 22443.75563167 13029.16392388 -0.00000000
38.89999999999993 22292.18868455 12566.90888165 -0.00000000
38.949999999999925 22142.67571162 12095.90227802 -0.00000000
38.99999999999992 21995.98610837 11616.99732003 -0.00000000
39.04999999999992 21850.99584451 11129.60078789 -0.00000000
39.099999999999916 21706.95388739 10633.38629890 -0.00000000
39.14999999999991 21564.07914773 10129.90989882 -0.00000000
39.19999999999991 21420.28600566 9625.37406793 -0.00000000
39.24999999999991 21277.41972107 9119.43657309 -0.00000000
39.299999999999905 21142.14127481 8605.88615058 -0.00000000
39.3499999999999 21018.92100184 8083.33483108 -0.00000000
39.3999999999999 20909.55334308 7553.58569546 -0.00000000
39.449999999999896 20814.31570045 7018.60649996 -0.00000000
39.49999999999989 20730.81145839 6486.47203707 -0.00000000
39.54999999999989 20655.38136261 5969.48864000 -0.00000000
39.59999999999989 20589.87143688 5450.68798231 -0.00000000
39.649999999999885 20534.73381408 4924.10386230 -0.00000000
39.69999999999988 20491.20240084 4391.05092927 -0.00000000
39.74999999999988 20461.86284327 3855.42614226 -0.00000000
39.799999999999876 20446.93089816 3321.14425191 -0.00000000
39.84999999999987 20446.01261427 2791.08879230 -0.00000000
39.89999999999987 20459.36141754 2266.43510655 -0.00000000
39.94999999999987 20485.13957918 1746.72841043 -0.00000000
39.999999999999865 20502.21197078 1505.61010520 -0.00000000
40.04999999999986 20542.85951231 1110.70389429 -0.00000000
40.09999999999986 20684.49307420 -44.54393360 -0.00000000
40.14999999999986 20743.40709041 -653.97982126 -0.00000000
40.199999999999854 20762.99571119 -942.08821894 -0.00000000
40.24999999999985 20802.46752720 -1226.95509571 -0.00000000
40.29999999999985 20886.20514951 -1631.12105110 -0.00000000
40.349999999999845 21003.10835532 -2133.70418501 -0.00000000
40.39999999999984 21130.03484885 -2660.59032953 -0.00000000
40.44999999999984 21252.52496899 -3159.45941559 -0.00000000
40.49999999999984 21368.97215264 -3619.15663652 -0.00000000
40.549999999999834 21483.00430320 -4048.79824384 -0.00000000
40.59999999999983 21599.63562032 -4463.53604202 -0.00000000
40.64999999999983 21719.84027824 -4875.07602422 -0.00000000
40.699999999999825 21839.88207624 -5287.82636628 -0.00000000
40.74999999999982 21959.35226856 -5697.92580023 -0.00000000
40.79999999999982 22078.39034115 -6099.15162462 -0.00000000
40.84999999999982 22197.19852641 -6487.08358583 -0.00000000
40.899999999999814 22315.61632779 -6861.68290383 -0.00000000
40.94999999999981 22439.12634665 -7234.00731370 -0.00000000
40.99999999999981 22561.20451786 -7594.85453716 -0.00000000
41.049999999999805 22678.30932191 -7935.75039690 -0.00000000
41.0999999999998 22789.09099715 -8258.09475948 -0.00000000
41.1499999999998 22893.29728616 -8569.55655609 -0.00000000
41.1999999999998 22992.15816572 -8874.49824302 -0.00000000
41.249999999999794 23081.64608152 -9166.95021580 -0.00000000
41.29999999999979 23169.18466911 -9450.75121053 -0.00000000
41.34999999999979 23257.84076021 -9725.11517155 -0.00000000
41.399999999999785 23345.48491331 -9988.25581523 -0.00000000
41.44999999999978 23428.14193453 -10237.12091048 -0.00000000
41.49999999999978 23504.54964603 -10467.70859106 -0.00000000
41.54999999999978 23576.09982009 -10679.36199710 -0.00000000
41.599999999999774 23644.39196612 -10873.91706437 -0.00000000
41.64999999999977 23709.70142038 -11052.85819546 -0.00000000
41.69999999999977 23770.83490599 -11215.75813318 -0.00000000
41.749999999999766 23825.99556164 -11361.18982518 -0.00000000
41.79999999999976 23874.02943435 -11489.50148741 -0.00000000
41.84999999999976 23916.24644667 -11602.44602479 -0.00000000
41.89999999999976 23955.36772632 -11700.69618350 -0.00000000
41.949999999999754 23992.43664982 -11783.94726095 -0.00000000
41.99999999999975 24026.80956737 -11851.62587291 -0.00000000
42.04999999999975 24057.12792557 -11903.63561733 -0.00000000
42.099999999999746 24082.12734913 -11940.55638224 -0.00000000
42.14999999999974 24101.01457810 -11963.05559313 -0.00000000
42.19999999999974 24113.08298840 -11971.56786092 -0.00000000
42.24999999999974 24118.50791024 -11965.88714457 -0.00000000
42.299999999999734 24118.07944345 -11945.74779053 -0.00000000
42.34999999999973 24112.10632618 -11911.86485736 -0.00000000
42.39999999999973 24100.54193653 -11865.29156790 -0.00000000
42.449999999999726 24084.93388959 -11805.26389921 -0.00000000
42.49999999999972 24066.23690354 -11731.23407770 -0.00000000
42.54999999999972 24044.89489832 -11642.00517248 -0.00000000
42.59999999999972 24020.40884973 -11536.80190031 -0.00000000
42.649999999999714 23991.15688568 -11417.79050434 -0.00000000
42.69999999999971 23956.44590496 -11286.28624680 -0.00000000
42.74999999999971 23916.52233712 -11141.75614100 -0.00000000
42.799999999999706 23872.09070593 -10982.76835913 -0.00000000
42.8499999999997 23824.39144193 -10809.23310842 -0.00000000
42.8999999999997 23774.46691695 -10622.32534577 -0.00000000
42.9499999999997 23722.60798905 -10423.44615321 -0.00000000
42.999999999999694 23668.69456378 -10213.54004600 -0.00000000
43.04999999999969 23612.62410523 -9992.72118723 -0.00000000
43.09999999999969 23554.32158552 -9760.06957013 -0.00000000
43.149999999999686 23493.85608835 -9514.94858772 -0.00000000
43.19999999999968 23431.84716297 -9258.75305895 -0.00000000
43.24999999999968 23368.53917480 -8993.31956581 -0.00000000
43.29999999999968 23304.00401046 -8719.31077538 -0.00000000
43.349999999999675 23238.65515473 -8436.38489760 -0.00000000
43.39999999999967 23172.61084412 -8144.02483271 -0.00000000
43.44999999999967 23105.93469025 -7841.96741809 -0.00000000
43.499999999999666 23038.77716468 -7530.27233408 -0.00000000
43.54999999999966 22971.93879940 -7210.24882584 -0.00000000
43.59999999999966 22906.00732312 -6882.62788219 -0.00000000
43.64999999999966 22840.79707157 -6546.51262967 -0.00000000
43.699999999999655 22776.37572963 -6201.77189629 -0.00000000
43.74999999999965 22712.93403230 -5848.72583110 -0.00000000
43.79999999999965 22650.74701601 -5487.78550397 -0.00000000
43.849999999999646 22590.21927831 -5119.20696088 -0.00000000
43.89999999999964 22532.30415614 -4742.32986308 -0.00000000
43.94999999999964 22478.94467831 -4354.99739770 -0.00000000
43.99999999999964 22428.95966211 -3961.25934575 -0.00000000
44.049999999999635 22378.81616214 -3559.60733813 -0.00000000
44.09999999999963 22329.21500809 -3153.26742405 -0.00000000
44.14999999999963 22280.99979942 -2746.32068024 -0.00000000
44.199999999999626 22233.99027131 -2340.27810477 -0.00000000
44.24999999999962 22189.58711880 -1931.14042353 -0.00000000
44.29999999999962 22148.28917682 -1514.93900340 -0.00000000
44.34999999999962 22111.67775949 -1085.84855135 -0.00000000
44.399999999999615 22080.10517626 -647.34449073 -0.00000000
44.44999999999961 22053.36995333 -203.15810130 -0.00000000
44.49999999999961 22030.14559791 245.80253342 -0.00000000
44.549999999999606 22010.63106675 698.62885040 -0.00000000
44.5999999999996 21995.76876946 1154.22309100 -0.00000000
44.6499999999996 21985.14686436 1608.63245964 -0.00000000
44.6999999999996 21975.76929644 2061.86351572 -0.00000000
44.749999999999595 21966.83122120 2519.15733992 -0.00000000
44.79999999999959 21960.20368420 2982.36222612 -0.00000000
44.84999999999959 21958.08735785 3449.73179688 -0.00000000
44.89999999999959 21961.20487976 3917.64930329 -0.00000000
44.949999999999584 21964.32421715 4130.43746592 -0.00000000
44.99999999999958 21981.52263977 4890.03581576 -0.00000000
45.04999999999958 22003.16768739 5450.57112875 -0.00000000
45.099999999999575 22029.47762436 5859.77658503 -0.00000000
45.14999999999957 22056.63460861 6227.18601935 -0.00000000
45.19999999999957 22083.02774655 6624.64434511 -0.00000000
45.24999999999957 22108.40992829 7067.49385522 -0.00000000
45.299999999999564 22136.21524221 7535.95960062 -0.00000000
45.34999999999956 22167.23726181 8006.72515486 -0.00000000
45.39999999999956 22199.82004160 8465.75784267 -0.00000000
45.449999999999555 22230.66590185 8909.54220655 -0.00000000
45.49999999999955 22262.05367543 9339.02717764 -0.00000000
45.54999999999955 22297.73952984 9757.36498480 -0.00000000
45.59999999999955 22338.44457976 10169.30619707 -0.00000000
45.649999999999544 22382.87789532 10577.83675644 -0.00000000
45.69999999999954 22428.65875409 10982.68484177 -0.00000000
45.74999999999954 22473.39539556 11380.09396273 -0.00000000
45.799999999999535 22517.70626352 11767.35275561 -0.00000000
45.84999999999953 22563.55639159 12144.12970658 -0.00000000
45.89999999999953 22612.15263102 12510.48668668 -0.00000000
45.94999999999953 22663.30616420 12866.26121037 -0.00000000
45.999999999999524 22715.31286508 13211.59993977 -0.00000000
46.04999999999952 22766.36276129 13546.41846882 -0.00000000
46.09999999999952 22816.81129599 13868.35791996 -0.00000000
46.149999999999515 22867.58934204 14175.49092553 -0.00000000
46.19999999999951 22919.10431212 14466.94925004 -0.00000000
46.24999999999951 22970.96994254 14742.87906157 -0.00000000
46.29999999999951 23022.37486089 15003.78610057 -0.00000000
46.349999999999504 23072.67061618 15249.59437081 -0.00000000
46.3999999999995 23121.39635796 15479.73809057 -0.00000000
46.4499999999995 23168.16339250 15693.37714488 -0.00000000
46.499999999999496 23212.53568778 15889.46693040 -0.00000000
46.54999999999949 23254.41814617 16068.08969950 -0.00000000
46.59999999999949 23293.23669366 16227.69608702 -0.00000000
46.64999999999949 23329.63813150 16364.34570925 -0.00000000
46.699999999999484 23364.17139602 16479.06894429 -0.00000000
46.74999999999948 23396.89438589 16576.29934309 -0.00000000
46.79999999999948 23427.91393602 16657.92961177 -0.00000000
46.849999999999476 23457.44843316 16723.20769385 -0.00000000
46.89999999999947 23485.90964952 16770.08390127 -0.00000000
46.94999999999947 23513.06622539 16797.07598047 -0.00000000
46.99999999999947 23537.81031847 16804.25935291 -0.00000000
47.049999999999464 23559.53212800 16792.85976507 -0.00000000
47.09999999999946 23578.51048426 16764.14111943 -0.00000000
47.14999999999946 23594.75173109 16717.84184066 -0.00000000
47.199999999999456 23609.82419597 16655.78386615 -0.00000000
47.24999999999945 23624.23565702 16578.34677093 -0.00000000
47.29999999999945 23637.13540930 16483.51678265 -0.00000000
47.34999999999945 23647.78020794 16371.78954919 -0.00000000
47.399999999999444 23657.32974533 16246.00842609 -0.00000000
47.44999999999944 23664.69577314 16107.07338863 -0.00000000
47.49999999999944 23671.99071188 15954.60023103 -0.00000000
47.549999999999436 23676.55924231 15787.58740881 -0.00000000
47.59999999999943 23676.20803828 15604.46799833 -0.00000000
47.64999999999943 23670.15131589 15405.18478108 -0.00000000
47.69999999999943 23659.34725991 15190.95356039 -0.00000000
47.749999999999424 23645.39685183 14963.06319118 -0.00000000
47.79999999999942 23629.29491068 14721.84200950 -0.00000000
47.84999999999942 23611.31636714 14467.49851387 -0.00000000
47.899999999999416 23590.83620767 14200.00982334 -0.00000000
47.94999999999941 23567.44043858 13919.60922876 -0.00000000
47.99999999999941 23540.78630162 13626.34011806 -0.00000000
48.04999999999941 23510.66079746 13320.32665586 -0.00000000
48.099999999999405 23477.15145958 13001.99570385 -0.00000000
48.1499999999994 23439.87165039 12671.16748221 -0.00000000
48.1999999999994 23398.69346552 12327.98340765 -0.00000000
48.249999999999396 23353.67269511 11972.63711926 -0.00000000
48.29999999999939 23304.83157121 11605.06858468 -0.00000000
48.34999999999939 23252.14287966 11225.02997528 -0.00000000
48.39999999999939 23195.26266350 10831.60902951 -0.00000000
48.449999999999385 23134.42127240 10423.14887757 -0.00000000
48.49999999999938 23069.59962861 10000.59588099 -0.00000000
48.54999999999938 23000.84837009 9565.16486280 -0.00000000
48.599999999999376 22928.56002783 9117.13105121 -0.00000000
48.64999999999937 22853.41921446 8656.11817061 -0.00000000
48.69999999999937 22776.32917497 8181.83749192 -0.00000000
48.74999999999937 22698.15410326 7694.81297925 -0.00000000
48.799999999999365 22619.69288668 7196.43268763 -0.00000000
48.84999999999936 22541.85791538 6688.09306598 -0.00000000
48.89999999999936 22465.25028549 6171.00267278 -0.00000000
48.949999999999356 22390.26978369 5646.52655233 -0.00000000
48.99999999999935 22317.21179199 5115.31295641 -0.00000000
49.04999999999935 22246.14710690 4576.69156177 -0.00000000
49.09999999999935 22177.93758026 4030.74127112 -0.00000000
49.149999999999345 22114.19603930 3477.98648129 -0.00000000
49.19999999999934 22055.53260993 2917.56241091 -0.00000000
49.24999999999934 22004.08034178 2349.41482034 -0.00000000
49.299999999999336 21964.37291965 1774.19050310 -0.00000000
49.34999999999933 21937.86881265 1193.13012429 -0.00000000
49.39999999999933 21921.97862472 609.42843254 -0.00000000
49.44999999999933 21914.72341947 22.48776198 -0.00000000
49.499999999999325 21915.65331700 -567.80758735 -0.00000000
49.54999999999932 21925.34452520 -1160.09385132 -0.00000000
49.59999999999932 21944.46542522 -1752.23634380 -0.00000000
49.64999999999932 21973.38040631 -2342.45669322 -0.00000000
49.699999999999314 22012.58494273 -2933.74759450 -0.00000000
49.74999999999931 22062.98862231 -3528.56765304 -0.00000000
49.79999999999931 22113.36773083 -3981.43985811 -0.00000000
49.849999999999305 22160.74703625 -4331.64028602 -0.00000000
49.8999999999993 22329.38872292 -5440.50496881 -0.00000000
49.9499999999993 22422.16519361 -6170.54817349 -0.00000000
49.9999999999993 22475.72318782 -6620.07371751 -0.00000000
50.049999999999294 22547.77722586 -7033.16880647 -0.00000000
