# Body fitted drag for model part FluidModelPart.Drag_structure
# Time Fx Fy Fz
0.05 -0.00000000 -0.00000000 -0.00000000
0.1 1171.28769761 0.13382682 -0.00000000
0.15000000000000002 2738.98556454 0.37857013 -0.00000000
0.2 4560.01958118 0.67163711 -0.00000000
0.25 6473.82139834 0.93081800 -0.00000000
0.3 8314.02598340 1.06117086 -0.00000000
0.35 9917.73687801 0.96331557 -0.00000000
0.39999999999999997 11138.20326079 0.54627373 -0.00000000
0.44999999999999996 11860.71943450 -0.25996098 -0.00000000
0.49999999999999994 12019.21303538 -1.49370066 -0.00000000
0.5499999999999999 11609.40779915 -3.15035301 -0.00000000
0.6 10694.24143249 -5.16710205 -0.00000000
0.65 9398.60058410 -7.40434210 -0.00000000
0.7000000000000001 7893.08670952 -9.63243985 -0.00000000
0.7500000000000001 6369.54513307 -11.54070271 -0.00000000
0.8000000000000002 5013.34311453 -12.78035426 -0.00000000
0.8500000000000002 3978.02814673 -13.03817621 -0.00000000
0.9000000000000002 3366.90667593 -12.12031508 -0.00000000
0.9500000000000003 3223.86140841 -10.01753922 -0.00000000
1.0000000000000002 3533.34108717 -6.93025180 -0.00000000
1.0500000000000003 4227.74407963 -3.24662600 -0.00000000
1.1000000000000003 5199.74485075 0.51657295 -0.00000000
1.1500000000000004 6317.33532726 3.78964407 -0.00000000
1.2000000000000004 7439.98006623 6.02376970 -0.00000000
1.2500000000000004 8434.78641064 6.75195059 -0.00000000
1.3000000000000005 9191.64258742 5.63689622 -0.00000000
1.3500000000000005 9635.93253795 2.51290065 -0.00000000
1.4000000000000006 9737.08079434 -2.57227749 -0.00000000
1.4500000000000006 9511.26278402 -9.31926212 -0.00000000
1.5000000000000007 9017.36311509 -17.15833028 -0.00000000
1.5500000000000007 8346.55104143 -25.27347219 -0.00000000
1.6000000000000008 7607.24784312 -32.68673192 -0.00000000
1.6500000000000008 6908.27340201 -38.40182343 -0.00000000
1.7000000000000008 6343.22948257 -41.58287159 -0.00000000
1.7500000000000009 5978.66270405 -41.72662061 -0.00000000
1.800000000000001 5847.50546476 -38.78344314 -0.00000000
1.850000000000001 5948.11333042 -33.19556379 -0.00000000
1.900000000000001 6248.24188454 -25.84372462 -0.00000000
1.950000000000001 6692.70348254 -17.91628277 -0.00000000
2.000000000000001 7213.20262037 -10.73031648 -0.00000000
2.0500000000000007 7738.84988920 -5.53805520 -0.00000000
2.1000000000000005 8205.97929929 -3.34832381 -0.00000000
2.1500000000000004 8566.07841778 -4.78509773 -0.00000000
2.2 8790.89963887 -9.99730268 -0.00000000
2.25 8874.20153303 -18.62891917 -0.00000000
2.3 8830.08004016 -29.85418106 -0.00000000
2.3499999999999996 8688.42230672 -42.47762688 -0.00000000
2.3999999999999995 8488.50785343 -55.09120817 -0.00000000
2.4499999999999993 8272.04344116 -66.27031387 -0.00000000
2.499999999999999 8076.87390405 -74.78091333 -0.00000000
2.549999999999999 7932.29831416 -79.76432024 -0.00000000
2.5999999999999988 7856.45956386 -80.86697637 -0.00000000
2.6499999999999986 7855.81731569 -78.29238379 -0.00000000
2.6999999999999984 7926.36381159 -72.76711014 -0.00000000
2.7499999999999982 8056.04431900 -65.42888854 -0.00000000
2.799999999999998 8227.78785919 -57.65800407 -0.00000000
2.849999999999998 8422.59915643 -50.88038290 -0.00000000
2.8999999999999977 8622.26980761 -46.37173466 -0.00000000
2.9499999999999975 8811.40736037 -45.08931589 -0.00000000
2.9999999999999973 8978.63958163 -47.55183644 -0.00000000
3.049999999999997 9117.01408897 -53.78123104 -0.00000000
3.099999999999997 9223.76891511 -63.30159165 -0.00000000
3.149999999999997 9299.66097260 -75.18049693 -0.00000000
3.1999999999999966 9348.01656551 -88.13312348 -0.00000000
3.2499999999999964 9374.21326626 -100.87801235 -0.00000000
3.2999999999999963 9384.79363307 -112.22327400 -0.00000000
3.349999999999996 9386.90832134 -121.18075988 -0.00000000
3.399999999999996 9387.87350829 -127.08420372 -0.00000000
3.4499999999999957 9394.72336979 -129.61234035 -0.00000000
3.4999999999999956 9413.77978335 -128.98812432 -0.00000000
3.5499999999999954 9450.17059663 -125.92307885 -0.00000000
3.599999999999995 9507.33560050 -121.47156364 -0.00000000
3.649999999999995 9586.60366485 -116.84824122 -0.00000000
3.699999999999995 9686.92221151 -113.23833583 -0.00000000
3.7499999999999947 9804.84763715 -111.63387667 -0.00000000
3.7999999999999945 9934.86679637 -112.72046221 -0.00000000
3.8499999999999943 10070.02743800 -116.79467545 -0.00000000
3.899999999999994 10202.72731006 -123.74519753 -0.00000000
3.949999999999994 10325.76186235 -133.08248152 -0.00000000
3.999999999999994 10433.33835738 -144.02885961 -0.00000000
4.049999999999994 10521.87714256 -155.61904077 -0.00000000
4.099999999999993 10590.48454402 -166.81978122 -0.00000000
4.149999999999993 10641.07016063 -176.69150294 -0.00000000
4.199999999999993 10678.03518855 -184.53780710 -0.00000000
4.249999999999993 10707.57168546 -190.00588209 -0.00000000
4.299999999999993 10736.69457055 -193.12093009 -0.00000000
4.3499999999999925 10772.17315995 -194.26174449 -0.00000000
4.399999999999992 10819.53647115 -194.08625142 -0.00000000
4.449999999999992 10882.30885489 -193.41814744 -0.00000000
4.499999999999992 10961.58943505 -193.11450079 -0.00000000
4.549999999999992 11056.02608703 -193.93614005 -0.00000000
4.599999999999992 11162.16709830 -196.44039558 -0.00000000
4.6499999999999915 11275.11300328 -200.91099033 -0.00000000
4.699999999999991 11389.34754239 -207.33315491 -0.00000000
4.749999999999991 11499.60557979 -215.41502251 -0.00000000
4.799999999999991 11601.64088044 -224.64883733 -0.00000000
4.849999999999991 11692.78288585 -234.40162210 -0.00000000
4.899999999999991 11772.21357151 -244.02025985 -0.00000000
4.94999999999999 11840.94368554 -252.93351641 -0.00000000
4.99999999999999 11901.51580969 -260.73347911 -0.00000000
5.04999999999999 11957.50305380 -267.22439314 -0.00000000
5.09999999999999 12012.89848759 -272.43436701 -0.00000000
5.14999999999999 12071.49755651 -276.59135204 -0.00000000
5.1999999999999895 12136.36653714 -280.07036719 -0.00000000
5.249999999999989 12209.46821841 -283.32256958 -0.00000000
5.299999999999989 12291.48548847 -286.79920666 -0.00000000
5.349999999999989 12381.84909291 -290.88305168 -0.00000000
5.399999999999989 12478.94434293 -295.83747934 -0.00000000
5.449999999999989 12580.44736996 -301.77972201 -0.00000000
5.4999999999999885 12683.72747463 -308.68078763 -0.00000000
5.549999999999988 12786.25021831 -316.38960185 -0.00000000
5.599999999999988 12885.92821882 -324.66693770 -0.00000000
5.649999999999988 12981.38429344 -333.21201623 -0.00000000
5.699999999999988 13072.08701249 -341.70165145 -0.00000000
5.749999999999988 13158.34136803 -349.84646632 -0.00000000
5.799999999999987 13241.15817521 -357.43740025 -0.00000000
5.849999999999987 13322.03876316 -364.36997895 -0.00000000
5.899999999999987 13402.71419852 -370.64608954 -0.00000000
5.949999999999987 13484.88032152 -376.35796982 -0.00000000
5.999999999999987 13569.96901489 -381.66239106 -0.00000000
6.0499999999999865 13658.99475040 -386.75642793 -0.00000000
6.099999999999986 13752.49890746 -391.86338633 -0.00000000
6.149999999999986 13850.46339487 -397.17895401 -0.00000000
6.199999999999986 13952.22248155 -402.78853377 -0.00000000
6.249999999999986 14056.66519878 -408.68132128 -0.00000000
6.299999999999986 14162.50538322 -414.78328340 -0.00000000
6.349999999999985 14268.51248527 -420.97943593 -0.00000000
6.399999999999985 14373.69385164 -427.13368760 -0.00000000
6.449999999999985 14477.41550818 -433.10856024 -0.00000000
6.499999999999985 14579.45631533 -438.78431133 -0.00000000
6.549999999999985 14680.00026305 -444.07069507 -0.00000000
6.5999999999999845 14779.56448400 -448.90643145 -0.00000000
6.649999999999984 14878.87855087 -453.25981916 -0.00000000
6.699999999999984 14978.75437495 -457.12901484 -0.00000000
6.749999999999984 15079.96688948 -460.53758219 -0.00000000
6.799999999999984 15183.15639579 -463.52647865 -0.00000000
6.849999999999984 15288.76057643 -466.14453740 -0.00000000
6.8999999999999835 15396.98045927 -468.43907220 -0.00000000
6.949999999999983 15507.78061205 -470.44814713 -0.00000000
6.999999999999983 15620.92014462 -472.19537899 -0.00000000
7.049999999999983 15736.00799786 -473.68757174 -0.00000000
7.099999999999983 15852.57364308 -474.91491011 -0.00000000
7.149999999999983 15970.14282858 -475.85304169 -0.00000000
7.199999999999982 16088.30812895 -476.46632605 -0.00000000
7.249999999999982 16206.78392354 -476.71137084 -0.00000000
7.299999999999982 16325.44037176 -476.54038398 -0.00000000
7.349999999999982 16444.31132897 -475.90426042 -0.00000000
7.399999999999982 16563.57754926 -474.75514235 -0.00000000
7.4499999999999815 16683.52909473 -473.04864014 -0.00000000
7.499999999999981 16804.51425311 -470.74576851 -0.00000000
7.549999999999981 16926.88386323 -467.81458424 -0.00000000
7.599999999999981 17050.94003617 -464.23139083 -0.00000000
7.649999999999981 17176.89673428 -459.98135828 -0.00000000
7.699999999999981 17304.85746054 -455.05825210 -0.00000000
7.7499999999999805 17434.81185552 -449.46316903 -0.00000000
7.79999999999998 17566.65027061 -443.20218547 -0.00000000
7.84999999999998 17700.19255835 -436.28303574 -0.00000000
7.89999999999998 17835.22538556 -428.71115360 -0.00000000
7.94999999999998 17971.54133512 -420.48562034 -0.00000000
7.99999999999998 18108.97334458 -411.59575880 -0.00000000
8.04999999999998 18247.41911771 -402.01889375 -0.00000000
8.09999999999998 18386.85308507 -391.71984688 -0.00000000
8.14999999999998 18527.32496755 -380.65229189 -0.00000000
8.199999999999982 18668.94708952 -368.76173337 -0.00000000
8.249999999999982 18811.87368922 -355.98966735 -0.00000000
8.299999999999983 18956.27636216 -342.27826928 -0.00000000
8.349999999999984 19102.31963794 -327.57495383 -0.00000000
8.399999999999984 19250.14020465 -311.83609248 -0.00000000
8.449999999999985 19399.83168564 -295.02962350 -0.00000000
8.499999999999986 19551.43766541 -277.13555023 -0.00000000
8.549999999999986 19704.95318398 -258.14439491 -0.00000000
8.599999999999987 19860.33437504 -238.05369134 -0.00000000
8.649999999999988 20017.51375188 -216.86327179 -0.00000000
8.699999999999989 20176.41773479 -194.57028812 -0.00000000
8.74999999999999 20336.98303429 -171.16488436 -0.00000000
8.79999999999999 20499.16935858 -146.62719411 -0.00000000
8.84999999999999 20662.96670208 -120.92618205 -0.00000000
8.899999999999991 20828.39718538 -94.02031037 -0.00000000
8.949999999999992 20995.51136801 -65.85992630 -0.00000000
8.999999999999993 21164.38067219 -36.39072397 -0.00000000
9.049999999999994 21335.08681990 -5.55766897 -0.00000000
9.099999999999994 21507.70985351 26.69145029 -0.00000000
9.149999999999995 21682.31691919 60.40400428 -0.00000000
9.199999999999996 21858.95572305 95.62532050 -0.00000000
9.249999999999996 22037.66629015 132.41919483 -0.00000000
9.299999999999997 22218.44440505 170.80899581 -0.00000000
9.349999999999998 22401.27211522 210.81757869 -0.00000000
9.399999999999999 22586.14428487 252.44858776 -0.00000000
9.45 22773.06379864 295.67855578 -0.00000000
9.5 22962.02015185 340.48446143 -0.00000000
9.55 23152.96829840 386.85926537 -0.00000000
9.600000000000001 23345.84849267 434.81623787 -0.00000000
9.650000000000002 23540.61815499 484.37862104 -0.00000000
9.700000000000003 23737.27624270 535.57189411 -0.00000000
9.750000000000004 23935.86109421 588.43670753 -0.00000000
9.800000000000004 24136.43341708 643.04043813 -0.00000000
9.850000000000005 24339.04389024 699.43871727 -0.00000000
9.900000000000006 24543.68733883 757.62079348 -0.00000000
9.950000000000006 24750.24936375 817.46314469 -0.00000000
10.000000000000007 24958.48055805 878.74366025 -0.00000000
10.050000000000008 23563.36117724 959.93453444 -0.00000000
10.100000000000009 21221.53960267 1037.36554954 -0.00000000
10.15000000000001 18678.16688661 1092.64361956 -0.00000000
10.20000000000001 16580.51207217 1122.83731350 -0.00000000
10.25000000000001 15334.64919258 1141.09759241 -0.00000000
10.300000000000011 15065.00927935 1170.16280127 -0.00000000
10.350000000000012 15649.51427524 1227.07913454 -0.00000000
10.400000000000013 16805.00313139 1310.03696071 -0.00000000
10.450000000000014 18184.27341817 1404.92525634 -0.00000000
10.500000000000014 19466.09004076 1492.19278157 -0.00000000
10.550000000000015 20421.19928272 1556.60055903 -0.00000000
10.600000000000016 20940.76924580 1593.01198695 -0.00000000
10.650000000000016 21030.51261390 1606.78724906 -0.00000000
10.700000000000017 20781.88267124 1611.47206403 -0.00000000
10.750000000000018 20332.50052701 1623.68386427 -0.00000000
10.800000000000018 19826.58967516 1657.33595519 -0.00000000
10.85000000000002 19385.05177452 1721.41322053 -0.00000000
10.90000000000002 19088.16137739 1815.99455498 -0.00000000
10.95000000000002 18971.59909424 1932.20412502 -0.00000000
11.000000000000021 19031.10262811 2056.43048477 -0.00000000
11.050000000000022 19234.68489881 2172.63842476 -0.00000000
11.100000000000023 19533.77917169 2267.78924928 -0.00000000
11.150000000000023 19873.23345349 2336.60773735 -0.00000000
11.200000000000024 20200.20022312 2385.08509207 -0.00000000
11.250000000000025 20473.51299160 2421.81275719 -0.00000000
11.300000000000026 20667.97647134 2455.46176741 -0.00000000
11.350000000000026 20774.29525686 2494.57536668 -0.00000000
11.400000000000027 20798.14881680 2545.36473103 -0.00000000
11.450000000000028 20757.36334115 2610.82895617 -0.00000000
11.500000000000028 20677.71112418 2690.82670273 -0.00000000
11.55000000000003 20588.06473352 2782.92235657 -0.00000000
11.60000000000003 20515.99789640 2884.31692069 -0.00000000
11.65000000000003 20483.51777641 2991.78624426 -0.00000000
11.700000000000031 20501.83491066 3102.22435894 -0.00000000
11.750000000000032 20571.79804055 3213.11338306 -0.00000000
11.800000000000033 20685.13586526 3320.29302378 -0.00000000
11.850000000000033 20827.06491311 3418.94841772 -0.00000000
11.900000000000034 20979.46837095 3509.30266287 -0.00000000
11.950000000000035 21124.12535635 3592.94066742 -0.00000000
12.000000000000036 21245.09614526 3672.40341398 -0.00000000
12.050000000000036 21332.66106885 3752.09681842 -0.00000000
12.100000000000037 21384.44360381 3836.91625054 -0.00000000
12.150000000000038 21404.44894548 3929.99519229 -0.00000000
12.200000000000038 21401.77171477 4032.59815641 -0.00000000
12.250000000000039 21388.75612445 4144.23869606 -0.00000000
12.30000000000004 21377.90685646 4263.06064656 -0.00000000
12.35000000000004 21379.29260559 4386.31156742 -0.00000000
12.400000000000041 21399.31666857 4511.20546318 -0.00000000
12.450000000000042 21440.00933856 4635.68240228 -0.00000000
12.500000000000043 21499.20243493 4758.48894606 -0.00000000
12.550000000000043 21571.26513420 4878.55969832 -0.00000000
12.600000000000044 21648.62049998 4995.15920337 -0.00000000
12.650000000000045 21723.58378594 5109.29167861 -0.00000000
12.700000000000045 21789.28187010 5222.74923420 -0.00000000
12.750000000000046 21841.24259295 5336.18006377 -0.00000000
12.800000000000047 21877.44889662 5449.71435836 -0.00000000
12.850000000000048 21898.59057708 5563.34292990 -0.00000000
12.900000000000048 21907.89570180 5677.29742074 -0.00000000
12.950000000000049 21909.96053158 5791.66988218 -0.00000000
13.00000000000005 21909.60503730 5906.21505755 -0.00000000
13.05000000000005 21910.97260769 6020.37896022 -0.00000000
13.100000000000051 21916.90819169 6133.40364730 -0.00000000
13.150000000000052 21928.64868670 6244.43251385 -0.00000000
13.200000000000053 21945.84389741 6352.62531186 -0.00000000
13.250000000000053 21966.88053387 6457.32774825 -0.00000000
13.300000000000054 21989.38011190 6558.20960463 -0.00000000
13.350000000000055 22010.70651170 6655.21573024 -0.00000000
13.400000000000055 22028.42331103 6748.40815171 -0.00000000
13.450000000000056 22040.66026451 6837.83993321 -0.00000000
13.500000000000057 22046.32771365 6923.51275733 -0.00000000
13.550000000000058 22045.17091335 7005.39613394 -0.00000000
13.600000000000058 22037.71088647 7083.44978285 -0.00000000
13.650000000000059 22025.09391735 7157.62871168 -0.00000000
13.70000000000006 22008.85969233 7227.87977463 -0.00000000
13.75000000000006 21990.66537538 7294.13816154 -0.00000000
13.800000000000061 21972.01984256 7356.33565355 -0.00000000
13.850000000000062 21954.07078585 7414.42224405 -0.00000000
13.900000000000063 21937.48485545 7468.45121581 -0.00000000
13.950000000000063 21922.51177506 7519.08326676 -0.00000000
14.000000000000064 21908.85613612 7566.95317082 -0.00000000
14.050000000000065 21895.47849511 7611.31049958 -0.00000000
14.100000000000065 21881.03596164 7651.17404490 -0.00000000
14.150000000000066 21864.19500047 7685.74616931 -0.00000000
14.200000000000067 21843.87056677 7714.48894380 -0.00000000
14.250000000000068 21819.56183890 7737.17543107 -0.00000000
14.300000000000068 21791.54052342 7753.97901196 -0.00000000
14.350000000000069 21760.61444444 7765.17618134 -0.00000000
14.40000000000007 21727.86138939 7770.92421053 -0.00000000
14.45000000000007 21694.48651106 7771.39817592 -0.00000000
14.500000000000071 21661.58778647 7766.79610936 -0.00000000
14.550000000000072 21629.96097455 7757.32689047 -0.00000000
14.600000000000072 21599.98561899 7743.15769395 -0.00000000
14.650000000000073 21571.63831232 7724.41532498 -0.00000000
14.700000000000074 21544.50202251 7701.13681034 -0.00000000
14.750000000000075 21518.00361793 7673.25966542 -0.00000000
14.800000000000075 21491.63048033 7640.68083179 -0.00000000
14.850000000000076 21465.00493951 7603.29451269 -0.00000000
14.900000000000077 21437.95683713 7560.92405605 -0.00000000
14.950000000000077 21410.54219699 7513.31407418 -0.00000000
15.000000000000078 21382.98405784 7460.35342596 -0.00000000
15.050000000000079 21355.57726179 7402.25707643 -0.00000000
15.10000000000008 21328.63016481 7339.43695067 -0.00000000
15.15000000000008 21302.42125779 7272.36361270 -0.00000000
15.200000000000081 21277.16632626 7201.48050411 -0.00000000
15.250000000000082 21252.99867187 7127.15457903 -0.00000000
15.300000000000082 21229.96173751 7049.65644171 -0.00000000
15.350000000000083 21208.01096903 6969.16385737 -0.00000000
15.400000000000084 21187.01957560 6885.78438434 -0.00000000
15.450000000000085 21166.79004563 6799.58701026 -0.00000000
15.500000000000085 21147.09540329 6710.60449828 -0.00000000
15.550000000000086 21127.76613333 6618.78032031 -0.00000000
15.600000000000087 21108.75162853 6523.94797455 -0.00000000
15.650000000000087 21090.08924009 6425.92340612 -0.00000000
15.700000000000088 21071.82854725 6324.63609388 -0.00000000
15.750000000000089 21053.97231389 6220.20521706 -0.00000000
15.80000000000009 21036.45249201 6112.93447287 -0.00000000
15.85000000000009 21019.13649772 6003.24466143 -0.00000000
15.900000000000091 21001.85311861 5891.57917466 -0.00000000
15.950000000000092 20984.42692701 5778.31524780 -0.00000000
16.000000000000092 20966.71396583 5663.70109627 -0.00000000
16.050000000000093 20948.62520729 5547.83852429 -0.00000000
16.100000000000094 20930.08972335 5430.76731822 -0.00000000
16.150000000000095 20911.01016140 5312.56033178 -0.00000000
16.200000000000095 20891.28682136 5193.31331836 -0.00000000
16.250000000000096 20870.84219852 5073.12046435 -0.00000000
16.300000000000097 20849.62289252 4952.06740674 -0.00000000
16.350000000000097 20827.58744172 4830.23359313 -0.00000000
16.400000000000098 20804.69053356 4707.69766516 -0.00000000
16.4500000000001 20780.87202444 4584.54238897 -0.00000000
16.5000000000001 20756.05578154 4460.85776917 -0.00000000
16.5500000000001 20730.15872352 4336.74075624 -0.00000000
16.6000000000001 20703.10557955 4212.29224769 -0.00000000
16.6500000000001 20674.84283097 4087.61277161 -0.00000000
16.700000000000102 20645.34705568 3962.79792301 -0.00000000
16.750000000000103 20614.62594988 3837.93452332 -0.00000000
16.800000000000104 20582.71293190 3713.09796131 -0.00000000
16.850000000000104 20549.65756166 3588.35084511 -0.00000000
16.900000000000105 20515.51444946 3463.74280657 -0.00000000
16.950000000000106 20480.33348078 3339.31106236 -0.00000000
17.000000000000107 20444.15329654 3215.08154325 -0.00000000
17.050000000000107 20406.99906972 3091.07027718 -0.00000000
17.100000000000108 20368.88461952 2967.28485817 -0.00000000
17.15000000000011 20329.81789188 2843.72595968 -0.00000000
17.20000000000011 20289.80830876 2720.38875520 -0.00000000
17.25000000000011 20248.87454877 2597.26379591 -0.00000000
17.30000000000011 20207.05233382 2474.33574712 -0.00000000
17.35000000000011 20164.40082328 2351.58049107 -0.00000000
17.400000000000112 20120.99298809 2228.97972463 -0.00000000
17.450000000000113 20076.90321427 2106.53313634 -0.00000000
17.500000000000114 20032.21150200 1984.24488538 -0.00000000
17.550000000000114 19987.00555734 1862.11170239 -0.00000000
17.600000000000115 19941.37744977 1740.11540395 -0.00000000
17.650000000000116 19895.41352223 1618.21578059 -0.00000000
17.700000000000117 19849.18134505 1496.34445353 -0.00000000
17.750000000000117 19802.75505140 1374.42988099 -0.00000000
17.800000000000118 19756.25555124 1252.43555525 -0.00000000
17.85000000000012 19709.82857599 1130.35061883 -0.00000000
17.90000000000012 19663.61215220 1008.17221482 -0.00000000
17.95000000000012 19617.71745091 885.89610019 -0.00000000
18.00000000000012 19572.22157326 763.51220386 -0.00000000
18.05000000000012 19527.17044128 641.00312250 -0.00000000
18.100000000000122 19482.58909368 518.34459601 -0.00000000
18.150000000000123 19438.49560934 395.50728145 -0.00000000
18.200000000000124 19394.91479651 272.45929907 -0.00000000
18.250000000000124 19351.88843232 149.16901123 -0.00000000
18.300000000000125 19309.48001443 25.60771290 -0.00000000
18.350000000000126 19267.77315791 -98.24791822 -0.00000000
18.400000000000126 19226.86453343 -222.41396829 -0.00000000
18.450000000000127 19186.85365661 -346.89835803 -0.00000000
18.500000000000128 19147.83247691 -471.70114239 -0.00000000
18.55000000000013 19109.87727360 -596.81553930 -0.00000000
18.60000000000013 19073.04457094 -722.22900312 -0.00000000
18.65000000000013 19037.37197463 -847.92399181 -0.00000000
18.70000000000013 19002.88379566 -973.87846831 -0.00000000
18.75000000000013 18969.60009783 -1100.06602499 -0.00000000
18.800000000000132 18937.54646770 -1226.45598674 -0.00000000
18.850000000000133 18906.76037188 -1353.01522551 -0.00000000
18.900000000000134 18877.28882202 -1479.70814662 -0.00000000
18.950000000000134 18849.17316581 -1606.48046851 -0.00000000
19.000000000000135 18822.43370859 -1733.24179610 -0.00000000
19.050000000000136 18797.07144619 -1859.87700956 -0.00000000
19.100000000000136 18773.07968625 -1986.26942665 -0.00000000
19.150000000000137 18750.45494957 -2112.31705906 -0.00000000
19.200000000000138 18729.20263315 -2237.93861354 -0.00000000
19.25000000000014 18709.33603043 -2363.07049956 -0.00000000
19.30000000000014 18690.87028130 -2487.65791676 -0.00000000
19.35000000000014 18673.81712370 -2611.64508179 -0.00000000
19.40000000000014 18658.18859562 -2734.97031653 -0.00000000
19.45000000000014 18644.00712531 -2857.56605349 -0.00000000
19.500000000000142 18631.30685394 -2979.35831223 -0.00000000
19.550000000000143 18620.12249013 -3100.26579002 -0.00000000
19.600000000000144 18610.47647781 -3220.19961030 -0.00000000
19.650000000000144 18602.37247826 -3339.06182133 -0.00000000
19.700000000000145 18595.79447200 -3456.74543059 -0.00000000
19.750000000000146 18590.70942705 -3573.13801497 -0.00000000
19.800000000000146 18587.07351171 -3688.12541230 -0.00000000
19.850000000000147 18584.84086487 -3801.59222730 -0.00000000
19.900000000000148 18583.97186236 -3913.41997706 -0.00000000
19.95000000000015 18584.43807550 -4023.48529424 -0.00000000
20.00000000000015 18586.22321256 -4131.65973520 -0.00000000
20.05000000000015 18589.32173193 -4237.81179875 -0.00000000
20.10000000000015 18593.73918072 -4341.81157107 -0.00000000
20.15000000000015 18599.49611096 -4443.53676312 -0.00000000
20.200000000000152 18606.60633076 -4542.86819289 -0.00000000
20.250000000000153 18615.01958283 -4639.67755596 -0.00000000
20.300000000000153 18624.62243620 -4733.84148135 -0.00000000
20.350000000000154 18635.27920310 -4825.26036990 -0.00000000
20.400000000000155 18646.86603330 -4913.86162529 -0.00000000
20.450000000000156 18659.29130916 -4999.58792110 -0.00000000
20.500000000000156 18672.50889422 -5082.36757669 -0.00000000
20.550000000000157 18686.53834526 -5162.05648732 -0.00000000
20.600000000000158 18701.40419838 -5238.48524556 -0.00000000
20.65000000000016 18717.00670587 -5311.63678535 -0.00000000
20.70000000000016 18733.20108715 -5381.56972516 -0.00000000
20.75000000000016 18749.86476020 -5448.34605103 -0.00000000
20.80000000000016 18766.92034224 -5511.99735248 -0.00000000
20.85000000000016 18784.32680216 -5572.50599465 -0.00000000
20.900000000000162 18802.05840737 -5629.80293011 -0.00000000
20.950000000000163 18820.09204540 -5683.78259668 -0.00000000
21.000000000000163 18838.40168538 -5734.32385096 -0.00000000
21.050000000000164 18856.95572246 -5781.30555166 -0.00000000
21.100000000000165 18875.71616259 -5824.61150203 -0.00000000
21.150000000000166 18894.63677622 -5864.12645905 -0.00000000
21.200000000000166 18913.65977064 -5899.73418534 -0.00000000
21.250000000000167 18932.71831009 -5931.34345055 -0.00000000
21.300000000000168 18951.74290472 -5958.93371856 -0.00000000
21.35000000000017 18970.65314050 -5982.55310685 -0.00000000
21.40000000000017 18989.34483152 -6002.27691539 -0.00000000
21.45000000000017 19007.70461216 -6018.18034983 -0.00000000
21.50000000000017 19025.64452829 -6030.33380627 -0.00000000
21.55000000000017 19043.11801567 -6038.79261999 -0.00000000
21.600000000000172 19060.10311265 -6043.57217317 -0.00000000
21.650000000000173 19076.45833814 -6044.54683354 -0.00000000
21.700000000000173 19092.18529349 -6041.58620577 -0.00000000
21.750000000000174 19107.40855143 -6034.68664717 -0.00000000
21.800000000000175 19122.25023517 -6023.92350861 -0.00000000
21.850000000000176 19136.81553391 -6009.42791713 -0.00000000
21.900000000000176 19151.18582249 -5991.34555494 -0.00000000
21.950000000000177 19165.41682727 -5969.79127882 -0.00000000
22.000000000000178 19179.53041653 -5944.87548022 -0.00000000
22.05000000000018 19193.47338550 -5916.62321039 -0.00000000
22.10000000000018 19207.14041478 -5885.01211052 -0.00000000
22.15000000000018 19220.39665020 -5849.98691219 -0.00000000
22.20000000000018 19233.09104128 -5811.47834745 -0.00000000
22.25000000000018 19245.08194868 -5769.40786697 -0.00000000
22.300000000000182 19256.26279117 -5723.68733052 -0.00000000
22.350000000000183 19266.62856452 -5674.11383968 -0.00000000
22.400000000000183 19276.23700686 -5620.39499447 -0.00000000
22.450000000000184 19285.00633368 -5562.53270702 -0.00000000
22.500000000000185 19292.86475278 -5500.54411664 -0.00000000
22.550000000000185 19299.76928974 -5434.53905950 -0.00000000
22.600000000000186 19305.73703125 -5364.70906411 -0.00000000
22.650000000000187 19310.81539148 -5291.23876126 -0.00000000
22.700000000000188 19315.03597799 -5214.29886497 -0.00000000
22.75000000000019 19318.37130074 -5134.03525480 -0.00000000
22.80000000000019 19320.75559086 -5050.52860347 -0.00000000
22.85000000000019 19322.08111111 -4963.66093217 -0.00000000
22.90000000000019 19322.30804464 -4873.33907660 -0.00000000
22.95000000000019 19321.43921967 -4779.45706611 -0.00000000
23.000000000000192 19319.49586519 -4681.89374115 -0.00000000
23.050000000000193 19316.50437477 -4580.53852977 -0.00000000
23.100000000000193 19312.48595100 -4475.31075569 -0.00000000
23.150000000000194 19307.45109212 -4366.16917368 -0.00000000
23.200000000000195 19301.39970834 -4253.11104694 -0.00000000
23.250000000000195 19294.32612305 -4136.16256474 -0.00000000
23.300000000000196 19286.22636825 -4015.36446286 -0.00000000
23.350000000000197 19277.10366106 -3890.75796353 -0.00000000
23.400000000000198 19266.96836969 -3762.37539974 -0.00000000
23.4500000000002 19255.83266213 -3630.23819113 -0.00000000
23.5000000000002 19243.70426646 -3494.36260450 -0.00000000
23.5500000000002 19230.58519033 -3354.76980047 -0.00000000
23.6000000000002 19216.47665082 -3211.49246637 -0.00000000
23.6500000000002 19201.38580979 -3064.57482931 -0.00000000
23.700000000000202 19185.32972180 -2914.06979873 -0.00000000
23.750000000000203 19168.33498829 -2760.03687328 -0.00000000
23.800000000000203 19150.43489569 -2602.54017350 -0.00000000
23.850000000000204 19131.66699834 -2441.64468388 -0.00000000
23.900000000000205 19112.06486084 -2277.41168243 -0.00000000
23.950000000000205 19091.62786841 -2109.89759070 -0.00000000
24.000000000000206 19070.41227224 -1939.14687943 -0.00000000
24.050000000000207 19048.48724831 -1765.20423844 -0.00000000
24.100000000000207 19025.91472198 -1588.10710649 -0.00000000
24.150000000000208 19002.73945651 -1407.88503335 -0.00000000
24.20000000000021 18978.99168569 -1224.56094326 -0.00000000
24.25000000000021 18954.71480040 -1038.15409138 -0.00000000
24.30000000000021 18929.98316791 -848.68920595 -0.00000000
24.35000000000021 18904.89185771 -656.20978269 -0.00000000
24.40000000000021 18879.53385331 -460.79104633 -0.00000000
24.450000000000212 18853.97651994 -262.55163178 -0.00000000
24.500000000000213 18828.26739186 -61.64128983 -0.00000000
24.550000000000214 18802.47668243 141.81507864 -0.00000000
24.600000000000215 18776.69785361 347.72381263 -0.00000000
24.650000000000215 18751.01239173 555.98931497 -0.00000000
24.700000000000216 18725.49433858 766.53136245 -0.00000000
24.750000000000217 18700.20769061 979.27806203 -0.00000000
24.800000000000217 18675.20746707 1194.15182089 -0.00000000
24.850000000000218 18650.54438160 1411.05920690 -0.00000000
24.90000000000022 18626.27165906 1629.88846134 -0.00000000
24.95000000000022 18602.45208443 1850.51340547 -0.00000000
25.00000000000022 18579.16358678 2072.80034832 -0.00000000
25.05000000000022 18556.50201490 2296.61454768 -0.00000000
25.10000000000022 18534.57919465 2521.82446240 -0.00000000
25.150000000000222 18513.51465454 2748.30383868 -0.00000000
25.200000000000223 18493.42311356 2975.93197072 -0.00000000
25.250000000000224 18474.40389121 3204.59219206 -0.00000000
25.300000000000225 18456.53777837 3434.16904982 -0.00000000
25.350000000000225 18439.89158854 3664.54548874 -0.00000000
25.400000000000226 18424.52571974 3895.60174240 -0.00000000
25.450000000000227 18410.50019774 4127.21659161 -0.00000000
25.500000000000227 18397.87802219 4359.26994000 -0.00000000
25.550000000000228 18386.72635090 4591.64484151 -0.00000000
25.60000000000023 18377.11555572 4824.22730696 -0.00000000
25.65000000000023 18369.11652777 5056.90255275 -0.00000000
25.70000000000023 18362.79626403 5289.54787619 -0.00000000
25.75000000000023 18358.20720749 5522.02634630 -0.00000000
25.80000000000023 18355.38209249 5754.18337720 -0.00000000
25.850000000000232 18354.35302562 5985.85608640 -0.00000000
25.900000000000233 18355.17779794 6216.88783092 -0.00000000
25.950000000000234 18357.94867341 6447.11040862 -0.00000000
26.000000000000234 18362.79255697 6676.30643679 -0.00000000
26.050000000000235 18369.83303784 6904.28153374 -0.00000000
26.100000000000236 18379.16710264 7130.89844522 -0.00000000
26.150000000000237 18390.88396359 7356.03337704 -0.00000000
26.200000000000237 18405.07009289 7579.56761183 -0.00000000
26.250000000000238 18421.80264477 7801.35271608 -0.00000000
26.30000000000024 18441.13606442 8021.20152226 -0.00000000
26.35000000000024 18463.09704045 8238.91328422 -0.00000000
26.40000000000024 18487.73881080 8454.37867905 -0.00000000
26.45000000000024 18515.13140721 8667.46072750 -0.00000000
26.50000000000024 18545.29643441 8877.95128154 -0.00000000
26.550000000000242 18578.22704215 9085.64109423 -0.00000000
26.600000000000243 18613.90416009 9290.31973138 -0.00000000
26.650000000000244 18652.29086139 9491.76925416 -0.00000000
26.700000000000244 18693.17979960 9689.76997606 -0.00000000
26.750000000000245 18736.47481971 9884.02943481 -0.00000000
26.800000000000246 18782.22225001 10074.20946802 -0.00000000
26.850000000000247 18830.60104321 10259.98597813 -0.00000000
26.900000000000247 18881.84462327 10441.06419722 -0.00000000
26.950000000000248 18936.14690348 10617.17516495 -0.00000000
27.00000000000025 18993.62205333 10788.03842516 -0.00000000
27.05000000000025 19054.37908112 10953.35850271 -0.00000000
27.10000000000025 19118.46356329 11112.89876721 -0.00000000
27.15000000000025 19185.79697343 11266.48821330 -0.00000000
27.20000000000025 19256.24796146 11414.12567113 -0.00000000
27.250000000000252 19329.64072416 11555.95980910 -0.00000000
27.300000000000253 19405.82829175 11692.11124844 -0.00000000
27.350000000000254 19484.57933449 11822.68018656 -0.00000000
27.400000000000254 19565.63070637 11947.75428807 -0.00000000
27.450000000000255 19648.63690467 12067.23131863 -0.00000000
27.500000000000256 19733.11289925 12180.73098411 -0.00000000
27.550000000000257 19818.28291306 12287.72183518 -0.00000000
27.600000000000257 19903.53099260 12387.54982198 -0.00000000
27.650000000000258 19988.54118018 12479.58639087 -0.00000000
27.70000000000026 20073.23582480 12563.41123009 -0.00000000
27.75000000000026 20157.72720843 12638.84994611 -0.00000000
27.80000000000026 20242.28403964 12705.85047452 -0.00000000
27.85000000000026 20327.30385565 12764.41441763 -0.00000000
27.90000000000026 20412.70532868 12814.34365977 -0.00000000
27.950000000000262 20498.34554168 12855.40516482 -0.00000000
28.000000000000263 20584.02982370 12887.60489114 -0.00000000
28.050000000000264 20669.62408088 12911.43857249 -0.00000000
28.100000000000264 20755.11448053 12927.60117550 -0.00000000
28.150000000000265 20840.51580402 12936.60692715 -0.00000000
28.200000000000266 20925.65364019 12938.72311871 -0.00000000
28.250000000000266 21010.21470462 12933.94104965 -0.00000000
28.300000000000267 21093.86358491 12921.92466470 -0.00000000
28.350000000000268 21176.21825808 12902.19218438 -0.00000000
28.40000000000027 21256.81593489 12874.47566845 -0.00000000
28.45000000000027 21335.14716183 12838.69045528 -0.00000000
28.50000000000027 21410.89085030 12794.79639300 -0.00000000
28.55000000000027 21484.02498908 12742.72136200 -0.00000000
28.60000000000027 21554.62268515 12682.38466107 -0.00000000
28.650000000000272 21622.77501078 12613.69257051 -0.00000000
28.700000000000273 21688.52536295 12536.53198804 -0.00000000
28.750000000000274 21751.82400394 12450.77390007 -0.00000000
28.800000000000274 21812.50434331 12356.28469003 -0.00000000
28.850000000000275 21870.26695773 12252.93092261 -0.00000000
28.900000000000276 21924.67484800 12140.51040646 -0.00000000
28.950000000000276 21975.18546310 12018.45235609 -0.00000000
29.000000000000277 22021.16285992 11886.60898568 -0.00000000
29.050000000000278 22062.19853432 11744.96944393 -0.00000000
29.10000000000028 22098.23202567 11593.61675432 -0.00000000
29.15000000000028 22129.46034584 11432.66097952 -0.00000000
29.20000000000028 22156.19236612 11262.17220725 -0.00000000
29.25000000000028 22178.72572792 11082.14143078 -0.00000000
29.30000000000028 22197.26276851 10892.46885749 -0.00000000
29.350000000000282 22211.87139038 10692.97514947 -0.00000000
29.400000000000283 22222.48654827 10483.42903607 -0.00000000
29.450000000000284 22228.94315800 10263.58559974 -0.00000000
29.500000000000284 22231.03886075 10033.22372856 -0.00000000
29.550000000000285 22228.62053033 9792.15731263 -0.00000000
29.600000000000286 22221.66190863 9540.22286810 -0.00000000
29.650000000000286 22210.28754250 9277.27855622 -0.00000000
29.700000000000287 22194.72902485 9003.22548502 -0.00000000
29.750000000000288 22175.25556921 8718.02665690 -0.00000000
29.80000000000029 22152.12899423 8421.69991855 -0.00000000
29.85000000000029 22125.59033455 8114.32238769 -0.00000000
29.90000000000029 22095.93181621 7796.10518605 -0.00000000
29.95000000000029 22063.32096433 7467.29987276 -0.00000000
30.00000000000029 22027.78203712 7128.13614357 -0.00000000
30.050000000000292 21989.37015744 6778.72965963 -0.00000000
30.100000000000293 21948.25229649 6419.25976447 -0.00000000
30.150000000000293 21904.73829779 6050.02319369 -0.00000000
30.200000000000294 21859.38010690 5671.30456351 -0.00000000
30.250000000000295 21812.77144997 5283.36093949 -0.00000000
30.300000000000296 21765.25134076 4886.24308459 -0.00000000
30.350000000000296 21717.12940364 4480.09855330 -0.00000000
30.400000000000297 21668.70588897 4065.21256023 -0.00000000
30.450000000000298 21620.31521827 3642.06725835 -0.00000000
30.5000000000003 21534.49810203 2901.44181158 -0.00000000
30.5500000000003 21467.98039276 2415.35806009 -0.00000000
30.6000000000003 21418.67562112 2100.26124039 -0.00000000
30.6500000000003 21382.22912186 1820.62759773 -0.00000000
30.7000000000003 21352.22237543 1477.11852678 -0.00000000
30.750000000000302 21321.77490647 1036.22897649 -0.00000000
30.800000000000303 21286.34118955 521.72755698 -0.00000000
30.850000000000303 21245.20741228 -19.36311929 -0.00000000
30.900000000000304 21200.95159621 -547.98935363 -0.00000000
30.950000000000305 21157.97111022 -1047.81909104 -0.00000000
31.000000000000306 21104.45653649 -1667.11414814 -0.00000000
31.050000000000306 21072.33046873 -2119.10732846 -0.00000000
31.100000000000307 21058.63397864 -2502.96425125 -0.00000000
31.150000000000308 21055.54451821 -2928.88703129 -0.00000000
31.20000000000031 21054.10296113 -3415.87934370 -0.00000000
31.25000000000031 21050.29999564 -3939.46004566 -0.00000000
31.30000000000031 21045.89314379 -4464.36317023 -0.00000000
31.35000000000031 21045.78806953 -4971.67469464 -0.00000000
31.40000000000031 21054.38915837 -5461.48525642 -0.00000000
31.450000000000312 21073.24356696 -5943.09759334 -0.00000000
31.500000000000313 21101.22388639 -6425.05036760 -0.00000000
31.550000000000313 21136.13282937 -6910.55017297 -0.00000000
31.600000000000314 21176.38469258 -7397.94160395 -0.00000000
31.650000000000315 21221.92094111 -7883.60299726 -0.00000000
31.700000000000315 21273.62926740 -8364.38527525 -0.00000000
31.750000000000316 21331.96092571 -8838.14369075 -0.00000000
31.800000000000317 21396.26034089 -9304.86857295 -0.00000000
31.850000000000318 21467.35771017 -9765.21149440 -0.00000000
31.90000000000032 21546.04449120 -10219.28031842 -0.00000000
31.95000000000032 21632.65344595 -10666.37381327 -0.00000000
32.00000000000032 21727.32687056 -11104.56889100 -0.00000000
32.05000000000032 21829.69400909 -11532.16810810 -0.00000000
32.100000000000314 21939.13281912 -11947.46717380 -0.00000000
32.15000000000031 22054.58962826 -12350.43324304 -0.00000000
32.20000000000031 22173.99471561 -12743.08165571 -0.00000000
32.250000000000306 22268.39064183 -13037.72754939 -0.00000000
32.3000000000003 22388.70380813 -13390.83550883 -0.00000000
32.3500000000003 22526.50428716 -13794.31240914 -0.00000000
32.4000000000003 22668.40689871 -14195.26874935 -0.00000000
32.450000000000294 22804.78083255 -14568.07972247 -0.00000000
32.50000000000029 22933.11534107 -14900.16072029 -0.00000000
32.55000000000029 23055.40418752 -15195.48272353 -0.00000000
32.600000000000286 23126.80204844 -15354.77737380 -0.00000000
32.65000000000028 23224.43277311 -15551.04825826 -0.00000000
32.70000000000028 23349.09588301 -15789.72670191 -0.00000000
32.75000000000028 23493.21785471 -16055.54836803 -0.00000000
32.800000000000274 23644.94735587 -16328.48296747 -0.00000000
32.85000000000027 23792.57077306 -16587.47011849 -0.00000000
32.90000000000027 23927.72735497 -16817.33891545 -0.00000000
32.950000000000266 24045.57380083 -17009.96315466 -0.00000000
33.00000000000026 24145.56313318 -17163.98291722 -0.00000000
33.05000000000026 24231.68132112 -17283.79914612 -0.00000000
33.10000000000026 24309.52476561 -17376.28005553 -0.00000000
33.150000000000254 24382.16219669 -17444.45887464 -0.00000000
33.20000000000025 24451.62081169 -17489.32559737 -0.00000000
33.25000000000025 24520.09131165 -17513.57644083 -0.00000000
33.300000000000246 24589.49378591 -17520.51388085 -0.00000000
33.35000000000024 24660.77003513 -17512.48023648 -0.00000000
33.40000000000024 24734.17190513 -17490.65138208 -0.00000000
33.45000000000024 24809.32176046 -17454.90465022 -0.00000000
33.500000000000234 24885.08464016 -17403.62421716 -0.00000000
33.55000000000023 24959.59028070 -17334.27638004 -0.00000000
33.60000000000023 25030.02531377 -17245.22936786 -0.00000000
33.650000000000226 25092.17236877 -17136.51655173 -0.00000000
33.70000000000022 25143.78646535 -17006.32901598 -0.00000000
33.75000000000022 25184.33505790 -16852.23513087 -0.00000000
33.80000000000022 25214.47447580 -16672.87018323 -0.00000000
33.850000000000215 25235.60236798 -16468.36941408 -0.00000000
33.90000000000021 25249.51724471 -16239.90868288 -0.00000000
33.95000000000021 25257.89754016 -15989.23165203 -0.00000000
34.000000000000206 25261.61809300 -15717.65577727 -0.00000000
34.0500000000002 25260.51994894 -15425.47469807 -0.00000000
34.1000000000002 25253.93434337 -15112.04997506 -0.00000000
34.1500000000002 25241.31487039 -14776.48952812 -0.00000000
34.200000000000195 25222.50548915 -14418.36525482 -0.00000000
34.25000000000019 25197.61301812 -14037.97734774 -0.00000000
34.30000000000019 25145.90254892 -13338.56683798 -0.00000000
34.350000000000186 25105.49667465 -12861.09712931 -0.00000000
34.40000000000018 25071.39354790 -12532.61579074 -0.00000000
34.45000000000018 25032.77010653 -12229.28592126 -0.00000000
34.50000000000018 24968.65125399 -11752.87663288 -0.00000000
34.550000000000175 24902.29126049 -11261.96212068 -0.00000000
34.60000000000017 24832.92131439 -10757.80130534 -0.00000000
34.65000000000017 24759.87253311 -10218.89437854 -0.00000000
34.700000000000166 24682.45429568 -9656.09267635 -0.00000000
34.75000000000016 24600.19878361 -9077.37353501 -0.00000000
34.80000000000016 24513.35174279 -8488.22199024 -0.00000000
34.85000000000016 24422.91108971 -7889.21953680 -0.00000000
34.900000000000155 24329.39509304 -7278.74933388 -0.00000000
34.95000000000015 24231.53842697 -6655.21429141 -0.00000000
35.00000000000015 24135.78240383 -6015.05177914 -0.00000000
35.050000000000146 24045.39601425 -5362.46669529 -0.00000000
35.10000000000014 23959.59886519 -4702.71446824 -0.00000000
35.15000000000014 23876.49534112 -4036.19507891 -0.00000000
35.20000000000014 23795.20013266 -3362.82447690 -0.00000000
35.250000000000135 23719.10006069 -2689.35681438 -0.00000000
35.30000000000013 23646.92359591 -2013.50394950 -0.00000000
35.35000000000013 23577.61925655 -1329.51490744 -0.00000000
35.40000000000013 23513.04452435 -632.56468332 -0.00000000
35.450000000000124 23456.08186216 74.54253732 -0.00000000
35.50000000000012 23407.96662276 785.65371866 -0.00000000
35.55000000000012 23372.05220272 1497.17398097 -0.00000000
35.600000000000115 23349.78667749 2208.40357368 -0.00000000
35.65000000000011 23338.95460087 2920.19562452 -0.00000000
35.70000000000011 23336.43488933 3630.15838409 -0.00000000
35.75000000000011 23341.41799018 4328.83787759 -0.00000000
35.800000000000104 23355.55565896 5020.59464811 -0.00000000
35.8500000000001 23378.49864121 5714.02563722 -0.00000000
35.9000000000001 23410.95158345 6411.05099421 -0.00000000
35.950000000000095 23453.86347317 7108.06954950 -0.00000000
36.00000000000009 23506.23076813 7797.44119446 -0.00000000
36.05000000000009 23568.90677268 8474.13084678 -0.00000000
36.10000000000009 23643.51742568 9136.01020132 -0.00000000
36.150000000000084 23727.50053429 9782.56796197 -0.00000000
36.20000000000008 23817.60820029 10416.93188805 -0.00000000
36.25000000000008 23911.86671762 11040.71274034 -0.00000000
36.300000000000075 24011.64815143 11650.65349577 -0.00000000
36.35000000000007 24116.38233969 12247.72304054 -0.00000000
36.40000000000007 24225.67287656 12831.20067337 -0.00000000
36.45000000000007 24336.88877218 13401.02464754 -0.00000000
36.500000000000064 24449.94376760 13952.62573453 -0.00000000
36.55000000000006 24565.14448902 14483.00111095 -0.00000000
36.60000000000006 24681.99111632 14991.86854324 -0.00000000
36.650000000000055 24799.41926422 15479.75493058 -0.00000000
36.70000000000005 24915.42727322 15947.46519232 -0.00000000
36.75000000000005 25028.34797078 16393.99177127 -0.00000000
36.80000000000005 25137.51369590 16819.38832954 -0.00000000
36.850000000000044 25242.73092210 17224.58877682 -0.00000000
36.90000000000004 25343.05409060 17608.32547105 -0.00000000
36.95000000000004 25414.66562175 17892.47970518 -0.00000000
37.000000000000036 25497.00302702 18216.98879071 -0.00000000
37.05000000000003 25583.88790474 18571.75575746 -0.00000000
37.10000000000003 25667.56575363 18904.90975747 -0.00000000
37.15000000000003 25710.19100857 19084.03485468 -0.00000000
37.200000000000024 25756.07919845 19288.48482203 -0.00000000
37.25000000000002 25803.64027503 19516.97466632 -0.00000000
37.30000000000002 25850.06196073 19750.60375350 -0.00000000
37.350000000000016 25891.37644003 19970.30437465 -0.00000000
37.40000000000001 25924.05884383 20158.65438585 -0.00000000
37.45000000000001 25945.27545730 20305.79337748 -0.00000000
37.50000000000001 25953.10537754 20409.59809290 -0.00000000
37.550000000000004 25946.50324888 20472.46184985 -0.00000000
37.6 25925.32730877 20499.44702837 -0.00000000
37.65 25890.78592234 20497.41991912 -0.00000000
37.699999999999996 25844.84780819 20471.79180213 -0.00000000
37.74999999999999 25790.59953523 20426.65219199 -0.00000000
37.79999999999999 25730.99868027 20364.28817077 -0.00000000
37.84999999999999 25667.96721736 20285.25100081 -0.00000000
37.899999999999984 25602.94438808 20189.99605729 -0.00000000
37.94999999999998 25537.74677709 20080.24343387 -0.00000000
37.99999999999998 25473.77947659 19958.31976609 -0.00000000
38.049999999999976 25411.34920301 19825.94287024 -0.00000000
38.09999999999997 25349.02538276 19682.42239560 -0.00000000
38.14999999999997 25284.56053937 19526.36874102 -0.00000000
38.19999999999997 25215.46459029 19356.07594596 -0.00000000
38.249999999999964 25139.47510676 19169.08235847 -0.00000000
38.29999999999996 25055.38866814 18963.66498174 -0.00000000
38.34999999999996 24963.24201173 18739.25481566 -0.00000000
38.399999999999956 24783.35839511 18314.43935265 -0.00000000
38.44999999999995 24664.49099088 18020.28115440 -0.00000000
38.49999999999995 24591.33376687 17810.72542281 -0.00000000
38.54999999999995 24527.70631987 17605.57458032 -0.00000000
38.599999999999945 24442.48117859 17351.36557418 -0.00000000
38.64999999999994 24323.38833305 17033.91015782 -0.00000000
38.69999999999994 24175.61630637 16668.92922190 -0.00000000
38.749999999999936 23957.04407418 16168.13274808 -0.00000000
38.79999999999993 23795.13622630 15787.90817482 -0.00000000
38.84999999999993 23669.76828495 15471.40961386 -0.00000000
38.89999999999993 23549.22635340 15126.98883280 -0.00000000
38.949999999999925 23414.99513797 14731.84565535 -0.00000000
38.99999999999992 23265.27041139 14295.21863099 -0.00000000
39.04999999999992 23106.63923539 13838.36544909 -0.00000000
39.099999999999916 22945.71093922 13375.68191602 -0.00000000
39.14999999999991 22787.48128087 12911.13266309 -0.00000000
39.19999999999991 22634.29148626 12441.98612756 -0.00000000
39.24999999999991 22485.13177292 11964.86077028 -0.00000000
39.299999999999905 22337.29814264 11477.10356449 -0.00000000
39.3499999999999 22189.42580528 10978.22480993 -0.00000000
39.3999999999999 22041.57894577 10470.73354516 -0.00000000
39.449999999999896 21892.28594346 9961.92521481 -0.00000000
39.49999999999989 21743.99760485 9451.22123861 -0.00000000
39.54999999999989 21603.67488147 8932.87758094 -0.00000000
39.59999999999989 21476.04208395 8405.40965045 -0.00000000
39.649999999999885 21362.82419463 7869.90060441 -0.00000000
39.69999999999988 21263.92669690 7328.15253052 -0.00000000
39.74999999999988 21176.30582728 6789.71591082 -0.00000000
39.799999999999876 21118.02333518 6378.61808001 -0.00000000
39.84999999999987 21054.17373861 5865.29107311 -0.00000000
39.89999999999987 20989.66660246 5269.97803596 -0.00000000
39.94999999999987 20931.35906011 4664.22765712 -0.00000000
39.999999999999865 20886.32100568 4082.68833139 -0.00000000
40.04999999999986 20858.77627374 3536.21505810 -0.00000000
40.09999999999986 20851.08048015 3014.06302724 -0.00000000
40.14999999999986 20863.50897115 2500.10519774 -0.00000000
40.199999999999854 20892.76970176 1982.99449355 -0.00000000
40.24999999999985 20933.79910115 1460.01206237 -0.00000000
40.29999999999985 20982.30849418 934.63432666 -0.00000000
40.349999999999845 21036.01832059 412.14095660 -0.00000000
40.39999999999984 21095.01123671 -103.90966619 -0.00000000
40.44999999999984 21161.21351530 -612.39490026 -0.00000000
40.49999999999984 21236.01925513 -1113.95859408 -0.00000000
40.549999999999834 21320.47918955 -1608.98933165 -0.00000000
40.59999999999983 21415.58084429 -2097.63794602 -0.00000000
40.64999999999983 21521.44941384 -2578.35324552 -0.00000000
40.699999999999825 21637.50384836 -3048.75010069 -0.00000000
40.74999999999982 21761.92112661 -3508.35532335 -0.00000000
40.79999999999982 21889.81122744 -3956.38452087 -0.00000000
40.84999999999982 22017.91118868 -4394.16626966 -0.00000000
40.899999999999814 22143.87439727 -4824.96893147 -0.00000000
40.94999999999981 22265.71327117 -5251.35543821 -0.00000000
40.99999999999981 22384.52707365 -5672.58256434 -0.00000000
41.049999999999805 22502.09421504 -6085.69634788 -0.00000000
41.0999999999998 22619.78983518 -6487.36735579 -0.00000000
41.1499999999998 22739.34984524 -6877.81917503 -0.00000000
41.1999999999998 22864.43074196 -7263.15965418 -0.00000000
41.249999999999794 22989.92902411 -7637.24408786 -0.00000000
41.29999999999979 23112.35983332 -7994.02384895 -0.00000000
41.34999999999979 23229.53378922 -8331.94605940 -0.00000000
41.399999999999785 23339.89276650 -8655.41877689 -0.00000000
41.44999999999978 23442.76303692 -8968.51399445 -0.00000000
41.49999999999978 23536.60019773 -9271.04210487 -0.00000000
41.54999999999978 23626.37931075 -9566.44164954 -0.00000000
41.599999999999774 23676.29550475 -9739.24515353 -0.00000000
41.64999999999977 23742.75583218 -9960.28584641 -0.00000000
41.69999999999977 23827.37891308 -10229.65609228 -0.00000000
41.749999999999766 23924.93028642 -10523.97231312 -0.00000000
41.79999999999976 24027.11551203 -10817.37071705 -0.00000000
41.84999999999976 24125.46199701 -11086.61800240 -0.00000000
41.89999999999976 24213.53101185 -11317.88540376 -0.00000000
41.949999999999754 24287.91630794 -11507.17816968 -0.00000000
41.99999999999975 24347.97424845 -11657.99588936 -0.00000000
42.04999999999975 24394.94399105 -11778.40381983 -0.00000000
42.099999999999746 24431.93711534 -11877.17089766 -0.00000000
42.14999999999974 24462.47239318 -11961.37921715 -0.00000000
42.19999999999974 24489.61471263 -12035.06988329 -0.00000000
42.24999999999974 24515.52105052 -12099.39443865 -0.00000000
42.299999999999734 24541.34284629 -12153.62219780 -0.00000000
42.34999999999973 24567.27091789 -12196.36983249 -0.00000000
42.39999999999973 24592.64697334 -12226.45692857 -0.00000000
42.449999999999726 24616.05755826 -12243.21305263 -0.00000000
42.49999999999972 24635.56996730 -12246.35428616 -0.00000000
42.54999999999972 24649.32004462 -12235.58523068 -0.00000000
42.59999999999972 24655.60427761 -12210.62655449 -0.00000000
42.649999999999714 24652.93712734 -12171.54488699 -0.00000000
42.69999999999971 24641.24434576 -12117.57087632 -0.00000000
42.74999999999971 24621.44027203 -12047.97185561 -0.00000000
42.799999999999706 24595.14314761 -11962.19248271 -0.00000000
42.8499999999997 24564.27032120 -11859.98331236 -0.00000000
42.8999999999997 24530.37450887 -11741.88790531 -0.00000000
42.9499999999997 24494.37992564 -11608.96617095 -0.00000000
42.999999999999694 24456.50465057 -11462.21168043 -0.00000000
43.04999999999969 24416.35623924 -11302.21671245 -0.00000000
43.09999999999969 24373.32242656 -11129.27324581 -0.00000000
43.149999999999686 24326.87142464 -10943.47292295 -0.00000000
43.19999999999968 24276.63923568 -10744.85826765 -0.00000000
43.24999999999968 24222.51572820 -10533.60792159 -0.00000000
43.29999999999968 24164.68824231 -10309.96438101 -0.00000000
43.349999999999675 24103.56977606 -10073.95267281 -0.00000000
43.39999999999967 24039.71932864 -9825.36361333 -0.00000000
43.44999999999967 23974.00926009 -9564.93703315 -0.00000000
43.499999999999666 23907.26894319 -9293.60833887 -0.00000000
43.54999999999966 23840.06645716 -9012.28200209 -0.00000000
43.59999999999966 23772.69746694 -8721.71174134 -0.00000000
43.64999999999966 23705.23708352 -8422.35846604 -0.00000000
43.699999999999655 23590.11068640 -7903.68918171 -0.00000000
43.74999999999965 23525.80707984 -7573.65902283 -0.00000000
43.79999999999965 23492.36534534 -7351.21541865 -0.00000000
43.849999999999646 23462.91992868 -7130.67853306 -0.00000000
43.89999999999964 23418.02521918 -6849.87959645 -0.00000000
43.94999999999964 23352.18369385 -6499.01236533 -0.00000000
43.99999999999964 23271.49797423 -6102.91908179 -0.00000000
44.049999999999635 23187.02830219 -5693.54110529 -0.00000000
44.09999999999963 23108.38662153 -5291.56143555 -0.00000000
44.14999999999963 23040.46191933 -4901.55788884 -0.00000000
44.199999999999626 22984.02475561 -4515.66989240 -0.00000000
44.24999999999962 22936.27605665 -4125.36110191 -0.00000000
44.29999999999962 22892.37428671 -3725.13103385 -0.00000000
44.34999999999962 22848.06321070 -3311.94046745 -0.00000000
44.399999999999615 22802.02393108 -2889.37806705 -0.00000000
44.44999999999961 22754.76657318 -2463.25658910 -0.00000000
44.49999999999961 22707.57171062 -2036.09389366 -0.00000000
44.549999999999606 22661.54067438 -1607.32043807 -0.00000000
44.5999999999996 22619.89393629 -1171.12725708 -0.00000000
44.6499999999996 22584.23302779 -726.09242529 -0.00000000
44.6999999999996 22555.39858198 -271.78450534 -0.00000000
44.749999999999595 22533.98259847 189.74540729 -0.00000000
44.79999999999959 22519.31613626 656.59045245 -0.00000000
44.84999999999959 22509.77563424 1127.35364429 -0.00000000
44.89999999999959 22504.03211050 1599.52341428 -0.00000000
44.949999999999584 22500.57217380 2068.81111345 -0.00000000
44.99999999999958 22498.15422216 2537.61332608 -0.00000000
45.04999999999958 22497.12774650 3010.10242258 -0.00000000
45.099999999999575 22498.71464250 3487.78750798 -0.00000000
45.14999999999957 22504.63079718 3969.81710867 -0.00000000
45.19999999999957 22515.49457898 4452.88045156 -0.00000000
45.24999999999957 22530.35252511 4933.01621986 -0.00000000
45.299999999999564 22550.67822395 5410.35158080 -0.00000000
45.34999999999956 22578.63552136 5885.61400233 -0.00000000
45.39999999999956 22612.77053836 6357.52016095 -0.00000000
45.449999999999555 22651.04431865 6823.01197616 -0.00000000
45.49999999999955 22690.35838470 7282.19518194 -0.00000000
45.54999999999955 22728.61795232 7739.06492766 -0.00000000
45.59999999999955 22766.98375520 8196.98799763 -0.00000000
45.649999999999544 22806.25877423 8656.86160403 -0.00000000
45.69999999999954 22845.09161331 9116.55616896 -0.00000000
45.74999999999954 22881.93308747 9572.04177379 -0.00000000
45.799999999999535 22919.91391556 10017.72487652 -0.00000000
45.84999999999953 22961.63333949 10450.95728084 -0.00000000
45.89999999999953 23007.68032053 10872.73661517 -0.00000000
45.94999999999953 23057.08531520 11285.60113464 -0.00000000
45.999999999999524 23107.74912078 11691.23956848 -0.00000000
46.04999999999952 23158.11410435 12089.72717083 -0.00000000
46.09999999999952 23208.15965108 12480.79235964 -0.00000000
46.149999999999515 23258.39223333 12863.44615442 -0.00000000
46.19999999999951 23309.39557667 13235.98479594 -0.00000000
46.24999999999951 23361.29884058 13596.82253243 -0.00000000
46.29999999999951 23413.52557590 13945.16146647 -0.00000000
46.349999999999504 23465.87962033 14279.81821193 -0.00000000
46.3999999999995 23518.47906944 14599.52079189 -0.00000000
46.4499999999995 23571.39473524 14903.36897809 -0.00000000
46.499999999999496 23624.63447922 15190.97948292 -0.00000000
46.54999999999949 23677.81928886 15462.49632514 -0.00000000
46.59999999999949 23730.02016139 15718.40377366 -0.00000000
46.64999999999949 23758.46237821 15864.68008224 -0.00000000
46.699999999999484 23794.74927091 16040.75871112 -0.00000000
46.74999999999948 23838.38214453 16248.79876419 -0.00000000
46.79999999999948 23887.56571560 16471.79654939 -0.00000000
46.849999999999476 23939.83851389 16691.83421821 -0.00000000
46.89999999999947 23991.92494160 16889.35358366 -0.00000000
46.94999999999947 24040.25750171 17051.63666433 -0.00000000
46.99999999999947 24081.77212369 17175.14623910 -0.00000000
47.049999999999464 24114.83164726 17262.55721469 -0.00000000
47.09999999999946 24139.44073302 17319.77186320 -0.00000000
47.14999999999946 24157.12542214 17352.90814656 -0.00000000
47.199999999999456 24170.21613844 17366.67962460 -0.00000000
47.24999999999945 24181.13209147 17364.04391028 -0.00000000
47.29999999999945 24192.13076121 17346.42353042 -0.00000000
47.34999999999945 24204.99697553 17314.29303263 -0.00000000
47.399999999999444 24220.59494331 17267.48277520 -0.00000000
47.44999999999944 24238.88579674 17205.94174741 -0.00000000
47.49999999999944 24259.15108026 17130.07672516 -0.00000000
47.549999999999436 24280.33421979 17039.29986954 -0.00000000
47.59999999999943 24300.04538966 16933.06981309 -0.00000000
47.64999999999943 24316.96844778 16812.03807954 -0.00000000
47.69999999999943 24329.41818655 16676.05994174 -0.00000000
47.749999999999424 24338.16738758 16525.28930822 -0.00000000
47.79999999999942 24342.45609039 16359.32554358 -0.00000000
47.84999999999942 24341.82229367 16177.53345988 -0.00000000
47.899999999999416 24336.15389955 15979.74318612 -0.00000000
47.94999999999941 24325.96319061 15766.11628828 -0.00000000
47.99999999999941 24312.14266723 15537.37262413 -0.00000000
48.04999999999941 24295.52952157 15294.34420003 -0.00000000
48.099999999999405 24276.61541402 15037.54717928 -0.00000000
48.1499999999994 24255.52989447 14767.29893966 -0.00000000
48.1999999999994 24211.72637568 14275.73734220 -0.00000000
48.249999999999396 24181.42160342 13944.29375478 -0.00000000
48.29999999999939 24159.10075380 13717.29504194 -0.00000000
48.34999999999939 24133.27958496 13501.91460883 -0.00000000
48.39999999999939 24095.91000626 13232.87962005 -0.00000000
48.449999999999385 24028.47579679 12789.58476266 -0.00000000
48.49999999999938 23969.22957387 12381.88582412 -0.00000000
48.54999999999938 23916.41004205 12019.88165797 -0.00000000
48.599999999999376 23862.69377463 11653.70962889 -0.00000000
48.64999999999937 23801.90748990 11264.39620727 -0.00000000
48.69999999999937 23732.30824527 10845.98875290 -0.00000000
48.74999999999937 23655.64870562 10405.27696107 -0.00000000
48.799999999999365 23574.43292556 9949.93547002 -0.00000000
48.84999999999936 23490.49148642 9483.99369749 -0.00000000
48.89999999999936 23404.78105628 9007.80829807 -0.00000000
48.949999999999356 23317.83794235 8519.95447702 -0.00000000
48.99999999999935 23230.12543038 8018.76022744 -0.00000000
49.04999999999935 23142.16224459 7504.24004639 -0.00000000
49.09999999999935 23054.66990711 6977.94543807 -0.00000000
49.149999999999345 22968.59226848 6441.65680064 -0.00000000
49.19999999999934 22884.91232856 5897.06267225 -0.00000000
49.24999999999934 22804.57242622 5345.78561222 -0.00000000
49.299999999999336 22728.16428680 4788.63548184 -0.00000000
49.34999999999933 22656.05769303 4225.63513140 -0.00000000
49.39999999999933 22588.64428648 3655.79608738 -0.00000000
49.44999999999933 22526.77367461 3078.56934744 -0.00000000
49.499999999999325 22471.50896838 2494.02862522 -0.00000000
49.54999999999932 22426.23890149 1903.38964411 -0.00000000
49.59999999999932 22394.94454452 1305.95442545 -0.00000000
49.64999999999932 22378.25623084 702.66528537 -0.00000000
49.699999999999314 22372.76476838 96.72530735 -0.00000000
49.74999999999931 22376.08013680 -511.19143828 -0.00000000
49.79999999999931 22387.83809338 -1120.60046463 -0.00000000
49.849999999999305 22408.79263759 -1730.35240187 -0.00000000
49.8999999999993 22439.81508478 -2338.73608338 -0.00000000
49.9499999999993 22481.21483700 -2944.03338219 -0.00000000
49.9999999999993 22533.79682955 -3551.75395906 -0.00000000
50.049999999999294 22598.19814034 -4161.62809863 -0.00000000
