Time	DISPLACEMENT_Y	Coupling_Iterations	
0.05	0.0	1	
0.1	1.320231626504161e-11	1	
0.15000000000000002	7.280477946444861e-11	1	
0.2	2.2787737881778153e-10	1	
0.25	5.316303382296038e-10	1	
0.3	1.0249263858263808e-09	1	
0.35	1.7171961902784697e-09	1	
0.39999999999999997	2.567116661220136e-09	1	
0.44999999999999996	3.4655964418509572e-09	1	
0.49999999999999994	4.2235128636697425e-09	1	
0.5499999999999999	4.56657044626575e-09	1	
0.6	4.14001311410671e-09	1	
0.65	2.526538503633942e-09	1	
0.7000000000000001	-7.194678821160022e-10	1	
0.7500000000000001	-6.0207108133787425e-09	1	
0.8000000000000002	-1.3713091351581657e-08	1	
0.8500000000000002	-2.3979446937119486e-08	1	
0.9000000000000002	-3.679546894770728e-08	1	
0.9500000000000003	-5.190245153257559e-08	1	
1.0000000000000002	-6.881695936437431e-08	1	
1.0500000000000003	-8.687980916952614e-08	1	
1.1000000000000003	-1.0533869561207603e-07	1	
1.1500000000000004	-1.2345284398824057e-07	1	
1.2000000000000004	-1.4060546407009944e-07	1	
1.2500000000000004	-1.5641014031730681e-07	1	
1.3000000000000005	-1.707991607115474e-07	1	
1.3500000000000005	-1.8408355128163584e-07	1	
1.4000000000000006	-1.9697550121866944e-07	1	
1.4500000000000006	-2.1056461470957176e-07	1	
1.5000000000000007	-2.262418054384671e-07	1	
1.5500000000000007	-2.455704183983792e-07	1	
1.6000000000000008	-2.7011365365077403e-07	1	
1.6500000000000008	-3.0123873962164616e-07	1	
1.7000000000000008	-3.399279562224814e-07	1	
1.7500000000000009	-3.8663070234386427e-07	1	
1.800000000000001	-4.411870363464924e-07	1	
1.850000000000001	-5.028418131846336e-07	1	
1.900000000000001	-5.703524943813949e-07	1	
1.950000000000001	-6.421769851576801e-07	1	
2.000000000000001	-7.167142319231137e-07	1	
2.0500000000000007	-7.925621816624267e-07	1	
2.1000000000000005	-8.687556801617249e-07	1	
2.1500000000000004	-9.449503262034881e-07	1	
2.2	-1.0215259499984224e-06	1	
2.25	-1.0995939783935467e-06	1	
2.3	-1.1809054069927365e-06	1	
2.3499999999999996	-1.2676693689011607e-06	1	
2.3999999999999995	-1.3623050485280081e-06	1	
2.4499999999999993	-1.4671601926337927e-06	1	
2.499999999999999	-1.5842357632896857e-06	1	
2.549999999999999	-1.7149567214758802e-06	1	
2.5999999999999988	-1.860022878782023e-06	1	
2.6499999999999986	-2.019361924829941e-06	1	
2.6999999999999984	-2.192191183138639e-06	1	
2.7499999999999982	-2.377178235038828e-06	1	
2.799999999999998	-2.5726761903942064e-06	1	
2.849999999999998	-2.7769993196664608e-06	1	
2.8999999999999977	-2.988700183515836e-06	1	
2.9499999999999975	-3.2068104604840927e-06	1	
2.9999999999999973	-3.4310138300549426e-06	1	
3.049999999999997	-3.6617293375980248e-06	1	
3.099999999999997	-3.900095194138121e-06	1	
3.149999999999997	-4.147853447109703e-06	1	
3.1999999999999966	-4.407147561500418e-06	1	
3.2499999999999964	-4.6802761729283645e-06	1	
3.2999999999999963	-4.969439216845402e-06	1	
3.349999999999996	-5.276504834153847e-06	1	
3.399999999999996	-5.602823112842289e-06	1	
3.4499999999999957	-5.9491025693122475e-06	1	
3.4999999999999956	-6.315375844088223e-06	1	
3.5499999999999954	-6.7010650457095055e-06	1	
3.599999999999995	-7.10513468231842e-06	1	
3.649999999999995	-7.526304683406698e-06	1	
3.699999999999995	-7.963288250476398e-06	1	
3.7499999999999947	-8.415018722344765e-06	1	
3.7999999999999945	-8.880835321414088e-06	1	
3.8499999999999943	-9.360604506001364e-06	1	
3.899999999999994	-9.85476367055736e-06	1	
3.949999999999994	-1.0364284585932745e-05	1	
3.999999999999994	-1.089056560527059e-05	1	
4.049999999999994	-1.1435269031134106e-05	1	
4.099999999999993	-1.2000125125330804e-05	1	
4.149999999999993	-1.2586730858714046e-05	1	
4.199999999999993	-1.319637405318305e-05	1	
4.249999999999993	-1.382990929953549e-05	1	
4.299999999999993	-1.4487702285005993e-05	1	
4.3499999999999925	-1.5169647460212893e-05	1	
4.399999999999992	-1.58752526528302e-05	1	
4.449999999999992	-1.6603774466475736e-05	1	
4.499999999999992	-1.7354381473857226e-05	1	
4.549999999999992	-1.812631930783206e-05	1	
4.599999999999992	-1.8919052987617413e-05	1	
4.6499999999999915	-1.973236672079728e-05	1	
4.699999999999991	-2.0566408999831435e-05	1	
4.749999999999991	-2.142167973810837e-05	1	
4.799999999999991	-2.229896505104516e-05	1	
4.849999999999991	-2.3199232838613647e-05	1	
4.899999999999991	-2.4123507560882086e-05	1	
4.94999999999999	-2.5072744725719715e-05	1	
4.99999999999999	-2.6047724253118775e-05	1	
5.04999999999999	-2.7048977451442698e-05	1	
5.09999999999999	-2.8076755903617125e-05	1	
5.14999999999999	-2.913104337426195e-05	1	
5.1999999999999895	-3.0211605099894567e-05	1	
5.249999999999989	-3.1318063541079795e-05	1	
5.299999999999989	-3.2449986587457164e-05	1	
5.349999999999989	-3.3606973622619196e-05	1	
5.399999999999989	-3.4788726639395965e-05	1	
5.449999999999989	-3.599509725333679e-05	1	
5.4999999999999885	-3.722610528917346e-05	1	
5.549999999999988	-3.848192970916586e-05	1	
5.599999999999988	-3.976287634342491e-05	1	
5.649999999999988	-4.1069327900689744e-05	1	
5.699999999999988	-4.240168313661131e-05	1	
5.749999999999988	-4.3760294628294114e-05	1	
5.799999999999987	-4.514541514293068e-05	1	
5.849999999999987	-4.65571603012684e-05	1	
5.899999999999987	-4.7995491417453886e-05	1	
5.949999999999987	-4.946021844777405e-05	1	
5.999999999999987	-5.095101993316189e-05	1	
6.0499999999999865	-5.246747548134954e-05	1	
6.099999999999986	-5.4009106880574416e-05	1	
6.149999999999986	-5.55754205409253e-05	1	
6.199999999999986	-5.7165938651869155e-05	1	
6.249999999999986	-5.878021305649479e-05	1	
6.299999999999986	-6.041782315080009e-05	1	
6.349999999999985	-6.207836160240303e-05	1	
6.399999999999985	-6.376141206919333e-05	1	
6.449999999999985	-6.546652311667903e-05	1	
6.499999999999985	-6.719318246907707e-05	1	
6.549999999999985	-6.89407949463939e-05	1	
6.5999999999999845	-7.070866569545685e-05	1	
6.649999999999984	-7.249598937966521e-05	1	
6.699999999999984	-7.430184561124696e-05	1	
6.749999999999984	-7.612520028995101e-05	1	
6.799999999999984	-7.79649117834869e-05	1	
6.849999999999984	-7.981974033471883e-05	1	
6.8999999999999835	-8.16883588405808e-05	1	
6.949999999999983	-8.356936322642824e-05	1	
6.999999999999983	-8.546128097491619e-05	1	
7.049999999999983	-8.736257685997202e-05	1	
7.099999999999983	-8.927165546975607e-05	1	
7.149999999999983	-9.118686057740809e-05	1	
7.199999999999982	-9.310647177249802e-05	1	
7.249999999999982	-9.502869896844315e-05	1	
7.299999999999982	-9.695167548008838e-05	1	
7.349999999999982	-9.887345034874442e-05	1	
7.399999999999982	-0.0001007919805281097	1	
7.4499999999999815	-0.00010270512347163096	1	
7.499999999999981	-0.00010461063059160792	1	
7.549999999999981	-0.00010650614199613043	1	
7.599999999999981	-0.00010838918282795836	1	
7.649999999999981	-0.00011025716142616311	1	
7.699999999999981	-0.00011210736938686235	1	
7.7499999999999805	-0.00011393698341534643	1	
7.79999999999998	-0.00011574306864833809	1	
7.84999999999998	-0.00011752258292008396	1	
7.89999999999998	-0.00011927238127117372	1	
7.94999999999998	-0.00012098921990823004	1	
7.99999999999998	-0.00012266975884085815	1	
8.04999999999998	-0.0001243105625752273	1	
8.09999999999998	-0.00012590809851410599	1	
8.14999999999998	-0.0001274587330499538	1	
8.199999999999982	-0.00012895872568888323	1	
8.249999999999982	-0.00013040422184652925	1	
8.299999999999983	-0.00013179124516144662	1	
8.349999999999984	-0.00013311569025028922	1	
8.399999999999984	-0.00013437331677892118	1	
8.449999999999985	-0.00013555974554854892	1	
8.499999999999986	-0.0001366704569991941	1	
8.549999999999986	-0.00013770079214436577	1	
8.599999999999987	-0.00013864595554120718	1	
8.649999999999988	-0.00013950101956384424	1	
8.699999999999989	-0.00014026092905563054	1	
8.74999999999999	-0.00014092050541803343	1	
8.79999999999999	-0.0001414744493445372	1	
8.84999999999999	-0.00014191734168681242	1	
8.899999999999991	-0.00014224364229163919	1	
8.949999999999992	-0.00014244768700596928	1	
8.999999999999993	-0.0001425236833486656	1	
9.049999999999994	-0.00014246570554085034	1	
9.099999999999994	-0.00014226768963588414	1	
9.149999999999995	-0.0001419234293514274	1	
9.199999999999996	-0.00014142657262075512	1	
9.249999999999996	-0.0001407706167611331	1	
9.299999999999997	-0.00013994890664003064	1	
9.349999999999998	-0.00013895463533558237	1	
9.399999999999999	-0.0001377808478188192	1	
9.45	-0.00013642044911769944	1	
9.5	-0.00013486621505950485	1	
9.55	-0.00013311080249877764	1	
9.600000000000001	-0.00013114675689691603	1	
9.650000000000002	-0.0001289665173106467	1	
9.700000000000003	-0.00012656241989316992	1	
9.750000000000004	-0.00012392669931219312	1	
9.800000000000004	-0.00012105148633493878	1	
9.850000000000005	-0.00011792880434590818	1	
9.900000000000006	-0.00011455057239877415	1	
9.950000000000006	-0.00011090862398589334	1	
10.000000000000007	-0.00010699474506887755	1	
10.050000000000008	-0.0001027988780868417	1	
10.100000000000009	-9.831022332511192e-05	1	
10.15000000000001	-9.352016874831628e-05	1	
10.20000000000001	-8.842429982964521e-05	1	
10.25000000000001	-8.302197466670505e-05	1	
10.300000000000011	-7.731350752979863e-05	1	
10.350000000000012	-7.129669523333739e-05	1	
10.400000000000013	-6.49651270171759e-05	1	
10.450000000000014	-5.83089819005642e-05	1	
10.500000000000014	-5.131771595379718e-05	1	
10.550000000000015	-4.39832176644712e-05	1	
10.600000000000016	-3.6302007713348995e-05	1	
10.650000000000016	-2.8275712936425834e-05	1	
10.700000000000017	-1.9909735201815038e-05	1	
10.750000000000018	-1.1210667675042796e-05	1	
10.800000000000018	-2.1834037206463824e-06	1	
10.85000000000002	7.171295718357572e-06	1	
10.90000000000002	1.6858016295652826e-05	1	
10.95000000000002	2.6895201833034548e-05	2	
11.000000000000021	3.730447656817555e-05	2	
11.050000000000022	4.8099704346990476e-05	2	
11.100000000000023	5.928366227112414e-05	2	
11.150000000000023	7.085038272572199e-05	2	
11.200000000000024	8.279051013270466e-05	2	
11.250000000000025	9.509636331848673e-05	2	
11.300000000000026	0.0001077663052286389	3	
11.350000000000026	0.00012080451577321422	3	
11.400000000000027	0.00013421717064556398	3	
11.450000000000028	0.0001480110898803882	3	
11.500000000000028	0.00016219234096518192	3	
11.55000000000003	0.00017676501552437088	3	
11.60000000000003	0.00019173099046462165	3	
11.65000000000003	0.00020709064673188267	3	
11.700000000000031	0.0002228442540320398	3	
11.750000000000032	0.0002389932223525696	3	
11.800000000000033	0.00025554026255104477	3	
11.850000000000033	0.00027248842062278284	3	
11.900000000000034	0.000289840542799771	3	
11.950000000000035	0.0003075990041832013	3	
12.000000000000036	0.00032576548911870387	3	
12.050000000000036	0.00034434127861383883	3	
12.100000000000037	0.0003633279085301127	3	
12.150000000000038	0.0003827275554376911	3	
12.200000000000038	0.0004025430170665607	3	
12.250000000000039	0.0004227774545846387	3	
12.30000000000004	0.0004434340671815371	3	
12.35000000000004	0.00046451577949471555	3	
12.400000000000041	0.00048602505888459664	3	
12.450000000000042	0.0005079639320083122	3	
12.500000000000043	0.0005303341075660513	3	
12.550000000000043	0.0005531369228746336	3	
12.600000000000044	0.0005763732687248646	3	
12.650000000000045	0.0006000437894767749	3	
12.700000000000045	0.0006241491469206552	3	
12.750000000000046	0.0006486899032415298	3	
12.800000000000047	0.0006736661431270123	3	
12.850000000000048	0.0006990771679339717	3	
12.900000000000048	0.0007249214421717551	3	
12.950000000000049	0.0007511966675051664	3	
13.00000000000005	0.0007778998193592241	3	
13.05000000000005	0.0008050271062585021	3	
13.100000000000051	0.0008325738932236473	3	
13.150000000000052	0.0008605346280655639	3	
13.200000000000053	0.0008889027806400069	3	
13.250000000000053	0.0009176707971332672	3	
13.300000000000054	0.0009468300772095274	3	
13.350000000000055	0.0009763709694680684	3	
13.400000000000055	0.0010062827641741355	3	
13.450000000000056	0.0010365536705396997	3	
13.500000000000057	0.001067170786763012	3	
13.550000000000058	0.001098120076806168	3	
13.600000000000058	0.001129386356690123	3	
13.650000000000059	0.0011609532834101807	3	
13.70000000000006	0.0011928033407758607	3	
13.75000000000006	0.0012249178247585493	3	
13.800000000000061	0.0012572768391016763	3	
13.850000000000062	0.0012898593142810025	3	
13.900000000000063	0.001322643079739767	3	
13.950000000000063	0.0013556050941495661	3	
14.000000000000064	0.0013887215830715833	3	
14.050000000000065	0.001421967861439781	3	
14.100000000000065	0.001455318093774329	3	
14.150000000000066	0.0014887451904183617	3	
14.200000000000067	0.0015222208417345886	3	
14.250000000000068	0.0015557156232290387	3	
14.300000000000068	0.0015891991297229374	3	
14.350000000000069	0.001622640062536042	3	
14.40000000000007	0.0016560062451717757	3	
14.45000000000007	0.0016892646176161089	3	
14.500000000000071	0.0017223812475754738	3	
14.550000000000072	0.00175532137108281	3	
14.600000000000072	0.001788049454522312	3	
14.650000000000073	0.0018205292597340606	3	
14.700000000000074	0.001852723897213186	3	
14.750000000000075	0.0018845958649099646	3	
14.800000000000075	0.0019161070820035806	3	
14.850000000000076	0.0019472189276443959	3	
14.900000000000077	0.001977892288533836	3	
14.950000000000077	0.002008087624803031	3	
15.000000000000078	0.0020377650620567647	3	
15.050000000000079	0.002066884491215546	3	
15.10000000000008	0.0020954056486992	3	
15.15000000000008	0.002123288169365558	3	
15.200000000000081	0.002150491626798859	3	
15.250000000000082	0.0021769755813738152	3	
15.300000000000082	0.002202699647180134	3	
15.350000000000083	0.0022276235759913264	3	
15.400000000000084	0.002251707350252979	3	
15.450000000000085	0.002274911277472506	3	
15.500000000000085	0.0022971960750392774	3	
15.550000000000086	0.002318522925557318	3	
15.600000000000087	0.0023388534946477903	3	
15.650000000000087	0.00235814993864693	3	
15.700000000000088	0.002376374940959114	3	
15.750000000000089	0.0023934917887515656	3	
15.80000000000009	0.0024094644711165247	3	
15.85000000000009	0.002424257772620009	3	
15.900000000000091	0.0024378373483177835	3	
15.950000000000092	0.0024501727884468165	2	
16.000000000000092	0.00246123337349792	2	
16.050000000000093	0.002470992882064753	1	
16.100000000000094	0.002479425952574618	1	
16.150000000000095	0.0024865055132756984	1	
16.200000000000095	0.002492202459135862	1	
16.250000000000096	0.0024964868223487915	1	
16.300000000000097	0.002499329372018996	1	
16.350000000000097	0.002500702965057338	1	
16.400000000000098	0.0025005833049931295	1	
16.4500000000001	0.0024989490562336496	1	
16.5000000000001	0.0024957814759080468	1	
16.5500000000001	0.002491063823730523	1	
16.6000000000001	0.002484780799527331	1	
16.6500000000001	0.0024769181748704877	1	
16.700000000000102	0.0024674626767927465	1	
16.750000000000103	0.0024563929698964526	2	
16.800000000000104	0.0024436859730971503	3	
16.850000000000104	0.0024293306271121135	3	
16.900000000000105	0.002413327984878024	3	
16.950000000000106	0.0023956818099055677	3	
17.000000000000107	0.0023763925427352545	3	
17.050000000000107	0.0023554571332362155	3	
17.100000000000108	0.0023328719828556795	3	
17.15000000000011	0.0023086356578540463	3	
17.20000000000011	0.002282749871130097	3	
17.25000000000011	0.002255219048969707	3	
17.30000000000011	0.002226049474138294	3	
17.35000000000011	0.002195248726855316	3	
17.400000000000112	0.002162825591912557	3	
17.450000000000113	0.002128790239045705	3	
17.500000000000114	0.0020931544231296345	3	
17.550000000000114	0.002055931567193456	3	
17.600000000000115	0.002017136724117093	3	
17.650000000000116	0.0019767864679996728	3	
17.700000000000117	0.0019348987974993034	3	
17.750000000000117	0.0018914931054253988	3	
17.800000000000118	0.0018465901877049462	3	
17.85000000000012	0.0018002122499459316	3	
17.90000000000012	0.0017523828911296185	3	
17.95000000000012	0.001703127065802239	3	
18.00000000000012	0.001652471036704531	3	
18.05000000000012	0.0016004423292644598	3	
18.100000000000122	0.00154706969317577	3	
18.150000000000123	0.0014923830701094514	3	
18.200000000000124	0.0014364135636256911	3	
18.250000000000124	0.0013791934077299096	3	
18.300000000000125	0.0013207559325864914	3	
18.350000000000126	0.0012611355278368413	3	
18.400000000000126	0.0012003676048583756	3	
18.450000000000127	0.001138488559237471	3	
18.500000000000128	0.0010755357342020504	3	
18.55000000000013	0.0010115473851831486	3	
18.60000000000013	0.0009465626453172911	3	
18.65000000000013	0.0008806214915025158	3	
18.70000000000013	0.0008137647098071998	3	
18.75000000000013	0.0007460338577563397	3	
18.800000000000132	0.0006774712269181279	3	
18.850000000000133	0.0006081198174277279	3	
18.900000000000134	0.0005380233224702923	3	
18.950000000000134	0.00046722610892422636	3	
19.000000000000135	0.0003957731863146645	3	
19.050000000000136	0.0003237101669913552	3	
19.100000000000136	0.0002510832251369889	3	
19.150000000000137	0.00017793906045050726	3	
19.200000000000138	0.00010432486828711747	3	
19.25000000000014	3.028831486633585e-05	3	
19.30000000000014	-4.412248566090304e-05	3	
19.35000000000014	-0.0001188589930678131	3	
19.40000000000014	-0.00019387226613506564	3	
19.45000000000014	-0.00026911300611228903	3	
19.500000000000142	-0.0003445316061904355	3	
19.550000000000143	-0.00042007818977601494	3	
19.600000000000144	-0.0004957026346465087	3	
19.650000000000144	-0.0005713545914690166	3	
19.700000000000145	-0.0006469835059626345	3	
19.750000000000146	-0.0007225386473464625	3	
19.800000000000146	-0.0007979691393425467	3	
19.850000000000147	-0.0008732239886373831	3	
19.900000000000148	-0.0009482521085979941	3	
19.95000000000015	-0.001023002339931718	3	
20.00000000000015	-0.001097423472629784	3	
20.05000000000015	-0.0011714642731195963	3	
20.10000000000015	-0.0012450735105050807	3	
20.15000000000015	-0.0013181999781645597	3	
20.200000000000152	-0.0013907925207876405	3	
20.250000000000153	-0.0014628000715097395	3	
20.300000000000153	-0.001534171692278131	3	
20.350000000000154	-0.0016048566078269504	3	
20.400000000000155	-0.0016748042275832925	3	
20.450000000000156	-0.0017439641533610992	3	
20.500000000000156	-0.001812286188526326	3	
20.550000000000157	-0.0018797203903951085	3	
20.600000000000158	-0.001946217158957698	3	
20.65000000000016	-0.0020117273204601563	3	
20.70000000000016	-0.002076202176895022	3	
20.75000000000016	-0.002139593519976432	3	
20.80000000000016	-0.0022018536290555886	3	
20.85000000000016	-0.0022629352766054666	3	
20.900000000000162	-0.002322791753328488	3	
20.950000000000163	-0.0023813769092802676	3	
21.000000000000163	-0.0024386451982360896	3	
21.050000000000164	-0.0024945517125175972	3	
21.100000000000165	-0.002549052202739584	3	
21.150000000000166	-0.0026021030945196496	3	
21.200000000000166	-0.0026536615273921645	3	
21.250000000000167	-0.0027036854188250085	3	
21.300000000000168	-0.002752133530365243	3	
21.35000000000017	-0.002798965516337936	3	
21.40000000000017	-0.002844141954581191	3	
21.45000000000017	-0.002887624370666874	3	
21.50000000000017	-0.002929375247513367	3	
21.55000000000017	-0.002969358004894298	3	
21.600000000000172	-0.003007537010822309	3	
21.650000000000173	-0.0030438776653508226	3	
21.700000000000173	-0.003078346519250566	3	
21.750000000000174	-0.0031109113762639996	3	
21.800000000000175	-0.0031415413441087097	3	
21.850000000000176	-0.003170206827783816	3	
21.900000000000176	-0.003196879495024853	3	
21.950000000000177	-0.0032215322531762387	3	
22.000000000000178	-0.003244139255527324	3	
22.05000000000018	-0.0032646759394329592	3	
22.10000000000018	-0.0032831190841690846	3	
22.15000000000018	-0.0032994468628578457	3	
22.20000000000018	-0.003313638862711924	3	
22.25000000000018	-0.003325677729269081	2	
22.300000000000182	-0.003335549213742163	1	
22.350000000000183	-0.003343240458518634	1	
22.400000000000183	-0.003348738160245431	1	
22.450000000000184	-0.0033520283529629444	1	
22.500000000000185	-0.0033530971118595197	1	
22.550000000000185	-0.003351931542785027	1	
22.600000000000186	-0.003348520682713824	1	
22.650000000000187	-0.0033428560570971733	1	
22.700000000000188	-0.003334931802478517	1	
22.75000000000019	-0.0033247380005304175	2	
22.80000000000019	-0.0033122669850788157	2	
22.85000000000019	-0.0032975154975014042	3	
22.90000000000019	-0.003280485298052167	3	
22.95000000000019	-0.0032611823616214806	3	
23.000000000000192	-0.0032396130656216597	3	
23.050000000000193	-0.0032157826194843375	3	
23.100000000000193	-0.0031896957291885518	3	
23.150000000000194	-0.003161358036748246	3	
23.200000000000195	-0.0031307770858537013	3	
23.250000000000195	-0.0030979624543418247	3	
23.300000000000196	-0.003062925389967279	3	
23.350000000000197	-0.003025678428580101	3	
23.400000000000198	-0.0029862352484894728	3	
23.4500000000002	-0.0029446107413303477	3	
23.5000000000002	-0.002900821149047674	3	
23.5500000000002	-0.002854884140425537	3	
23.6000000000002	-0.0028068187930735938	3	
23.6500000000002	-0.0027566455206836913	3	
23.700000000000202	-0.002704386003517258	3	
23.750000000000203	-0.002650063155438353	3	
23.800000000000203	-0.00259370112594102	3	
23.850000000000204	-0.0025353253141547007	3	
23.900000000000205	-0.002474962371672639	3	
23.950000000000205	-0.002412640184717361	3	
24.000000000000206	-0.0023483878403699745	3	
24.050000000000207	-0.0022822355881097485	3	
24.100000000000207	-0.00221421480653895	3	
24.150000000000208	-0.002144357981298997	3	
24.20000000000021	-0.0020726986956044633	3	
24.25000000000021	-0.0019992716242015368	3	
24.30000000000021	-0.0019241125095834106	3	
24.35000000000021	-0.001847258133845965	3	
24.40000000000021	-0.001768746298865391	3	
24.450000000000212	-0.001688615810873896	3	
24.500000000000213	-0.0016069064607582553	3	
24.550000000000214	-0.0015236589970226081	3	
24.600000000000215	-0.0014389150951864983	3	
24.650000000000215	-0.0013527173300180726	3	
24.700000000000216	-0.001265109154008532	3	
24.750000000000217	-0.0011761348805637538	3	
24.800000000000217	-0.001085839667870876	3	
24.850000000000218	-0.000994269500982512	3	
24.90000000000022	-0.0009014711722628331	3	
24.95000000000022	-0.0008074922586745989	3	
25.00000000000022	-0.0007123810989424931	3	
25.05000000000022	-0.0006161867730131583	3	
25.10000000000022	-0.0005189590831335096	3	
25.150000000000222	-0.0004207485339576552	3	
25.200000000000223	-0.0003216063093244471	3	
25.250000000000224	-0.00022158424497029628	3	
25.300000000000225	-0.00012073479815432039	3	
25.350000000000225	-1.911101609690099e-05	3	
25.400000000000226	8.323349480671973e-05	3	
25.450000000000227	0.00018624459728780075	3	
25.500000000000227	0.0002898676471459152	3	
25.550000000000228	0.00039404751024598605	3	
25.60000000000023	0.000498728572365386	3	
25.65000000000023	0.0006038547517418162	3	
25.70000000000023	0.0007093695255586125	3	
25.75000000000023	0.0008152159690415615	3	
25.80000000000023	0.0009213367974183197	3	
25.850000000000232	0.0010276744035237091	3	
25.900000000000233	0.0011341708867744229	3	
25.950000000000234	0.0012407680717732665	3	
26.000000000000234	0.0013474075165162442	3	
26.050000000000235	0.0014540305121719373	3	
26.100000000000236	0.0015605781082758694	3	
26.150000000000237	0.001666991151020387	3	
26.200000000000237	0.0017732103128021302	3	
26.250000000000238	0.0018791761190021608	3	
26.30000000000024	0.001984828972103127	3	
26.35000000000024	0.002090109168480411	3	
26.40000000000024	0.0021949569091484896	3	
26.45000000000024	0.0022993122997739847	3	
26.50000000000024	0.002403115336614387	3	
26.550000000000242	0.0025063058904465337	3	
26.600000000000243	0.0026088237108528685	3	
26.650000000000244	0.002710608457595331	3	
26.700000000000244	0.0028115997339600456	3	
26.750000000000245	0.002911737098375949	3	
26.800000000000246	0.0030109600669469606	3	
26.850000000000247	0.0031092081315310426	3	
26.900000000000247	0.0032064207831301677	3	
26.950000000000248	0.003302537587512703	3	
27.00000000000025	0.0033974982653771843	3	
27.05000000000025	0.0034912427476460205	3	
27.10000000000025	0.0035837112293422733	3	
27.15000000000025	0.003674844210183944	3	
27.20000000000025	0.003764582462693678	3	
27.250000000000252	0.0038528669470363156	3	
27.300000000000253	0.003939638761400963	3	
27.350000000000254	0.004024839108576979	3	
27.400000000000254	0.004108409301969022	3	
27.450000000000255	0.004190290823408785	3	
27.500000000000256	0.004270425403053952	3	
27.550000000000257	0.004348755074248496	3	
27.600000000000257	0.004425222203804638	3	
27.650000000000258	0.004499769488701512	3	
27.70000000000026	0.004572339886108915	3	
27.75000000000026	0.004642876615869239	3	
27.80000000000026	0.004711323320802708	3	
27.85000000000026	0.004777624307196165	3	
27.90000000000026	0.0048417247120732705	3	
27.950000000000262	0.0049035705470121625	3	
28.000000000000263	0.0049631086759175085	3	
28.050000000000264	0.005020286755241159	3	
28.100000000000264	0.005075053152451315	3	
28.150000000000265	0.005127356943291057	3	
28.200000000000266	0.0051771480320079765	3	
28.250000000000266	0.005224377285918375	3	
28.300000000000267	0.005268996590025759	3	
28.350000000000268	0.005310958836843656	3	
28.40000000000027	0.005350217905828813	3	
28.45000000000027	0.005386728649626651	3	
28.50000000000027	0.005420446901978692	3	
28.55000000000027	0.005451329505508486	3	
28.60000000000027	0.005479334344453077	3	
28.650000000000272	0.005504420369173599	3	
28.700000000000273	0.005526547533730144	3	
28.750000000000274	0.0055456767265104154	3	
28.800000000000274	0.00556176981466022	3	
28.850000000000275	0.005574789764462817	3	
28.900000000000276	0.005584710081444063	1	
28.950000000000276	0.0055915071974148856	1	
29.000000000000277	0.005595154680477151	1	
29.050000000000278	0.005595620740081591	1	
29.10000000000028	0.00559286939381662	1	
29.15000000000028	0.005586863156425486	1	
29.20000000000028	0.005577565937922335	1	
29.25000000000028	0.0055649138861374545	3	
29.30000000000028	0.005548861624240389	3	
29.350000000000282	0.005529398621560545	3	
29.400000000000283	0.005506527745625585	3	
29.450000000000284	0.005480243344653076	3	
29.500000000000284	0.00545052507024627	3	
29.550000000000285	0.005417344469034921	3	
29.600000000000286	0.005380674333493012	3	
29.650000000000286	0.005340493702356233	3	
29.700000000000287	0.005296787439533545	3	
29.750000000000288	0.005249543132405704	3	
29.80000000000029	0.005198748451222952	3	
29.85000000000029	0.005144390445169005	3	
29.90000000000029	0.0050864564369678626	3	
29.95000000000029	0.005024935336387651	3	
30.00000000000029	0.004959818430690226	3	
30.050000000000292	0.0048910994068271235	3	
30.100000000000293	0.00481877391749278	3	
30.150000000000293	0.004742839161533094	3	
30.200000000000294	0.004663293779466509	3	
30.250000000000295	0.0045801380811167315	3	
30.300000000000296	0.004493374388271224	3	
30.350000000000296	0.004403007272469774	3	
30.400000000000297	0.00430904362770197	3	
30.450000000000298	0.004211492649740265	3	
30.5000000000003	0.004110365823903387	3	
30.5500000000003	0.004005676928225872	3	
30.6000000000003	0.0038974420843213373	3	
30.6500000000003	0.003785679856435053	3	
30.7000000000003	0.0036704113689761623	3	
30.750000000000302	0.0035516604090259627	3	
30.800000000000303	0.0034294535057572315	3	
30.850000000000303	0.003303819995730929	3	
30.900000000000304	0.00317479207974814	3	
30.950000000000305	0.003042404877307311	3	
31.000000000000306	0.0029066964938145885	3	
31.050000000000306	0.002767708138644705	3	
31.100000000000307	0.0026254842003869635	3	
31.150000000000308	0.0024800722647677835	3	
31.20000000000031	0.002331523132083395	3	
31.25000000000031	0.002179890862781538	3	
31.30000000000031	0.0020252328259234707	3	
31.35000000000031	0.0018676097006503378	3	
31.40000000000031	0.0017070854421650662	3	
31.450000000000312	0.0015437273010066887	3	
31.500000000000313	0.0013776059341352649	3	
31.550000000000313	0.001208795506390321	3	
31.600000000000314	0.0010373737630519414	3	
31.650000000000315	0.0008634220352015142	3	
31.700000000000315	0.0006870252727849039	3	
31.750000000000316	0.0005082722491050925	3	
31.800000000000317	0.00032725586498891007	3	
31.850000000000318	0.00014407327988164668	3	
31.90000000000032	-4.117421681634439e-05	3	
31.95000000000032	-0.00022838147740984798	3	
32.00000000000032	-0.0004174396036488087	3	
32.05000000000032	-0.000608235920326873	3	
32.100000000000314	-0.0008006539985532	3	
32.15000000000031	-0.0009945737755979135	3	
32.20000000000031	-0.0011898715835302301	3	
32.250000000000306	-0.001386420073024106	3	
32.3000000000003	-0.001584088112470224	3	
32.3500000000003	-0.00178274078369455	3	
32.4000000000003	-0.001982239232026539	3	
32.450000000000294	-0.0021824406208476527	3	
32.50000000000029	-0.0023831983870798434	3	
32.55000000000029	-0.0025843625209903726	3	
32.600000000000286	-0.002785779802599781	3	
32.65000000000028	-0.002987293822242918	3	
32.70000000000028	-0.0031887447250059015	3	
32.75000000000028	-0.0033899689834954966	3	
32.800000000000274	-0.0035907996620003022	3	
32.85000000000027	-0.0037910668891723356	3	
32.90000000000027	-0.00399059752339996	3	
32.950000000000266	-0.0041892145122167405	3	
33.00000000000026	-0.004386737321323089	3	
33.05000000000026	-0.0045829829660072275	3	
33.10000000000026	-0.004777766693903854	3	
33.150000000000254	-0.0049709021231149775	3	
33.20000000000025	-0.005162201088044653	3	
33.25000000000025	-0.005351473413579	3	
33.300000000000246	-0.005538526886058123	3	
33.35000000000024	-0.0057231679179551445	3	
33.40000000000024	-0.005905202277145107	3	
33.45000000000024	-0.0060844350241467254	3	
33.500000000000234	-0.006260670013399503	3	
33.55000000000023	-0.006433709590503086	3	
33.60000000000023	-0.006603354772545344	3	
33.650000000000226	-0.006769405758061549	3	
33.70000000000022	-0.006931662484368822	3	
33.75000000000022	-0.0070899249294634325	3	
33.80000000000022	-0.007243993081567212	3	
33.850000000000215	-0.007393666798011553	3	
33.90000000000021	-0.00753874585893629	3	
33.95000000000021	-0.00767903032827696	3	
34.000000000000206	-0.007814321073943524	3	
34.0500000000002	-0.00794442023166559	3	
34.1000000000002	-0.008069131513620311	3	
34.1500000000002	-0.008188260412501147	3	
34.200000000000195	-0.008301614407027206	3	
34.25000000000019	-0.008409003185317168	3	
34.30000000000019	-0.008510238813561253	3	
34.350000000000186	-0.008605135863119104	3	
34.40000000000018	-0.008693511601797425	3	
34.45000000000018	-0.008775186301970012	3	
34.50000000000018	-0.0088499836437004	3	
34.550000000000175	-0.008917731180949547	3	
34.60000000000017	-0.008978260814163797	3	
34.65000000000017	-0.009031409142823875	3	
34.700000000000166	-0.009077017493429521	3	
34.75000000000016	-0.009114932315537084	3	
34.80000000000016	-0.009145005839288893	3	
34.85000000000016	-0.009167096466989995	3	
34.900000000000155	-0.009181069036536302	3	
34.95000000000015	-0.009186831209490608	1	
35.00000000000015	-0.009184303672523306	1	
35.050000000000146	-0.009173345606245355	2	
35.10000000000014	-0.009153768331285991	3	
35.15000000000014	-0.009125432000393128	3	
35.20000000000014	-0.009088264703479667	3	
35.250000000000135	-0.009042223120046768	3	
35.30000000000013	-0.008987258044515518	3	
35.35000000000013	-0.008923306166484549	3	
35.40000000000013	-0.008850299762806536	3	
35.450000000000124	-0.00876817940016794	3	
35.50000000000012	-0.008676900995420709	3	
35.55000000000012	-0.008576435605782333	3	
35.600000000000115	-0.008466765883289368	3	
35.65000000000011	-0.008347883120501373	3	
35.70000000000011	-0.00821978653997196	3	
35.75000000000011	-0.0080824841885459	3	
35.800000000000104	-0.007935994253246252	3	
35.8500000000001	-0.0077803466218716805	3	
35.9000000000001	-0.007615583712057401	3	
35.950000000000095	-0.007441760111434426	3	
36.00000000000009	-0.007258941734399238	3	
36.05000000000009	-0.007067205369999226	3	
36.10000000000009	-0.006866638597491391	3	
36.150000000000084	-0.006657340084897851	3	
36.20000000000008	-0.00643941982362816	3	
36.25000000000008	-0.006212999412673681	3	
36.300000000000075	-0.0059782123716815355	3	
36.35000000000007	-0.0057352042865883085	3	
36.40000000000007	-0.005484132728686361	3	
36.45000000000007	-0.005225167064345041	3	
36.500000000000064	-0.004958488277248359	3	
36.55000000000006	-0.004684288830751565	3	
36.60000000000006	-0.004402772398782275	3	
36.650000000000055	-0.004114153664002514	3	
36.70000000000005	-0.0038186582528634966	3	
36.75000000000005	-0.0035165228873539046	3	
36.80000000000005	-0.0032079953314727056	3	
36.850000000000044	-0.00289333413388614	3	
36.90000000000004	-0.00257280828602041	3	
36.95000000000004	-0.002246696852305139	3	
37.000000000000036	-0.001915288652246479	3	
37.05000000000003	-0.00157888196188048	3	
37.10000000000003	-0.0012377841424850073	3	
37.15000000000003	-0.000892311392672668	3	
37.200000000000024	-0.000542788652224752	3	
37.25000000000002	-0.0001895494562130184	3	
37.30000000000002	0.00016706426051770826	3	
37.350000000000016	0.0005267022711422413	3	
37.40000000000001	0.0008890068870793155	3	
37.45000000000001	0.0012536141523312259	3	
37.50000000000001	0.0016201547774030713	3	
37.550000000000004	0.0019882544860591674	3	
37.6	0.002357534221984648	3	
37.65	0.0027276106393739974	3	
37.699999999999996	0.003098097027098569	3	
37.74999999999999	0.0034686043121366405	3	
37.79999999999999	0.003838741557844923	3	
37.84999999999999	0.0042081161209576185	3	
37.899999999999984	0.004576333793574742	3	
37.94999999999998	0.00494299916185945	3	
37.99999999999998	0.005307715934350143	3	
38.049999999999976	0.005670087367385508	3	
38.09999999999997	0.0060297168313204275	3	
38.14999999999997	0.0063862083883468096	3	
38.19999999999997	0.006739167279969888	3	
38.249999999999964	0.0070882003150139015	3	
38.29999999999996	0.007432916184248013	3	
38.34999999999996	0.007772925769778844	3	
38.399999999999956	0.008107842417212074	3	
38.44999999999995	0.008437282242306294	3	
38.49999999999995	0.008760864681552594	3	
38.54999999999995	0.00907821302759607	3	
38.599999999999945	0.009388954780121162	3	
38.64999999999994	0.009692721936985319	3	
38.69999999999994	0.009989151359169212	3	
38.749999999999936	0.01027788520028099	3	
38.79999999999993	0.010558571350765102	3	
38.84999999999993	0.010830863916742355	3	
38.89999999999993	0.01109442379589344	3	
38.949999999999925	0.011348919342426432	3	
38.99999999999992	0.011594026955404268	3	
39.04999999999992	0.01182943145053719	3	
39.099999999999916	0.01205482632336017	3	
39.14999999999991	0.01226991416084733	3	
39.19999999999991	0.01247440763049403	3	
39.24999999999991	0.012668030169088105	3	
39.299999999999905	0.012850515762388482	3	
39.3499999999999	0.01302160866346685	3	
39.3999999999999	0.013181063544465868	3	
39.449999999999896	0.013328645933161198	3	
39.49999999999989	0.013464133375390945	3	
39.54999999999989	0.013587317478323653	3	
39.59999999999989	0.013698003468398815	3	
39.649999999999885	0.01379600900130917	3	
39.69999999999988	0.013881163703839466	3	
39.74999999999988	0.013953309502234824	3	
39.799999999999876	0.014012301335866683	3	
39.84999999999987	0.014058007906532388	3	
39.89999999999987	0.01409031222534905	3	
39.94999999999987	0.014109111852976223	3	
39.999999999999865	0.014114346567933363	1	
40.04999999999986	0.01410597377191611	1	
40.09999999999986	0.01408388508570564	3	
40.14999999999986	0.014047986723103038	3	
40.199999999999854	0.013998247063904672	3	
40.24999999999985	0.013934678156854773	3	
40.29999999999985	0.013857305618536531	3	
40.349999999999845	0.013766154824373754	3	
40.39999999999984	0.013661253625701432	3	
40.44999999999984	0.013542641040603069	3	
40.49999999999984	0.013410373407864827	3	
40.549999999999834	0.013264526155969646	3	
40.59999999999983	0.013105192572452014	3	
40.64999999999983	0.012932481559693851	3	
40.699999999999825	0.012746515843251182	3	
40.74999999999982	0.012547431419610913	3	
40.79999999999982	0.01233537797703936	3	
40.84999999999982	0.012110519581502693	3	
40.899999999999814	0.011873034956441073	3	
40.94999999999981	0.011623116339554216	3	
40.99999999999981	0.011360969481069719	3	
41.049999999999805	0.011086814605418481	3	
41.0999999999998	0.010800886751007951	3	
41.1499999999998	0.010503434919216022	3	
41.1999999999998	0.010194720883322794	3	
41.249999999999794	0.009875018998038347	3	
41.29999999999979	0.009544615724091479	3	
41.34999999999979	0.009203809217719836	3	
41.399999999999785	0.008852909162300455	3	
41.44999999999978	0.008492236854142049	3	
41.49999999999978	0.008122125513580773	3	
41.54999999999978	0.007742920367945379	3	
41.599999999999774	0.007354978286344636	3	
41.64999999999977	0.006958667189328224	3	
41.69999999999977	0.006554365567541105	3	
41.749999999999766	0.006142462198340278	3	
41.79999999999976	0.005723355788000122	3	
41.84999999999976	0.005297454385040329	3	
41.89999999999976	0.0048651747637110995	3	
41.949999999999754	0.0044269419221492756	3	
41.99999999999975	0.003983188680222049	3	
42.04999999999975	0.0035343552733375864	3	
42.099999999999746	0.0030808888583182033	3	
42.14999999999974	0.0026232429518766656	3	
42.19999999999974	0.0021618768605017246	3	
42.24999999999974	0.0016972551767237484	3	
42.299999999999734	0.0012298473249982907	3	
42.34999999999973	0.0007601270287349405	3	
42.39999999999973	0.0002885716813235501	3	
42.449999999999726	-0.00018433814942161192	3	
42.49999999999972	-0.000658119132533872	3	
42.54999999999972	-0.001132285491752674	3	
42.59999999999972	-0.0016063493118292733	3	
42.649999999999714	-0.0020798211493796453	3	
42.69999999999971	-0.0025522107656915497	3	
42.74999999999971	-0.0030230276972575327	3	
42.799999999999706	-0.0034917816130017646	3	
42.8499999999997	-0.003957982693404234	3	
42.8999999999997	-0.004421142184818092	3	
42.9499999999997	-0.004880773083402948	3	
42.999999999999694	-0.0053363908287094395	3	
43.04999999999969	-0.005787513899914098	3	
43.09999999999969	-0.006233664240786351	3	
43.149999999999686	-0.0066743676114553	3	
43.19999999999968	-0.007109154121082463	3	
43.24999999999968	-0.00753755893396982	3	
43.29999999999968	-0.007959122936040904	3	
43.349999999999675	-0.008373393243736411	3	
43.39999999999967	-0.008779923596709064	3	
43.44999999999967	-0.00917827471999583	3	
43.499999999999666	-0.009568014710007285	3	
43.54999999999966	-0.00994871956073716	3	
43.59999999999966	-0.010319973718386086	3	
43.64999999999966	-0.010681370460536483	3	
43.699999999999655	-0.011032512227455563	3	
43.74999999999965	-0.011373010995231648	3	
43.79999999999965	-0.011702488683216838	3	
43.849999999999646	-0.012020577555469621	3	
43.89999999999964	-0.01232692051556336	3	
43.94999999999964	-0.012621171174133078	3	
43.99999999999964	-0.012902994400401326	3	
44.049999999999635	-0.013172066680169682	3	
44.09999999999963	-0.013428076708149262	3	
44.14999999999963	-0.013670726282086555	3	
44.199999999999626	-0.013899731078803452	3	
44.24999999999962	-0.014114820740641985	3	
44.29999999999962	-0.014315738517720871	3	
44.34999999999962	-0.014502240538633766	3	
44.399999999999615	-0.014674095814938113	3	
44.44999999999961	-0.014831086828858185	3	
44.49999999999961	-0.014973010074085306	3	
44.549999999999606	-0.015099676479041679	3	
44.5999999999996	-0.015210911788664759	3	
44.6499999999996	-0.015306557214479414	3	
44.6999999999996	-0.015386469866149298	3	
44.749999999999595	-0.015450522444120167	3	
44.79999999999959	-0.015498602813761024	3	
44.84999999999959	-0.015530613985331945	3	
44.89999999999959	-0.015546474547177946	3	
44.949999999999584	-0.015546144713025933	1	
44.99999999999958	-0.01552956332666057	3	
45.04999999999958	-0.015496674668772772	3	
45.099999999999575	-0.015447455524221857	3	
45.14999999999957	-0.015381914449195835	3	
45.19999999999957	-0.015300080531566628	3	
45.24999999999957	-0.015201995038640746	3	
45.299999999999564	-0.015087709596568591	3	
45.34999999999956	-0.014957288409325281	3	
45.39999999999956	-0.014810811223231938	3	
45.449999999999555	-0.01464837520027399	3	
45.49999999999955	-0.014470095561440913	3	
45.54999999999955	-0.014276105371067431	3	
45.59999999999955	-0.014066554750475115	3	
45.649999999999544	-0.013841609993055663	3	
45.69999999999954	-0.013601453015944788	3	
45.74999999999954	-0.013346281387880507	3	
45.799999999999535	-0.013076308575102193	3	
45.84999999999953	-0.012791763992768782	3	
45.89999999999953	-0.012492892855651881	3	
45.94999999999953	-0.012179955949169659	3	
45.999999999999524	-0.011853229337009755	3	
46.04999999999952	-0.011513004050469193	3	
46.09999999999952	-0.011159585998233348	3	
46.149999999999515	-0.010793295978824594	3	
46.19999999999951	-0.010414469606900812	3	
46.24999999999951	-0.01002345706135365	3	
46.29999999999951	-0.009620622687631123	3	
46.349999999999504	-0.009206344582855979	3	
46.3999999999995	-0.008781014234193614	3	
46.4499999999995	-0.00834503621430013	3	
46.499999999999496	-0.007898827921101604	3	
46.54999999999949	-0.007442819220360221	3	
46.59999999999949	-0.00697745217405492	3	
46.64999999999949	-0.0065031810839705235	3	
46.699999999999484	-0.006020472224373911	3	
46.74999999999948	-0.005529802956462046	3	
46.79999999999948	-0.005031660743545648	3	
46.849999999999476	-0.004526542465186086	3	
46.89999999999947	-0.004014954059778408	3	
46.94999999999947	-0.0034974102748986323	3	
46.99999999999947	-0.002974434280651646	3	
47.049999999999464	-0.002446557060667577	3	
47.09999999999946	-0.001914316672781851	3	
47.14999999999946	-0.0013782576084755888	3	
47.199999999999456	-0.0008389300254359086	3	
47.24999999999945	-0.00029688901368640536	3	
47.29999999999945	0.0002473058450725526	3	
47.34999999999945	0.0007930909837032816	3	
47.399999999999444	0.0013398996925087865	3	
47.44999999999944	0.0018871629725670741	3	
47.49999999999944	0.002434310206414043	3	
47.549999999999436	0.0029807696522576622	3	
47.59999999999943	0.0035259687925347817	3	
47.64999999999943	0.0040693347606935455	3	
47.69999999999943	0.004610294971450569	3	
47.749999999999424	0.005148277876678566	3	
47.79999999999942	0.005682713674078464	3	
47.84999999999942	0.006213034952866413	3	
47.899999999999416	0.006738677283606163	3	
47.94999999999941	0.007259079802259556	3	
47.99999999999941	0.007773685777059192	3	
48.04999999999941	0.008281943167834406	3	
48.099999999999405	0.008783305210937474	3	
48.1499999999994	0.009277230957824362	3	
48.1999999999994	0.009763185805263412	3	
48.249999999999396	0.010240642031327752	3	
48.29999999999939	0.010709079304955502	3	
48.34999999999939	0.01116798515303125	3	
48.39999999999939	0.01161685533221022	3	
48.449999999999385	0.012055194062755608	3	
48.49999999999938	0.012482514442207101	3	
48.54999999999938	0.012898339027880335	3	
48.599999999999376	0.013302200395087633	3	
48.64999999999937	0.013693641583672969	3	
48.69999999999937	0.014072216481237949	3	
48.74999999999937	0.014437490258401992	3	
48.799999999999365	0.014789039928673472	3	
48.84999999999936	0.015126454976381983	3	
48.89999999999936	0.015449337984061378	3	
48.949999999999356	0.015757305259760327	3	
48.99999999999935	0.016049987386701645	3	
49.04999999999935	0.016327029578664606	3	
49.09999999999935	0.01658809198496393	3	
49.149999999999345	0.016832850032487145	3	
49.19999999999934	0.017060994647477727	3	
49.24999999999934	0.017272232460869116	3	
49.299999999999336	0.017466286090480638	3	
49.34999999999933	0.017642894525462204	3	
49.39999999999933	0.017801813755134885	3	
49.44999999999933	0.01794281715842159	3	
49.499999999999325	0.018065695724679916	3	
49.54999999999932	0.018170258355716434	3	
49.59999999999932	0.018256332312475913	3	
49.64999999999932	0.018323763695389187	3	
49.699999999999314	0.01837241743425961	3	
49.74999999999931	0.018402176984808442	3	
49.79999999999931	0.018412958811675473	2	
49.849999999999305	0.018404718427835212	1	
49.8999999999993	0.01837736491012723	3	
49.9499999999993	0.01833081626331257	3	
49.9999999999993	0.01826504439662763	3	
50.049999999999294	0.01818006677226182	3	
