# (1): time [s] (2): displacement/rotation [m/rad] (3): support force/ moment [N]/[N m]
0.05 0.0 0.0
0.1 1.338101668825651e-11 0.0004754352283108798
0.15000000000000002 7.359408921210386e-11 0.0026148403684149953
0.2 2.2958904757017865e-10 0.008157431067625977
0.25 5.33448204529711e-10 0.018953721889846748
0.3 1.0232622013121656e-09 0.03635709525194017
0.35 1.7035982688529932e-09 0.06052982749905497
0.39999999999999997 2.5261176671501338e-09 0.08975441536334836
0.44999999999999996 3.3730725223332353e-09 0.11984720908180926
0.49999999999999994 4.046253030704816e-09 0.14376570019115548
0.5499999999999999 4.263833012733343e-09 0.15149644224473915
0.6 3.6678724083337603e-09 0.13032161879013038
0.65 1.8457219705665058e-09 0.06557956446200583
0.7000000000000001 -1.6317716569487098e-09 -0.0579777866171779
0.7500000000000001 -7.154991390965741e-09 -0.254220964279315
0.8000000000000002 -1.50081197755582e-08 -0.5332471379601316
0.8500000000000002 -2.530059727410062e-08 -0.8989447903439505
0.9000000000000002 -3.7912744224442576e-08 -1.347061634117761
0.9500000000000003 -5.247070065745926e-08 -1.864314209293568
1.0000000000000002 -6.836090142852944e-08 -2.4289021929652197
1.0500000000000003 -8.47861635601202e-08 -3.012501214888
1.1000000000000003 -1.0085690169507033e-07 -3.5835037950596504
1.1500000000000004 -1.1570475923272949e-07 -4.111056723421194
1.2000000000000004 -1.2860321739822078e-07 -4.569346369539833
1.2500000000000004 -1.3908015484457113e-07 -4.941597990089408
1.3000000000000005 -1.470093836320718e-07 -5.2233280549075065
1.3500000000000005 -1.526702252535387e-07 -5.424461017479465
1.4000000000000006 -1.5676543826143488e-07 -5.569966293853535
1.4500000000000006 -1.6038897286912526e-07 -5.698712565055153
1.5000000000000007 -1.6493787100421444e-07 -5.860337535250213
1.5500000000000007 -1.719689412499056e-07 -6.110155509878685
1.6000000000000008 -1.830108930200899e-07 -6.502482414714144
1.6500000000000008 -1.9935440647479833e-07 -7.0831768590728155
1.7000000000000008 -2.2185240777346916e-07 -7.882543800551888
1.7500000000000009 -2.507666722549964e-07 -8.909884267684003
1.800000000000001 -2.8569246214207876e-07 -10.150817694175856
1.850000000000001 -3.255806354034e-07 -11.568067459512719
1.900000000000001 -3.6885952196067903e-07 -13.105791220776606
1.950000000000001 -4.1364112269038673e-07 -14.696907281915703
2.000000000000001 -4.5798185648915463e-07 -16.272359087127967
2.0500000000000007 -5.001596072473959e-07 -17.770958859369685
2.1000000000000005 -5.38926891117666e-07 -19.14838277918516
2.1500000000000004 -5.737039108999294e-07 -20.384030318184433
2.2 -6.046837217895167e-07 -21.484760838627267
2.25 -6.328333315484941e-07 -22.48493268314541
2.3 -6.597880946756588e-07 -23.44265093879008
2.3499999999999996 -6.876510486924387e-07 -24.43263773971898
2.3999999999999995 -7.187224342223167e-07 -25.536621959864043
2.4499999999999993 -7.551956518379668e-07 -26.83253638462876
2.499999999999999 -7.988622940601247e-07 -28.384037327952534
2.549999999999999 -8.50869004357904e-07 -30.231865692580644
2.5999999999999988 -9.115620936828286e-07 -32.388326106041795
2.6499999999999986 -9.804429346340894e-07 -34.83570204965367
2.6999999999999984 -1.0562403833638606e-06 -37.528829050522575
2.7499999999999982 -1.1370889013127152e-06 -40.40142344937301
2.799999999999998 -1.220785753599929e-06 -43.375220807461375
2.849999999999998 -1.3050900277748064e-06 -46.370600214998625
2.8999999999999977 -1.3880214905895613e-06 -49.31720284438565
2.9499999999999975 -1.468118679273446e-06 -52.163102081803316
2.9999999999999973 -1.5446224251943927e-06 -54.88132422859163
3.049999999999997 -1.6175620145853235e-06 -57.4729098414706
3.099999999999997 -1.6877337830250184e-06 -59.96615318211929
3.149999999999997 -1.7565734621728757e-06 -62.41206662315347
3.1999999999999966 -1.8259361688658077e-06 -64.87656353404638
3.2499999999999964 -1.8978301898487867e-06 -67.43099949930662
3.2999999999999963 -1.974143610522843e-06 -70.14245928047526
3.349999999999996 -2.0563947359752093e-06 -73.0648891316085
3.399999999999996 -2.1455344769748152e-06 -76.23207545990253
3.4499999999999957 -2.2418180104474547e-06 -79.65308484847291
3.4999999999999956 -2.3447730859750803e-06 -83.3111379680239
3.5499999999999954 -2.4532751516812877e-06 -87.16627884282049
3.599999999999995 -2.565715786121799e-06 -91.16135933274774
3.649999999999995 -2.680234650827289e-06 -95.23028054072596
3.699999999999995 -2.794977017580893e-06 -99.30714290517597
3.7499999999999947 -2.908338417795062e-06 -103.33493873325867
3.7999999999999945 -3.0191640630928153e-06 -107.27263772896205
3.8499999999999943 -3.126878211985702e-06 -111.09978346566423
3.899999999999994 -3.2315295044784607e-06 -114.81810415074263
3.949999999999994 -3.3337498194454465e-06 -118.45005080446668
3.999999999999994 -3.4346366892003475e-06 -122.03461938194904
4.049999999999994 -3.535577299298546e-06 -125.62109738477481
4.099999999999993 -3.6380375888102375e-06 -129.26157047226013
4.149999999999993 -3.7433467863654e-06 -133.00326690305639
4.199999999999993 -3.8525101408926456e-06 -136.88190375046358
4.249999999999993 -3.966077846991687e-06 -140.9170297454358
4.299999999999993 -4.0840876573625945e-06 -145.10998626314614
4.3499999999999925 -4.206086142059385e-06 -149.44466267650895
4.399999999999992 -4.331221434151296e-06 -153.8907916629319
4.449999999999992 -4.458389895800097e-06 -158.40916033449946
4.499999999999992 -4.586411918005094e-06 -162.95785650414635
4.549999999999992 -4.7142090610830815e-06 -167.4985625889153
4.599999999999992 -4.840956165304489e-06 -172.00196018845145
4.6499999999999915 -4.966187397829887e-06 -176.4514979937229
4.699999999999991 -5.089843369341921e-06 -180.84506586808504
4.749999999999991 -5.2122560548310555e-06 -185.19445907411486
4.799999999999991 -5.334077716803833e-06 -189.52285287427122
4.849999999999991 -5.456168082454934e-06 -193.86079387084982
4.899999999999991 -5.579459558963784e-06 -198.2414110278566
4.94999999999999 -5.70482246647747e-06 -202.69562732128617
4.99999999999999 -5.832950751357643e-06 -207.24809906497276
5.04999999999999 -5.964283860663943e-06 -211.9144400659983
5.09999999999999 -6.098973557716344e-06 -216.7000425625135
5.14999999999999 -6.2368967613448525e-06 -221.60053340967283
5.1999999999999895 -6.377708297751576e-06 -226.60364838367107
5.249999999999989 -6.520921830549036e-06 -231.6921076726072
5.299999999999989 -6.6660039624127e-06 -236.84695936238694
5.349999999999989 -6.812465907019004e-06 -242.05083659346948
5.399999999999989 -6.959939058499587e-06 -247.2906425870925
5.449999999999989 -7.108224706556533e-06 -252.5593170519449
5.4999999999999885 -7.257313296613371e-06 -257.85652050842276
5.549999999999988 -7.407374066484708e-06 -263.18826607353355
5.599999999999988 -7.5587198565383515e-06 -268.56566914569277
5.649999999999988 -7.711753076951675e-06 -274.003027590228
5.699999999999988 -7.86690034434295e-06 -279.51549934125086
5.749999999999988 -8.024545942910379e-06 -285.11673823761134
5.799999999999987 -8.184974753196871e-06 -290.8168662490457
5.849999999999987 -8.348332829950958e-06 -296.6210727848739
5.899999999999987 -8.514609752011684e-06 -302.5289875752464
5.949999999999987 -8.683642669270738e-06 -308.53482446203856
5.999999999999987 -8.855138709534956e-06 -314.6281775275786
6.0499999999999865 -9.028710942981415e-06 -320.7952989324469
6.099999999999986 -9.203923576045015e-06 -327.02070468032633
6.149999999999986 -9.380338560208848e-06 -333.2888306551637
6.199999999999986 -9.557550461419946e-06 -339.58527155159015
6.249999999999986 -9.7352033174433e-06 -345.8973798264172
6.299999999999986 -9.912990796155521e-06 -352.2142713229014
6.349999999999985 -1.0090643605382222e-05 -358.52637793501646
6.399999999999985 -1.026790856689436e-05 -364.8247040944933
6.449999999999985 -1.0444523824427414e-05 -371.09994589746526
6.499999999999985 -1.0620194587202972e-05 -377.3416292578218
6.549999999999985 -1.0794572986735726e-05 -383.537394207962
6.5999999999999845 -1.0967243801842198e-05 -389.6724877001343
6.649999999999984 -1.1137716793685891e-05 -395.72949126617686
6.699999999999984 -1.1305425950491227e-05 -401.68829418176904
6.749999999999984 -1.1469735258061881e-05 -407.5262984962704
6.799999999999984 -1.1629949821169653e-05 -413.21881418207187
6.849999999999984 -1.178533057604566e-05 -418.73958187787963
6.8999999999999835 -1.1935110571486605e-05 -424.0613513657964
6.949999999999983 -1.2078510876316049e-05 -429.1564467725804
6.999999999999983 -1.221475452691884e-05 -433.99726213357565
7.049999999999983 -1.2343077452589086e-05 -438.5566495766163
7.099999999999983 -1.2462735887550585e-05 -442.80818267538075
7.149999999999983 -1.2573010289317907e-05 -446.7262956710177
7.199999999999982 -1.2673206172764371e-05 -450.286313107061
7.249999999999982 -1.2762652496031778e-05 -453.4643924798736
7.299999999999982 -1.2840698318898164e-05 -456.237405508529
7.349999999999982 -1.2906708456435845e-05 -458.58278370677925
7.399999999999982 -1.2960058788956997e-05 -460.47835174272046
7.4499999999999815 -1.3000131811045952e-05 -461.90216929334724
7.499999999999981 -1.3026312926544467e-05 -462.83239940324574
7.549999999999981 -1.3037987920002897e-05 -463.24721864379774
7.599999999999981 -1.3034541943141943e-05 -463.1247811015832
7.649999999999981 -1.3015360236644657e-05 -462.44324402406556
7.699999999999981 -1.2979830643819541e-05 -461.1808571314891
7.7499999999999805 -1.2927347773020343e-05 -459.31611051005143
7.79999999999998 -1.2857318442055469e-05 -456.82792805490493
7.84999999999998 -1.2769167817932062e-05 -453.6958856187992
7.89999999999998 -1.2662345488857233e-05 -449.9004267537816
7.94999999999998 -1.253633061604289e-05 -445.4230457577894
7.99999999999998 -1.2390635353023543e-05 -440.2464091649804
8.04999999999998 -1.2224805888963784e-05 -434.35439281504824
8.09999999999998 -1.203842076562531e-05 -427.7320220540919
8.14999999999998 -1.1831086487694357e-05 -420.36531576702146
8.199999999999982 -1.1602430822655334e-05 -412.24104831821006
8.249999999999982 -1.1352094508163728e-05 -403.34645490967824
8.299999999999983 -1.1079722299534498e-05 -393.66891349320093
8.349999999999984 -1.078495437070192e-05 -383.1956392414593
8.399999999999984 -1.0467419013358337e-05 -371.9134251442364
8.449999999999985 -1.012672740002688e-05 -359.808455937375
8.499999999999986 -9.762470844180618e-06 -346.86621075323364
8.549999999999986 -9.374220576233169e-06 -333.0714551615039
8.599999999999987 -8.961529621669008e-06 -318.40830790026155
8.649999999999988 -8.523936012931393e-06 -302.8603549961943
8.699999999999989 -8.060966366431986e-06 -286.4107768578135
8.74999999999999 -7.572138843166003e-06 -269.0424534678151
8.79999999999999 -7.056964671713663e-06 -250.73801849619824
8.84999999999999 -6.514947714964317e-06 -231.47984390572398
8.899999999999991 -5.945581933011899e-06 -211.2499498071298
8.949999999999992 -5.348346978615438e-06 -190.02984796330526
8.999999999999993 -4.722702477415091e-06 -167.80033856207376
9.049999999999994 -4.0680817478868545e-06 -144.5412870825674
9.099999999999994 -3.3838857666478084e-06 -120.23140987904705
9.149999999999995 -2.6694780304718454e-06 -94.8480916253626
9.199999999999996 -1.9241803674505887e-06 -68.36723648308825
9.249999999999996 -1.1472675957905819e-06 -40.76307832551096
9.299999999999997 -3.379655271365332e-07 -12.008109794555567
9.349999999999998 5.045482192495623e-07 17.9268887709622
9.399999999999999 1.3811400736452657e-06 49.072702137732705
9.45 2.292711622300175e-06 81.46136418437712
9.5 3.2401879904774278e-06 115.12574514422246
9.55 4.224506747838162e-06 150.09915740722278
9.600000000000001 5.246609580422033e-06 186.4150596206312
9.650000000000002 6.307436715583888e-06 224.10685860378968
9.700000000000003 7.407923007594818e-06 263.2077702672802
9.750000000000004 8.548996310240518e-06 303.7507617904074
9.800000000000004 9.731579903046983e-06 345.7686378263949
9.850000000000005 1.0956596122942289e-05 389.29416953741935
9.900000000000006 1.2224963464017711e-05 434.3599915474529
9.950000000000006 1.3537577906267748e-05 480.9979385416448
10.000000000000007 1.4895275135539745e-05 529.2377029193758
10.050000000000008 1.6300652208434883e-05 579.1715595971853
10.100000000000009 1.7756927097174344e-05 630.9138449811412
10.15000000000001 1.9264948889680227e-05 684.4947276540582
10.20000000000001 2.0821178966278144e-05 739.7884784212126
10.25000000000001 2.2418186351910256e-05 796.5310704597175
10.300000000000011 2.4047592484115797e-05 854.4248086205976
10.350000000000012 2.570366901796112e-05 913.2661615097278
10.400000000000013 2.7385083993226612e-05 973.007803813504
10.450000000000014 2.9094082547527095e-05 1033.72950656423
10.500000000000014 3.083373111918161e-05 1095.5402220811707
10.550000000000015 3.260469958760472e-05 1158.4637515656718
10.600000000000016 3.440305125372307e-05 1222.3602218327328
10.650000000000016 3.6219831002754944e-05 1286.911452497411
10.700000000000017 3.804252292848401e-05 1351.672746204631
10.750000000000018 3.985779407115541e-05 1416.1703752165995
10.800000000000018 4.165453689019844e-05 1480.0096822206297
10.85000000000002 4.342640943139805e-05 1542.9653339314846
10.90000000000002 4.51730870412539e-05 1605.0257952233478
10.95000000000002 4.6899805081373664e-05 1666.3770815088908
11.000000000000021 4.861546708780636e-05 1727.3355405509826
11.050000000000022 5.032980837739942e-05 1788.2470737632354
11.100000000000023 5.205044541121223e-05 1849.382298392982
11.150000000000023 5.378078799744965e-05 1910.8623668892583
11.200000000000024 5.55196920579515e-05 1972.6466294962227
11.250000000000025 5.7262417794000644e-05 2034.5666784360708
11.300000000000026 5.9002196497435594e-05 2096.3820176101062
11.350000000000026 6.073201334449101e-05 2157.843406290502
11.400000000000027 6.244621720496134e-05 2218.7500565668865
11.450000000000028 6.414164880158558e-05 2278.9897174989255
11.500000000000028 6.581814583005205e-05 2338.5566223209626
11.55000000000003 6.747846086016187e-05 2397.5485714230826
11.60000000000003 6.912783126136645e-05 2456.1516515578014
11.65000000000003 7.077335199240312e-05 2514.617950694645
11.700000000000031 7.24232689980279e-05 2573.240451999173
11.750000000000032 7.408630513322492e-05 2632.3290835319726
11.800000000000033 7.577085639563608e-05 2692.1821599240466
11.850000000000033 7.748403338198724e-05 2753.052324771658
11.900000000000034 7.923114060278708e-05 2815.1280503877497
11.950000000000035 8.101562640324007e-05 2878.531858463146
12.000000000000036 8.283936782764532e-05 2943.3304414626787
12.050000000000036 8.470330465083934e-05 3009.557190127452
12.100000000000037 8.660831158430828e-05 3077.2431834602667
12.150000000000038 8.855599425843616e-05 3146.4454704332597
12.200000000000038 9.054920400686831e-05 3217.2653605727724
12.250000000000039 9.259219880599731e-05 3289.8541422319627
12.30000000000004 9.469046775899379e-05 3364.4068464073503
12.35000000000004 9.685028936994891e-05 3441.1465519647327
12.400000000000041 9.907815656784566e-05 3520.303956409788
12.450000000000042 0.00010138022628534137 3602.097819105265
12.500000000000043 0.00010376188869420854 3686.719655958137
12.550000000000043 0.00010622743485815677 3774.3219309329897
12.600000000000044 0.00010877981058446409 3865.009310258737
12.650000000000045 0.00011142059649577171 3958.837954368012
12.700000000000045 0.00011415021388340572 4055.8228319842297
12.750000000000046 0.00011696813297629928 4155.945120036319
12.800000000000047 0.0001198729990870968 4259.156685702449
12.850000000000048 0.00012286269870477246 4365.382434718817
12.900000000000048 0.00012593442552072317 4474.522657324762
12.950000000000049 0.00012908474306064523 4586.4552536094
13.00000000000005 0.00013230961142076178 4701.036683465184
13.05000000000005 0.00013560436195779755 4818.1010673081355
13.100000000000051 0.0001389636255255503 4937.457636281897
13.150000000000052 0.00014238123107958496 5058.887129624133
13.200000000000053 0.00014585009677328648 5182.137925246574
13.250000000000053 0.00014936214321694424 5306.922957780331
13.300000000000054 0.00015290825956229925 5432.918513540338
13.350000000000055 0.00015647833328652773 5559.765288767429
13.400000000000055 0.0001600613299043735 5687.071221846314
13.450000000000056 0.00016364539888362792 5814.41525654356
13.500000000000057 0.00016721798757815464 5941.351390113578
13.550000000000058 0.0001707659560622997 6067.412753431338
13.600000000000058 0.00017427569236287165 6192.115705250975
13.650000000000059 0.0001777332285348353 6314.963956442032
13.70000000000006 0.00018112435696821094 6435.452702440565
13.75000000000006 0.00018443474560692508 6553.072717041255
13.800000000000061 0.00018765005167241565 6667.314393062588
13.850000000000062 0.00019075603554307696 6777.671788549118
13.900000000000063 0.00019373868398010193 6883.647005056588
13.950000000000063 0.00019658439847635228 6984.756879795758
14.000000000000064 0.0001992802205116362 7080.540989082128
14.050000000000065 0.00020181392692278507 7170.565036889685
14.100000000000065 0.0002041740053554495 7254.419982639072
14.150000000000066 0.00020634958956212434 7331.71974229917
14.200000000000067 0.00020833040827208544 7402.099371706503
14.250000000000068 0.00021010677606796206 7465.214742404597
14.300000000000068 0.0002116696471034339 7520.744450264698
14.350000000000069 0.00021301071168325044 7568.393247029466
14.40000000000007 0.00021412249595932978 7607.895582572783
14.45000000000007 0.00021499845545049006 7639.018927709656
14.500000000000071 0.00021563306285505296 7661.566894228593
14.550000000000072 0.00021602188919806 7675.382118098918
14.600000000000072 0.00021616167194468138 7680.3486795794215
14.650000000000073 0.0002160503659128967 7676.39391217521
14.700000000000074 0.00021568717030408087 7663.489363049999
14.750000000000075 0.00021507252692532224 7641.650729864052
14.800000000000075 0.00021420809352980512 7610.936913542612
14.850000000000076 0.00021309669973040594 7571.448451860595
14.900000000000077 0.00021174228316755948 7523.3252514501155
14.950000000000077 0.00021014980274698303 7466.7435050868635
15.000000000000078 0.00020832515034205088 7401.912554424628
15.050000000000079 0.00020627509458792526 7329.072892968399
15.10000000000008 0.00020400726256201155 7248.495515170397
15.15000000000008 0.00020153014372864292 7160.482056586987
15.200000000000081 0.00019885309687742297 7065.3650404019845
15.250000000000082 0.00019598634490700797 6963.507692091443
15.300000000000082 0.00019294094826865306 6855.302995857549
15.350000000000083 0.0001897287536411089 6741.171871018153
15.400000000000084 0.0001863623194181723 6621.560524536531
15.450000000000085 0.00018285482310861545 6496.937160887546
15.500000000000085 0.00017921995449723938 6367.788186008358
15.550000000000086 0.00017547179154731883 6234.613798040829
15.600000000000087 0.0001716246550258322 6097.922822082227
15.650000000000087 0.00016769294982543967 5958.2270722637395
15.700000000000088 0.0001636910129124108 5816.035949252777
15.750000000000089 0.0001596329880190104 5671.851988001292
15.80000000000009 0.00015553273714388074 5526.167713303391
15.85000000000009 0.00015140378598428188 5379.463700971415
15.900000000000091 0.00014725929062064515 5232.207394118938
15.950000000000092 0.00014311200873608698 5084.852080573522
16.000000000000092 0.00013897426000744332 4937.835485547358
16.050000000000093 0.00013485786638957477 4791.577649904244
16.100000000000094 0.00013077407713503366 4646.478266065179
16.150000000000095 0.00012673349303843708 4502.913986367311
16.200000000000095 0.0001227459978740782 4361.235987002787
16.250000000000096 0.00011882069772754568 4221.767812436256
16.300000000000097 0.00011496586723496611 4084.803465254195
16.350000000000097 0.00011118890255404319 3950.6057351988497
16.400000000000098 0.00010749628179779884 3819.4047933562706
16.4500000000001 0.00010389353402085934 3691.3970902212013
16.5000000000001 0.00010038521773366241 3566.744592294485
16.5500000000001 9.69749094164515e-05 3445.574373978666
16.6000000000001 9.366520187676027e-05 3327.978559218467
16.6500000000001 9.045771178412053e-05 3214.014589213303
16.700000000000102 8.735309541059819e-05 3103.7057816875868
16.750000000000103 8.435107151854508e-05 2997.0421441057288
16.800000000000104 8.145045041572784e-05 2893.9814060176013
16.850000000000104 7.86491683723017e-05 2794.4502419134324
16.900000000000105 7.59443267956688e-05 2698.3456631290846
16.950000000000106 7.33322357280154e-05 2605.5365633385954
17.000000000000107 7.080846135702132e-05 2515.865406637044
17.050000000000107 6.836787730227858e-05 2429.1500497765414
17.100000000000108 6.600471946569332e-05 2345.185691032591
17.15000000000011 6.371264423357406e-05 2263.746938157803
17.20000000000011 6.148478979361578e-05 2184.5899870096478
17.25000000000011 5.931384024878175e-05 2107.454899553595
17.30000000000011 5.7192091936073375e-05 2032.0679602071973
17.35000000000011 5.5111521017892493e-05 1958.1440774001137
17.400000000000112 5.306385298221904e-05 1885.389252955444
17.450000000000113 5.104063555867809e-05 1813.5031728395784
17.500000000000114 4.9033314241234945e-05 1742.1818905270438
17.550000000000114 4.7033308087698835e-05 1671.120520200519
17.600000000000115 4.503208335722644e-05 1600.015853133738
17.650000000000116 4.3021222724136396e-05 1528.5688168981756
17.700000000000117 4.099248803642844e-05 1456.4867052093732
17.750000000000117 3.893787787243833e-05 1383.4852229480302
17.800000000000118 3.684968468603504e-05 1309.2905165617676
17.85000000000012 3.4720553327280675e-05 1233.6412533378736
17.90000000000012 3.2543539287839256e-05 1156.290690896218
17.95000000000012 3.0312164219608185e-05 1077.008649798198
18.00000000000012 2.8020466757285162e-05 995.5833193018069
18.05000000000012 2.5663047369103558e-05 911.822850934089
18.100000000000122 2.3235106562990308e-05 825.5567159779298
18.150000000000123 2.0732476239653664e-05 736.6368194653189
18.200000000000124 1.8151644317617736e-05 644.9383751190071
18.250000000000124 1.548977296470241e-05 550.3605531274867
18.300000000000125 1.2744710880043647e-05 452.82691653224475
18.350000000000126 9.915000113504565e-06 352.28566352536615
18.400000000000126 6.999877883226667e-06 248.7096920281751
18.450000000000127 3.999273753952896e-06 142.0964994354288
18.500000000000128 9.138023712921944e-07 32.4679244595528
18.55000000000013 -2.2552482058741654e-06 -80.13026742568036
18.60000000000013 -5.505932595517842e-06 -195.6289556765673
18.65000000000013 -8.835668596742965e-06 -313.9363932083331
18.70000000000013 -1.2241262028566429e-05 -434.9390889312982
18.75000000000013 -1.5718935727176388e-05 -558.502838040171
18.800000000000132 -1.9264362454081587e-05 -684.4738912595433
18.850000000000133 -2.2872701591433845e-05 -812.6802586498286
18.900000000000134 -2.6538639398145787e-05 -942.9331399303072
18.950000000000134 -3.025643087063088e-05 -1075.028411815324
19.000000000000135 -3.4019939984422656e-05 -1208.7480578221932
19.050000000000136 -3.782267746882542e-05 -1343.8615104262897
19.100000000000136 -4.165783825328297e-05 -1480.1269815520927
19.150000000000137 -4.551834155875111e-05 -1617.292887042739
19.200000000000138 -4.9396875654575135e-05 -1755.0994368976508
19.25000000000014 -5.328594766350897e-05 -1893.2804048735472
19.30000000000014 -5.7177937261015976e-05 -2031.5650364515243
19.35000000000014 -6.106515224344016e-05 -2169.6800232061755
19.40000000000014 -6.49398840723917e-05 -2307.3514763295957
19.45000000000014 -6.879446221366175e-05 -2444.3068573243136
19.500000000000142 -7.26213064833843e-05 -2580.2768378925675
19.550000000000143 -7.64129767337611e-05 -2714.9970652987226
19.600000000000144 -8.0162219327327e-05 -2848.209813626677
19.650000000000144 -8.3862009809347e-05 -2979.665499954708
19.700000000000145 -8.750559131524949e-05 -3109.124048993687
19.750000000000146 -9.108650872792765e-05 -3236.3561067156684
19.800000000000146 -9.459863892444747e-05 -3361.1441150368432
19.850000000000147 -9.803621728229445e-05 -3483.283253599749
19.900000000000148 -0.0001013938602347753 -3602.5822411796794
19.95000000000015 -0.00010466658347193935 -3718.8639823739013
20.00000000000015 -0.00010784981549681258 -3831.9660492624603
20.05000000000015 -0.00011093940658915479 -3941.74099989563
20.10000000000015 -0.00011393163371662485 -4048.056552790445
20.15000000000015 -0.00011682320235804967 -4150.795651712495
20.200000000000152 -0.00011961124536309227 -4249.856425159277
20.250000000000153 -0.00012229331757528233 -4345.15199531337
20.300000000000153 -0.0001248673868238518 -4436.610157977175
20.350000000000154 -0.00012733182389097842 -4524.173026103289
20.400000000000155 -0.00012968539343461246 -4607.796707277322
20.450000000000156 -0.00013192724561122228 -4687.451006069218
20.500000000000156 -0.00013405690501582407 -4763.119031066143
20.550000000000157 -0.00013607424900374224 -4834.796424632149
20.600000000000158 -0.00013797947548650972 -4902.490218677967
20.65000000000016 -0.00013977307963168394 -4966.218006792053
20.70000000000016 -0.00014145584476090347 -5026.007620843294
20.75000000000016 -0.00014302884007462349 -5081.897050139556
20.80000000000016 -0.00014449341657149801 -5133.934296440982
20.85000000000016 -0.00014585119489629264 -5182.17694218933
20.900000000000162 -0.00014710404205789843 -5226.691323285607
20.950000000000163 -0.00014825403750096095 -5267.551323595503
21.000000000000163 -0.00014930343155751972 -5304.836898712226
21.050000000000164 -0.00015025459995166176 -5338.63245948063
21.100000000000165 -0.0001511099970353404 -5369.025210438944
21.150000000000166 -0.0001518721088048217 -5396.103480466045
21.200000000000166 -0.00015254340603433275 -5419.955057593002
21.250000000000167 -0.00015312630043610152 -5440.665631344044
21.300000000000168 -0.0001536231105214199 -5458.3175797604745
21.35000000000017 -0.00015403604102907613 -5472.989238481023
21.40000000000017 -0.00015436717323052105 -5484.754556278826
21.45000000000017 -0.00015461846102256502 -5493.682956232696
21.50000000000017 -0.00015479172946461452 -5499.839283754294
21.55000000000017 -0.000154888673277802 -5503.283753261351
21.600000000000172 -0.00015491085157763685 -5504.0717610257225
21.650000000000173 -0.00015485966661252557 -5502.253129740768
21.700000000000173 -0.00015473633262592476 -5497.871002175714
21.750000000000174 -0.00015454185459340132 -5490.961085691163
21.800000000000175 -0.00015427702386797826 -5481.551497515718
21.850000000000176 -0.00015394242966309477 -5469.663172742169
21.900000000000176 -0.00015353848078653002 -5455.310636546318
21.950000000000177 -0.00015306542945191863 -5438.50285022384
22.000000000000178 -0.0001525233951055097 -5419.244057768747
22.05000000000018 -0.00015191238002235452 -5397.534340014921
22.10000000000018 -0.00015123227491696008 -5373.369813985866
22.15000000000018 -0.0001504828564430793 -5346.742544060809
22.20000000000018 -0.0001496637798080855 -5317.6402795591775
22.25000000000018 -0.00014877456888117482 -5286.046103279334
22.300000000000182 -0.00014781460491179933 -5251.938030658006
22.350000000000183 -0.0001467831038286701 -5215.288203190796
22.400000000000183 -0.00014567907784068446 -5176.061524091011
22.450000000000184 -0.00014450131904665016 -5134.215075933729
22.500000000000185 -0.0001432484031755048 -5089.698253547946
22.550000000000185 -0.00014191871236423834 -5042.453573329277
22.600000000000186 -0.00014051047693765278 -4992.418157698881
22.650000000000187 -0.0001390218267598773 -4939.525559652362
22.700000000000188 -0.00013745084477178224 -4883.707664974916
22.75000000000019 -0.00013579561815300483 -4824.896510057567
22.80000000000019 -0.0001340542807742153 -4763.02579025063
22.85000000000019 -0.00013222502980439184 -4698.03144992975
22.90000000000019 -0.00013030612832047258 -4629.851775218343
22.95000000000019 -0.0001282959014129111 -4558.4272556157375
23.000000000000192 -0.00012619272773904222 -4483.7002838834005
23.050000000000193 -0.00012399502973140937 -4405.614808141166
23.100000000000193 -0.00012170126644990143 -4324.116077899545
23.150000000000194 -0.00011930993218933497 -4239.15059458632
23.200000000000195 -0.00011681956219800911 -4150.666314730091
23.250000000000195 -0.00011422874494313993 -4058.6130857582198
23.300000000000196 -0.00011153613884229786 -3962.9432404744443
23.350000000000197 -0.00010874049067572164 -3863.6122512589873
23.400000000000198 -0.00010584065311923842 -3760.5793530233077
23.4500000000002 -0.00010283559983378982 -3653.80807934965
23.5000000000002 -9.972443796537601e-05 -3543.266706621256
23.5500000000002 -9.650641913995559e-05 -3428.9286446774877
23.6000000000002 -9.318095030216893e-05 -3310.772821919911
23.6500000000002 -8.97476050718209e-05 -3188.7840888146634
23.700000000000202 -8.620613552860468e-05 -3062.9536366104808
23.750000000000203 -8.255648402238252e-05 -2933.2794169647714
23.800000000000203 -7.879879452502216e-05 -2799.7665452809015
23.850000000000204 -7.493342284394307e-05 -2662.4276636013733
23.900000000000205 -7.096094482021505e-05 -2521.2832318909927
23.950000000000205 -6.68821618924897e-05 -2376.3617257265546
24.000000000000206 -6.269810303582502e-05 -2227.6997051843978
24.050000000000207 -5.841002372222514e-05 -2075.3417779077854
24.100000000000207 -5.401940179675223e-05 -1919.3404525827848
24.150000000000208 -4.952793000978046e-05 -1759.7558736049498
24.20000000000021 -4.493750526925536e-05 -1596.6554392059081
24.25000000000021 -4.025021506028179e-05 -1430.1133189335012
24.30000000000021 -3.5468322308760105e-05 -1260.2099158480605
24.35000000000021 -3.05942508835514e-05 -1087.0313514059912
24.40000000000021 -2.563057435915145e-05 -910.6690661911052
24.450000000000212 -2.0580010647137475e-05 -731.219629166834
24.500000000000213 -1.544542260420775e-05 -548.784759280226
24.550000000000214 -1.0229818638930236e-05 -363.4713470200745
24.600000000000215 -4.936348666304809e-06 -175.3913106801847
24.650000000000215 4.317032565695712e-07 15.338665299613135
24.700000000000216 5.870929740553021e-06 208.5975144210546
24.750000000000217 1.1377814039866864e-05 404.2602846815267
24.800000000000217 1.694874539998538e-05 602.1986838934994
24.850000000000218 2.2580033543859595e-05 802.2815943883992
24.90000000000022 2.8267920797812536e-05 1004.3755038566496
24.95000000000022 3.400859154834214e-05 1208.3448413533247
25.00000000000022 3.979817969816285e-05 1414.0522422155998
25.05000000000022 4.563277521990042e-05 1621.358780919302
25.10000000000022 5.1508430830685596e-05 1830.124208231069
25.150000000000222 5.742116948499092e-05 2040.2072174331518
25.200000000000223 6.336699299544722e-05 2251.4657506259923
25.250000000000224 6.934189169965452e-05 2463.757342195579
25.300000000000225 7.534185474969497e-05 2676.939484405769
25.350000000000225 8.136288043094332e-05 2890.8699940315637
25.400000000000226 8.740098602744524e-05 3105.407362881683
25.450000000000227 9.345221708987345e-05 3320.411087094383
25.500000000000227 9.951265630241364e-05 3535.7419821830194
25.550000000000228 0.0001055784322632444 3751.262495011554
25.60000000000023 0.00011164572829792623 3966.837016939342
25.65000000000023 0.00011771079092408467 4182.332184576199
25.70000000000023 0.00012376993695115482 4397.617132040412
25.75000000000023 0.00012981955794818053 4612.563649702215
25.80000000000023 0.00013585612105278892 4827.046212927124
25.850000000000232 0.0001418761665846066 5040.941897279234
25.900000000000233 0.00014787630441907617 5254.1302496808385
25.950000000000234 0.00015385320857792386 5466.493096208627
26.000000000000234 0.00015980360558972987 5677.914128538046
26.050000000000235 0.00016572426108364384 5888.2784276102875
26.100000000000236 0.0001716119719645775 6097.472185612383
26.150000000000237 0.00017746356376049146 6305.3826117247745
26.200000000000237 0.00018327589081145742 6511.897938838799
26.250000000000238 0.0001890458345622805 6716.90736289258
26.30000000000024 0.00019477029621604644 6920.300781847332
26.35000000000024 0.00020044618460956452 7121.968364894861
26.40000000000024 0.00020607041101716367 7321.80036783345
26.45000000000024 0.00021163988664768776 7519.68704413466
26.50000000000024 0.00021715151338291778 7715.5183158741365
26.550000000000242 0.0002226021697225017 7909.183274346875
26.600000000000243 0.00022798869489761649 8100.569615616485
26.650000000000244 0.0002333078718865172 8289.563037047865
26.700000000000244 0.00023855641007761435 8476.046621316362
26.750000000000245 0.00024373092101827212 8659.899974748605
26.800000000000246 0.00024882788549625 8840.998057707173
26.850000000000247 0.0002538436182345555 9019.209930178378
26.900000000000247 0.0002587742362223769 9194.39762655207
26.950000000000248 0.0002636156333165855 9366.415253198391
27.00000000000025 0.0002683634583574733 9535.108210907327
27.05000000000025 0.0002730130943249686 9700.312454297044
27.10000000000025 0.0002775596449138477 9861.85401482344
27.15000000000025 0.0002819979338999065 10019.548978259843
27.20000000000025 0.00028632252997438153 10173.204367078304
27.250000000000252 0.0002905278026653351 10322.620127368602
27.300000000000253 0.00029460799264763277 10467.59162699224
27.350000000000254 0.0002985572848320106 10607.912252479084
27.400000000000254 0.00030236988013383195 10743.375959012626
27.450000000000255 0.0003060400465738028 10873.779086067827
27.500000000000256 0.0003095621280696201 10998.920669783438
27.550000000000257 0.00031293051275490483 11118.60131731545
27.600000000000257 0.00031613956873234714 11232.620924109355
27.650000000000258 0.00031918356685314804 11340.775930209225
27.70000000000026 0.00032205662131938703 11442.857209825648
27.75000000000026 0.0003247526695334794 11538.649355375328
27.80000000000026 0.0003272654880999902 11627.931246034754
27.85000000000026 0.00032958873270559576 11710.477464698204
27.90000000000026 0.0003317159690999212 11786.059398744734
27.950000000000262 0.00033364069129273606 11854.445886595022
28.000000000000263 0.0003353563575749327 11915.404497557469
28.050000000000264 0.00033685648945672354 11968.705047159323
28.100000000000264 0.00033813482856762946 12014.125171893618
28.150000000000265 0.00033918550165945154 12051.45619186977
28.200000000000266 0.0003400031549667211 12080.507884717745
28.250000000000266 0.00034058303729199603 12101.111437656475
28.300000000000267 0.00034092101804224695 12113.120088337051
28.350000000000268 0.0003410135521156041 12116.407877248614
28.40000000000027 0.00034085763830280863 12110.86816969797
28.45000000000027 0.0003404507974751192 12096.412880813346
28.50000000000027 0.0003397910661754699 12072.972247834547
28.55000000000027 0.00033887699173944 12040.494656758196
28.60000000000027 0.00033770762342089425 11998.946327026628
28.650000000000272 0.0003362824976959888 11948.310789370751
28.700000000000273 0.0003346016164937882 11888.588112331341
28.750000000000274 0.00033266541821308065 11819.79387246979
28.800000000000274 0.00033047474292611503 11741.957918036853
28.850000000000275 0.00032803079337671674 11655.12298321324
28.900000000000276 0.00032533508590456835 11559.342944421045
28.950000000000276 0.000322389357339892 11454.679512238206
29.000000000000277 0.00031919548574676137 11341.19941536273
29.050000000000278 0.0003157554424550541 11218.972696280352
29.10000000000028 0.0003120712703079657 11088.071938386163
29.15000000000028 0.00030814507735800196 10948.572041999605
29.20000000000028 0.00030397903301784677 10800.55008760258
29.25000000000028 0.00029957535568573835 10644.084896161943
29.30000000000028 0.0002949362853834609 10479.25605694159
29.350000000000282 0.0002900640399817759 10306.142372166822
29.400000000000283 0.00028496075797531674 10124.819823783404
29.450000000000284 0.0002796284340709064 9935.359284873397
29.500000000000284 0.0002740688553436962 9737.824251246
29.550000000000285 0.0002682835435620546 9532.26879220765
29.600000000000286 0.0002622737052099539 9318.735774828627
29.650000000000286 0.0002560401895074303 9097.255372385835
29.700000000000287 0.0002495834567656234 8867.843939999133
29.750000000000288 0.00024290356058566197 8630.50338214749
29.80000000000029 0.0002360001451130555 8385.221055115942
29.85000000000029 0.0002288724579340201 8131.9702252094785
29.90000000000029 0.00022151938620979875 7870.711352626236
29.95000000000029 0.00021393951146166833 7601.3940380003605
30.00000000000029 0.00020613117182285013 7323.95923424823
30.050000000000292 0.0001980925158044672 7038.341156903878
30.100000000000293 0.00018982155618088554 6744.469198696196
30.150000000000293 0.00018131623766264344 6442.270334007083
30.200000000000294 0.00017257451207892507 6131.671790148027
30.250000000000295 0.00016359441273850614 5812.603689447321
30.300000000000296 0.00015437410581892297 5485.000875136835
30.350000000000296 0.00014491193515382326 5148.804502672379
30.400000000000297 0.00013520647954454727 4803.964076047183
30.450000000000298 0.00012525663716983823 4450.440446917518
30.5000000000003 0.0001150307575735778 4087.1090563517755
30.5500000000003 0.00010450310836086546 3713.055617541297
30.6000000000003 9.367645841343348e-05 3328.3785104484746
30.6500000000003 8.257530234305111e-05 2933.948042734542
30.7000000000003 7.122856526089566e-05 2530.791940255979
30.750000000000302 5.965620056034095e-05 2119.6191585693978
30.800000000000303 4.7865309471926286e-05 1700.6820084850601
30.850000000000303 3.585417618015038e-05 1273.9195260901638
30.900000000000304 2.3619304025845378e-05 839.2074730709442
30.950000000000305 1.1161027660844944e-05 396.5577397997592
31.000000000000306 -1.52867290688246e-06 -54.31462865853548
31.050000000000306 -1.4446537507083529e-05 -513.2937965774908
31.100000000000307 -2.7572084695209887e-05 -979.6520464381874
31.150000000000308 -4.087916731715884e-05 -1452.460354798677
31.20000000000031 -5.434607582441001e-05 -1930.9473688987189
31.25000000000031 -6.795775583973387e-05 -2414.5781980463767
31.30000000000031 -8.17023811327515e-05 -2902.9326494662237
31.35000000000031 -9.556705403844311e-05 -3395.5524616930657
31.40000000000031 -0.000109535627764452 -3891.8639298964363
31.450000000000312 -0.00012358891373673292 -4391.185272990884
31.500000000000313 -0.00013770604327155892 -4892.775014626486
31.550000000000313 -0.0001518657143261258 -5395.876280955758
31.600000000000314 -0.0001660467285299926 -5899.735881669977
31.650000000000315 -0.0001802278973341252 -6403.600975420667
31.700000000000315 -0.0001943876901055354 -6906.7065664194715
31.750000000000316 -0.00020850390345542605 -7408.263755476742
31.800000000000317 -0.00022255359191013132 -7907.457276700118
31.850000000000318 -0.00023651323592026189 -8403.451466956209
31.90000000000032 -0.0002503589705858126 -8895.398392605375
31.95000000000032 -0.0002640667398112171 -9382.443326719584
32.00000000000032 -0.00027761227338772907 -9863.72393480623
32.05000000000032 -0.000290970982102218 -10338.366547963238
32.100000000000314 -0.0003041178289978096 -10805.481588695482
32.15000000000031 -0.00031702736305286907 -11264.164767548462
32.20000000000031 -0.000329674072509863 -11713.509637086227
32.250000000000306 -0.0003420239531372293 -12152.308007380243
32.3000000000003 -0.00035404453446620055 -12579.406183977286
32.3500000000003 -0.0003657126856331559 -12993.982313973136
32.4000000000003 -0.00037701236666894686 -13395.46648802743
32.450000000000294 -0.00038792955505164166 -13783.36047786115
32.50000000000029 -0.00039844823579051583 -14157.095261631715
32.55000000000029 -0.00040854897056160884 -14515.980184495373
32.600000000000286 -0.00041819868265610287 -14858.840011940802
32.65000000000028 -0.0004273613608860956 -15184.395245725009
32.70000000000028 -0.00043600802554964746 -15491.616220350295
32.75000000000028 -0.00044411956043710605 -15779.82372587976
32.800000000000274 -0.0004516852873015046 -16048.638358049668
32.85000000000027 -0.00045869964085585267 -16297.862379008515
32.90000000000027 -0.0004651586947521203 -16527.35628334983
32.950000000000266 -0.00047105754588538544 -16736.94586093231
33.00000000000026 -0.000476388958971031 -16926.374037927115
33.05000000000026 -0.00048114330793528855 -17095.29879439014
33.10000000000026 -0.0004853094537633007 -17243.324354709162
33.150000000000254 -0.0004888756754761199 -17370.034265752725
33.20000000000025 -0.0004918302945765401 -17475.013583790103
33.25000000000025 -0.0004941622768475779 -17557.870256737893
33.300000000000246 -0.0004958619267783138 -17618.25979751002
33.35000000000024 -0.0004969215298641282 -17655.908105315004
33.40000000000024 -0.0004973358131898767 -17670.627830441383
33.45000000000024 -0.0004971021521843202 -17662.325720361692
33.500000000000234 -0.0004962204741285642 -17630.99919133173
33.55000000000023 -0.0004946928946041785 -17576.723411182924
33.60000000000023 -0.0004925233044386099 -17499.636623254963
33.650000000000226 -0.0004897171254754578 -17399.93146877307
33.70000000000022 -0.0004862809932161585 -17277.843710924288
33.75000000000022 -0.00048222229193561737 -17133.6357172482
33.80000000000022 -0.0004775487179711631 -16967.58094304198
33.850000000000215 -0.00047226803809471176 -16779.955346184255
33.90000000000021 -0.0004663880758277642 -16571.036900899075
33.95000000000021 -0.0004599168748476407 -16341.11140367354
34.000000000000206 -0.00045286290266910624 -16090.479710183206
34.0500000000002 -0.00044523515029396666 -15819.461275899655
34.1000000000002 -0.0004370430629513944 -15528.39169525436
34.1500000000002 -0.0004282963493672551 -15217.61592486804
34.200000000000195 -0.00041900478277577703 -14887.481213380679
34.25000000000019 -0.00040917808738745004 -14538.33306759061
34.30000000000019 -0.00039879617969301425 -14169.457908848866
34.350000000000186 -0.00038784326280204095 -13780.294464541968
34.40000000000018 -0.00037632960000266974 -13371.20739520757
34.45000000000018 -0.0003642858520864978 -12943.28609642695
34.50000000000018 -0.0003517366801763229 -12497.406792094067
34.550000000000175 -0.0003387002045795922 -12034.213307166994
34.60000000000017 -0.0003251924583336642 -11554.2753046956
34.65000000000017 -0.00031122724276497546 -11058.08315375559
34.700000000000166 -0.00029681641882424746 -10546.05828075615
34.75000000000016 -0.00028197105539887315 -10018.593969640307
34.80000000000016 -0.0002667026266304245 -9476.097903265427
34.85000000000016 -0.0002510236365790472 -8919.01435808887
34.900000000000155 -0.00023494763993699017 -8347.824940131633
34.95000000000015 -0.00021848895491044423 -7763.038383504725
35.00000000000015 -0.00020166206037259808 -7165.169130910112
35.050000000000146 -0.00018448159596833069 -6554.737337360491
35.10000000000014 -0.00016696293040150887 -5932.28906175423
35.15000000000014 -0.00014912249631852145 -5298.408165480159
35.20000000000014 -0.00013097782979990444 -4653.717715577771
35.250000000000135 -0.0001125481511491925 -3998.900620499546
35.30000000000013 -9.385444246209513e-05 -3334.7023861884554
35.35000000000013 -7.491871260530489e-05 -2661.9050003517573
35.40000000000013 -5.576292464473392e-05 -1981.2888233686085
35.450000000000124 -3.640859344980592e-05 -1293.6182909388397
35.50000000000012 -1.687721590040753e-05 -599.6571995836708
35.55000000000012 2.80912730792919e-06 99.80991086960965
35.600000000000115 2.2627478585101984e-05 803.96734402468
35.65000000000011 4.255408527648374e-05 1511.971154384817
35.70000000000011 6.256435493069545e-05 2222.947557991111
35.75000000000011 8.263196335837474e-05 2935.961241236892
35.800000000000104 0.0001027288175759688 3650.014044239355
35.8500000000001 0.00012282618909986395 4364.085227432583
35.9000000000001 0.0001428957717938471 5077.169057497011
35.950000000000095 0.0001629099452661793 5788.284166009115
36.00000000000009 0.0001828411438846166 6496.451130181768
36.05000000000009 0.00020266102122860078 7200.662785369424
36.10000000000009 0.00022233991533580888 7899.865224970085
36.150000000000084 0.0002418466975013883 8592.952428175064
36.20000000000008 0.0002611491939190144 9278.781241118553
36.25000000000008 0.0002802147876825311 9956.192766342585
36.300000000000075 0.00029901055777379004 10624.017301114976
36.35000000000007 0.00031750351202042466 11281.082614553201
36.40000000000007 0.0003356608065053963 11926.221743371907
36.45000000000007 0.00035344997983900365 12558.281315702312
36.500000000000064 0.00037083875467289033 13176.1144987706
36.55000000000006 0.00038779469580671585 13778.568851231059
36.60000000000006 0.00040428513044644027 14364.48348989702
36.650000000000055 0.0004202773383541521 14932.695845873739
36.70000000000005 0.00043573889989136837 15482.054030737265
36.75000000000005 0.0004506379267091375 16011.425033086634
36.80000000000005 0.000464943293289881 16519.702945358844
36.850000000000044 0.0004786249797849103 17005.821145043243
36.90000000000004 0.0004916542570497731 17468.758869093934
36.95000000000004 0.0005039960527763069 17907.26997820573
37.000000000000036 0.0005156179010034033 18320.200938085127
37.05000000000003 0.0005264966396321396 18706.72878601964
37.10000000000003 0.000536615752264703 19066.26668488412
37.15000000000003 0.0005459495013841821 19397.900165881914
37.200000000000024 0.0005544709154276988 19700.67091385254
37.25000000000002 0.0005621601421651494 19973.873567628638
37.30000000000002 0.0005690060772418909 20217.113583095368
37.350000000000016 0.0005750044269388273 20430.238401940733
37.40000000000001 0.0005801545607361347 20613.225621432306
37.45000000000001 0.0005844567379737753 20766.08445606829
37.50000000000001 0.0005879105115168593 20888.799018888567
37.550000000000004 0.0005905142989377798 20981.31308532903
37.6 0.0005922658221332278 21043.545713067288
37.65 0.0005931631417520465 21075.42799583996
37.699999999999996 0.0005932058169214362 21076.94426918261
37.74999999999999 0.0005923959178023926 21048.168087107508
37.79999999999999 0.0005907387349059664 20989.28742451879
37.84999999999999 0.0005882431185452077 20900.616738135523
37.899999999999984 0.0005849215904238758 20782.60093130282
37.94999999999998 0.0005807904694484517 20635.819824165097
37.99999999999998 0.0005758700814039396 20460.995603568033
38.049999999999976 0.0005701849369391819 20258.99914697931
38.09999999999997 0.0005637636144150975 20030.845860019046
38.14999999999997 0.0005566383647903212 19777.68163781906
38.19999999999997 0.0005488445379131413 19500.76248084502
38.249999999999964 0.000540419844075258 19201.42825747629
38.29999999999996 0.0005314035978341044 18881.075836577507
38.34999999999996 0.0005218360904458344 18541.1367896813
38.399999999999956 0.000511739966369174 18182.41568744587
38.44999999999995 0.0005011407433382024 17805.819189657293
38.49999999999995 0.000490079673479488 17412.813008127327
38.54999999999995 0.0004786094300167574 17005.26865282653
38.599999999999945 0.00046678410369455775 16585.10799905649
38.64999999999994 0.0004546518964293927 16154.043688667367
38.69999999999994 0.0004422532165068858 15713.511451316226
38.749999999999936 0.00042961146777954746 15264.342839359731
38.79999999999993 0.0004167525571218884 14807.458338967563
38.84999999999993 0.0004037141564780355 14344.19645600771
38.89999999999993 0.0003905384479373176 13876.055944404327
38.949999999999925 0.0003772638374364506 13404.401389204751
38.99999999999992 0.00036392170510990006 12930.347744656608
39.04999999999992 0.0003505374695993575 12454.798149736365
39.099999999999916 0.0003371330340489802 11978.530835768725
39.14999999999991 0.0003237285028439292 11502.260123135446
39.19999999999991 0.0003103426050519736 11026.651466399384
39.24999999999991 0.00029699234264428913 10552.308955386894
39.299999999999905 0.00028369240286644105 10079.75443639047
39.3499999999999 0.0002704547404995383 9609.412669667005
39.3999999999999 0.0002572886121477972 9141.61254769466
39.449999999999896 0.0002442013705749104 8676.615318401482
39.49999999999989 0.00023119891385555308 8214.630543777046
39.54999999999989 0.00021828525606854812 7755.800846353417
39.59999999999989 0.00020546203151518088 7300.184293796363
39.649999999999885 0.000192728372154986 6847.7500441282955
39.69999999999988 0.0001800811014903462 6398.385234559705
39.74999999999988 0.0001675158595443188 5951.934952599153
39.799999999999876 0.00015504026070169174 5508.66974172285
39.84999999999987 0.00014265959362191674 5068.77751104656
39.89999999999987 0.0001303665790115034 4631.999623080832
39.94999999999987 0.00011814499263825188 4197.759621512978
39.999999999999865 0.00010597696766084174 3765.422687182374
40.04999999999986 9.384815673561719e-05 3334.479050707097
40.09999999999986 8.174902918467182e-05 2904.5900816129497
40.14999999999986 6.967342579326318e-05 2475.5369394533873
40.199999999999854 5.7616355498230705e-05 2047.1422888802406
40.24999999999985 4.557253031578619e-05 1619.2182447844616
40.29999999999985 3.353609307202182e-05 1191.5566984042882
40.349999999999845 2.1501187669659164e-05 763.9495792312188
40.39999999999984 9.462733754107426e-06 336.2163793411517
40.44999999999984 -2.5830292392789457e-06 -91.77651629326793
40.49999999999984 -1.4638353644416522e-05 -520.1091343930888
40.549999999999834 -2.6703972507677197e-05 -948.8075205180244
40.59999999999983 -3.8779134519162644e-05 -1377.84498019475
40.64999999999983 -5.086148523493597e-05 -1807.1378586743958
40.699999999999825 -6.294676360323e-05 -2236.5347583339726
40.74999999999982 -7.502860441170847e-05 -2665.8095195138053
40.79999999999982 -8.709842087250312e-05 -3094.657048696284
40.84999999999982 -9.91455361175422e-05 -3522.6979906106108
40.899999999999814 -0.00011115767688893373 -3949.4962693364014
40.94999999999981 -0.00012312160098881879 -4374.58138195829
40.99999999999981 -0.00013502342511459927 -4797.46004674035
41.049999999999805 -0.00014684851503159866 -5217.612300897491
41.0999999999998 -0.00015858110409314985 -5634.4779463945015
41.1499999999998 -0.00017020415975024165 -6047.451806956925
41.1999999999998 -0.0001817000500795826 -6455.907410196979
41.249999999999794 -0.00019305047242734608 -6859.194452284733
41.29999999999979 -0.00020423574917016065 -7256.613775930559
41.34999999999979 -0.00021523432727994413 -7647.399589635518
41.399999999999785 -0.00022602310751444722 -8030.731164020934
41.44999999999978 -0.00023657825125151825 -8405.761499114431
41.49999999999978 -0.0002468757371554103 -8771.637103024383
41.54999999999978 -0.00025689204782500556 -9127.522388946718
41.599999999999774 -0.00026659311097382624 -9472.206748922565
41.64999999999977 -0.0002759439353941111 -9804.44692519069
41.69999999999977 -0.00028491751750626515 -10123.28346501824
41.749999999999766 -0.00029349627797616696 -10428.091764540923
41.79999999999976 -0.0003016692645691561 -10718.48268455448
41.84999999999976 -0.0003094279188272155 -10994.152138117226
41.89999999999976 -0.00031676236099629796 -11254.749091878666
41.949999999999754 -0.0003236591966912102 -11499.797635619812
41.99999999999975 -0.0003301010077400799 -11728.67889166389
42.04999999999975 -0.0003360672074711206 -11940.661403707616
42.099999999999746 -0.00034153564044262045 -12134.957976148895
42.14999999999974 -0.00034648431408644466 -12310.787200377606
42.19999999999974 -0.00035089280564759264 -12467.423444148264
42.24999999999974 -0.0003547431382654911 -12604.22797925283
42.299999999999734 -0.00035802015288450965 -12720.66219571551
42.34999999999973 -0.00036071154385940277 -12816.288866874596
42.39999999999973 -0.0003628077499942665 -12890.768277933865
42.449999999999726 -0.0003643018342948961 -12943.8539534946
42.49999999999972 -0.0003651894016228679 -12975.389731757688
42.54999999999972 -0.0003654685293939941 -12985.307302199832
42.59999999999972 -0.00036513969219848614 -12973.623527284533
42.649999999999714 -0.00036420570666998987 -12940.438483627171
42.69999999999971 -0.0003626715987999945 -12885.930747599545
42.74999999999971 -0.0003605444096518194 -12810.35049223594
42.799999999999706 -0.0003578329859083266 -12714.012045272759
42.8499999999997 -0.0003545477931264495 -12597.287253974371
42.8999999999997 -0.00035070081955782244 -12460.602067824706
42.9499999999997 -0.000346305583314248 -12304.43679312043
42.999999999999694 -0.0003413771807017103 -12129.327810306278
43.04999999999969 -0.00033593229949411646 -11935.868045598721
43.09999999999969 -0.00032998916740118074 -11724.705140020224
43.149999999999686 -0.0003235674380974763 -11496.537399945819
43.19999999999968 -0.00031668803545759853 -11252.108262688766
43.24999999999968 -0.0003093729884096605 -10992.20042875015
43.29999999999968 -0.00030164526835220376 -10717.630085148086
43.349999999999675 -0.0002935286044148357 -10429.240341521807
43.39999999999967 -0.0002850472578877773 -10127.893215483577
43.44999999999967 -0.00027622586766561325 -9814.464141146147
43.499999999999666 -0.00026708937030348365 -9489.839128673211
43.54999999999966 -0.0002576629520369556 -9154.913059517809
43.59999999999966 -0.00024797199598407705 -8810.587810480894
43.64999999999966 -0.00023804199279582375 -8457.769079070276
43.699999999999655 -0.0002278773316378494 -8096.612814869104
43.74999999999965 -0.00021748776656346932 -7727.465585008483
43.79999999999965 -0.00020690240358636527 -7351.361542915047
43.849999999999646 -0.0001961623626476557 -6969.761703775402
43.89999999999964 -0.00018530795098144545 -6584.098206827971
43.94999999999964 -0.0001743705153768019 -6195.484821539173
43.99999999999964 -0.0001633713810952629 -5804.679246731473
44.049999999999635 -0.0001523254005446957 -5412.2091970090605
44.09999999999963 -0.0001412453816386384 -5018.529744915306
44.14999999999963 -0.00013014485642827572 -4624.12169202115
44.199999999999626 -0.00011903842556159633 -4229.503807757325
44.24999999999962 -0.00010794070023030323 -3835.1952361788044
44.29999999999962 -9.686499082633447e-05 -3441.6689031758556
44.34999999999962 -8.582226364751371e-05 -3049.3144476250295
44.399999999999615 -7.482096740111597e-05 -2658.432056960943
44.44999999999961 -6.386763413876525e-05 -2269.253818739241
44.49999999999961 -5.296752726619083e-05 -1881.9667447963834
44.549999999999606 -4.212489945449816e-05 -1496.7219349856223
44.5999999999996 -3.134248002194379e-05 -1113.616363556274
44.6499999999996 -2.0620956721718615e-05 -732.67446677525
44.6999999999996 -9.958697531261303e-06 -353.8382579411554
44.749999999999595 6.48133226643367e-07 23.028546766217836
44.79999999999959 1.1205235827584215e-05 398.1284814210096
44.84999999999959 2.1719796547130115e-05 771.716878532355
44.89999999999959 3.2199995056210614e-05 1144.0843665185946
44.949999999999584 4.265425706542069e-05 1515.5303157290625
44.99999999999958 5.3091027981198274e-05 1886.354796317734
45.04999999999958 6.351912599482255e-05 2256.8711236986605
45.099999999999575 7.394810944977614e-05 2627.418911319893
45.14999999999957 8.438832527463853e-05 2998.365791512078
45.19999999999957 9.48505077012344e-05 3370.093157713187
45.24999999999957 0.00010534506423594487 3742.9707946180415
45.299999999999564 0.00011588163726203917 4117.341301656705
45.34999999999956 0.00012646896387706236 4493.515112936157
45.39999999999956 0.00013711467973171235 4871.763527522638
45.449999999999555 0.00014782487003189891 5252.302756286251
45.49999999999955 0.00015860379517178153 5635.284173484804
45.54999999999955 0.00016945417844506928 6020.804539311974
45.59999999999955 0.00018037777495378076 6408.926213553146
45.649999999999544 0.000191375786464378 6799.691895662745
45.69999999999954 0.00020244883593013225 7193.123719529222
45.74999999999954 0.00021359649122190436 7589.206331355426
45.799999999999535 0.00022481640928414818 7987.856481028568
45.84999999999953 0.0002361035994753108 8388.89684818044
45.89999999999953 0.0002474502066858074 8792.048336244177
45.94999999999953 0.000258845780670302 9196.939641985286
45.999999999999524 0.00027027770883289627 9603.122632608605
46.04999999999952 0.00028173153226926796 10010.083574917497
46.09999999999952 0.0002931911379815506 10417.249964819193
46.149999999999515 0.00030463882626035216 10823.992921446725
46.19999999999951 0.00031605524528033075 11229.624863302064
46.24999999999951 0.00032741927397938325 11633.395346886253
46.29999999999951 0.0003387079776244876 12034.489487928187
46.349999999999504 0.00034989658739285347 12432.027235891155
46.3999999999995 0.00036095847991854217 12825.062647252447
46.4499999999995 0.0003718652006461729 13212.584715274003
46.499999999999496 0.00038258657650401296 13593.52137334218
46.54999999999949 0.0003930909399627374 13966.74745590451
46.59999999999949 0.0004033454522909555 14331.096183924692
46.64999999999949 0.000413307029445854 14685.03675655189
46.699999999999484 0.00042293029014194884 15026.956750580319
46.74999999999948 0.0004321751721146446 15355.432730679291
46.79999999999948 0.000441008617254177 15669.290123172566
46.849999999999476 0.00044940297721385346 15967.546566381032
46.89999999999947 0.00045733296174678287 16249.303483269407
46.94999999999947 0.00046477269793917804 16513.641594312074
46.99999999999947 0.0004716939927208173 16759.559183489244
47.049999999999464 0.00047806599661637565 16985.960151178144
47.09999999999946 0.0004838559427777428 17191.680272396825
47.14999999999946 0.0004890304239243562 17375.532567229515
47.199999999999456 0.0004935567326562376 17536.35492292063
47.24999999999945 0.0004974039888663403 17673.050151484684
47.29999999999945 0.0005005439555834151 17784.614977073103
47.34999999999945 0.0005029515703483115 17870.1589160802
47.399999999999444 0.00050460525141434 17928.91515661838
47.44999999999944 0.0005054870883122024 17960.24732939985
47.49999999999944 0.0005055830159408392 17963.655693284658
47.549999999999436 0.0005048828752208075 17938.779290330152
47.59999999999943 0.0005033803840373265 17885.394913380656
47.64999999999943 0.0005010731723526699 17803.418353630983
47.69999999999943 0.0004979627774465299 17692.90423151383
47.749999999999424 0.0004940546103855286 17554.044805342208
47.79999999999942 0.0004893578428640905 17387.16595070048
47.84999999999942 0.00048388520466909594 17192.719964246884
47.899999999999416 0.0004776527681753557 16971.27790671362
47.94999999999941 0.00047067975895791707 16723.522873853053
47.99999999999941 0.0004629884278194646 16450.24544949755
48.04999999999941 0.0004546039595991971 16152.340465486386
48.099999999999405 0.0004455543534348952 15830.802747308035
48.1499999999994 0.0004358702483766407 15486.720918055218
48.1999999999994 0.00042556389343629907 15120.530192173032
48.249999999999396 0.0004146530441469805 14732.861433977301
48.29999999999939 0.00040317565984294155 14325.063360472808
48.34999999999939 0.0003911847978305206 13899.021128306485
48.39999999999939 0.00037873667468845426 13456.732144892821
48.449999999999385 0.00036587157385317037 12999.627703925065
48.49999999999938 0.00035262374151116095 12528.924592129742
48.54999999999938 0.0003390322869729497 12046.012385830614
48.599999999999376 0.0003251407829579883 11552.439248840885
48.64999999999937 0.0003109933703289336 11049.773531429002
48.69999999999937 0.0002966317534924232 10539.497015178025
48.74999999999937 0.00028209433228490466 10022.974068389252
48.799999999999365 0.0002674166710728162 9501.468313481757
48.84999999999936 0.00025263216484666684 8976.166293698623
48.89999999999936 0.0002377723017152716 8448.18679967829
48.949999999999356 0.0002228664809880935 7918.574405815388
48.99999999999935 0.00020794159083507724 7388.2844642714435
49.04999999999935 0.00019302167195166215 6858.171154799104
49.09999999999935 0.00017812783855357365 6328.984677641587
49.149999999999345 0.000163278386824198 5801.375106730351
49.19999999999934 0.00014848898863405502 5275.899272649518
49.24999999999934 0.00013377292028217782 4753.02888994881
49.299999999999336 0.0001191412316359254 4233.15656677849
49.34999999999933 0.00010460279940872749 3716.597697878319
49.39999999999933 9.016422124276987e-05 3203.58670127437
49.44999999999933 7.582967473865593e-05 2694.2720095217273
49.499999999999325 6.160085210798714e-05 2188.71374787304
49.54999999999932 4.747707210102076e-05 1686.8877111326565
49.59999999999932 3.345531570107892e-05 1188.6866318995287
49.64999999999932 1.953035227468205e-05 693.924662754099
49.699999999999314 5.695183551609197e-06 202.3531511255059
49.74999999999931 -8.05856673431721e-06 -286.325516546962
49.79999999999931 -2.1740373084910315e-05 -772.4479747685598
49.849999999999305 -3.536051119210388e-05 -1256.3793247908886
49.8999999999993 -4.892967587967745e-05 -1738.4995598613855
49.9499999999993 -6.245854874318516e-05 -2219.18820322102
49.9999999999993 -7.595807244223786e-05 -2698.8340538670304
50.049999999999294 -8.943963288256025e-05 -3177.8416595863196
