# Body fitted drag for model part FluidModelPart.Drag_structure2
# Time Fx Fy Fz
0.1 645339.63849178 39.46102115 -0.00000000
0.15000000000000002 818420.39753902 475.49152061 -0.00000000
0.2 349232.84086733 -2379.68556631 -0.00000000
0.25 -99730.19336437 -5069.21363255 -0.00000000
0.3 -204069.79056575 -3305.26872287 -0.00000000
0.35 -156932.92081029 -87.76948773 -0.00000000
0.39999999999999997 -24936.72441617 3122.75276860 -0.00000000
0.44999999999999996 52877.05605588 3401.08832886 -0.00000000
0.49999999999999994 91269.89396894 1768.79950019 -0.00000000
0.5499999999999999 88861.00616509 -983.59615715 -0.00000000
0.6 59844.08698098 -3524.21754783 -0.00000000
0.65 23913.73310282 -4523.59760181 -0.00000000
0.7000000000000001 -1504.73694198 -3587.40564244 -0.00000000
0.7500000000000001 -8959.27309040 -1447.99776252 -0.00000000
0.8000000000000002 -1099.55336453 622.46433113 -0.00000000
0.8500000000000002 14241.86310176 1646.73617070 -0.00000000
0.9000000000000002 28500.94325291 1367.89601187 -0.00000000
0.9500000000000003 35627.98899406 199.33714363 -0.00000000
1.0000000000000002 34137.03771952 -1148.91453942 -0.00000000
1.0500000000000003 26933.70030877 -2041.35449593 -0.00000000
1.1000000000000003 18852.78680050 -2183.23660196 -0.00000000
1.1500000000000004 13683.38818322 -1690.81594641 -0.00000000
1.2000000000000004 12700.56571402 -924.70374308 -0.00000000
1.2500000000000004 14933.75350032 -277.37003363 -0.00000000
1.3000000000000005 18357.76407648 10.18451340 -0.00000000
1.3500000000000005 21070.48058396 -92.97230740 -0.00000000
1.4000000000000006 22045.86880398 -446.73609346 -0.00000000
1.4500000000000006 21319.99799513 -842.47250642 -0.00000000
1.5000000000000007 19667.43355918 -1108.62511381 -0.00000000
1.5500000000000007 18032.12089556 -1173.02556132 -0.00000000
1.6000000000000008 17052.82453371 -1066.25773076 -0.00000000
1.6500000000000008 16884.14074112 -880.44423040 -0.00000000
1.7000000000000008 17293.41798146 -713.61332475 -0.00000000
1.7500000000000009 17888.70480203 -627.58450334 -0.00000000
1.800000000000001 18333.70926143 -633.51284117 -0.00000000
1.850000000000001 18469.03361958 -702.24615408 -0.00000000
1.900000000000001 18317.74217027 -789.08641152 -0.00000000
1.950000000000001 18017.38644960 -855.61029822 -0.00000000
2.000000000000001 17724.60476617 -882.23280363 -0.00000000
2.0500000000000007 17542.40476979 -869.90147085 -0.00000000
2.1000000000000005 17494.78824691 -833.42706390 -0.00000000
2.1500000000000004 17544.51421721 -791.34923585 -0.00000000
2.2 17630.60497158 -757.38819947 -0.00000000
2.25 17701.85447848 -736.54571520 -0.00000000
2.3 17732.13865132 -727.68774534 -0.00000000
2.3499999999999996 17723.13276007 -726.94678803 -0.00000000
2.3999999999999995 17697.24330334 -725.79784080 -0.00000000
2.4499999999999993 17676.29721845 -719.17776789 -0.00000000
2.499999999999999 17671.28203832 -707.36685402 -0.00000000
2.549999999999999 17682.91672432 -692.81406662 -0.00000000
2.5999999999999988 17705.72580831 -678.06956712 -0.00000000
2.6499999999999986 17732.84922690 -664.60051124 -0.00000000
2.6999999999999984 17757.30712172 -649.80138753 -0.00000000
2.7499999999999982 17777.43601633 -631.26360033 -0.00000000
2.799999999999998 17796.73607601 -610.03330168 -0.00000000
2.849999999999998 17818.06571880 -590.28283993 -0.00000000
2.8999999999999977 17843.56427683 -571.87479112 -0.00000000
2.9499999999999975 17874.06216247 -551.86790512 -0.00000000
2.9999999999999973 17907.35368174 -528.90630945 -0.00000000
3.049999999999997 17940.58171441 -503.52544541 -0.00000000
3.099999999999997 17972.65975317 -477.48256918 -0.00000000
3.149999999999997 18005.05726850 -452.68218326 -0.00000000
3.1999999999999966 18038.69856418 -426.96389621 -0.00000000
3.2499999999999964 18075.52934811 -400.23515252 -0.00000000
3.2999999999999963 18116.04043339 -372.15147920 -0.00000000
3.349999999999996 18161.28750168 -344.57478927 -0.00000000
3.399999999999996 18209.41786233 -317.46642801 -0.00000000
3.4499999999999957 18256.21992744 -288.59545373 -0.00000000
3.4999999999999956 18299.43505547 -257.31009291 -0.00000000
3.5499999999999954 18339.08477156 -224.25090204 -0.00000000
3.599999999999995 18376.01597356 -189.50615734 -0.00000000
3.649999999999995 18410.74752537 -152.07309388 -0.00000000
3.699999999999995 18445.24477563 -113.47739826 -0.00000000
3.7499999999999947 18481.80016906 -76.19919159 -0.00000000
3.7999999999999945 18520.95402631 -41.01142241 -0.00000000
3.8499999999999943 18562.21797027 -6.79738911 -0.00000000
3.899999999999994 18604.43440965 27.51315054 -0.00000000
3.949999999999994 18646.47277742 62.33510628 -0.00000000
3.999999999999994 18687.64313988 97.63258913 -0.00000000
4.049999999999994 18727.76923754 133.30537173 -0.00000000
4.099999999999993 18767.02002751 169.38308131 -0.00000000
4.149999999999993 18805.66685399 205.99351972 -0.00000000
4.199999999999993 18843.90135764 243.24892385 -0.00000000
4.249999999999993 18881.76094322 281.18702500 -0.00000000
4.299999999999993 18919.13468803 319.80473186 -0.00000000
4.3499999999999925 18955.81088074 359.12174107 -0.00000000
4.399999999999992 18965.08399568 377.27215750 -0.00000000
4.449999999999992 18990.80446502 427.31097547 -0.00000000
4.499999999999992 19070.38031445 497.77650725 -0.00000000
4.549999999999992 19102.67937897 543.14358922 -0.00000000
4.599999999999992 19133.04752381 573.80500452 -0.00000000
4.6499999999999915 19153.35904969 607.46748767 -0.00000000
4.699999999999991 19178.19735970 649.28959882 -0.00000000
4.749999999999991 19207.26775362 697.46653442 -0.00000000
4.799999999999991 19237.01998232 747.65396010 -0.00000000
4.849999999999991 19263.93300370 797.12330573 -0.00000000
4.899999999999991 19287.24750835 845.46175347 -0.00000000
4.94999999999999 19308.36381775 893.51033293 -0.00000000
4.99999999999999 19328.49376510 942.15360085 -0.00000000
5.04999999999999 19348.03610869 991.80039519 -0.00000000
5.09999999999999 19366.53337032 1042.41897048 -0.00000000
5.14999999999999 19383.21870200 1093.78006065 -0.00000000
5.1999999999999895 19397.58671423 1145.65430256 -0.00000000
5.249999999999989 19409.61635745 1197.90379595 -0.00000000
5.299999999999989 19419.60357643 1250.48801333 -0.00000000
5.349999999999989 19427.84137215 1303.42288023 -0.00000000
5.399999999999989 19434.41736714 1356.73197187 -0.00000000
5.449999999999989 19439.21976523 1410.41343342 -0.00000000
5.4999999999999885 19442.07122345 1464.42926962 -0.00000000
5.549999999999988 19442.85781128 1518.71232761 -0.00000000
5.599999999999988 19441.56976538 1573.18078196 -0.00000000
5.649999999999988 19438.25366400 1627.74658176 -0.00000000
5.699999999999988 19432.93932042 1682.24536165 -0.00000000
5.749999999999988 19425.24231195 1734.34230481 -0.00000000
5.799999999999987 19415.00602679 1783.14906772 -0.00000000
5.849999999999987 19402.78470455 1833.00969168 -0.00000000
5.899999999999987 19388.66522850 1885.15062865 -0.00000000
5.949999999999987 19372.64144272 1938.61834714 -0.00000000
5.999999999999987 19354.74066156 1992.06785977 -0.00000000
6.0499999999999865 19334.79426779 2044.85621941 -0.00000000
6.099999999999986 19313.06173480 2096.70810305 -0.00000000
6.149999999999986 19289.67266580 2147.58214920 -0.00000000
6.199999999999986 19264.54267779 2197.53049755 -0.00000000
6.249999999999986 19237.54760139 2246.60998095 -0.00000000
6.299999999999986 19208.63658988 2294.82198110 -0.00000000
6.349999999999985 19177.85853608 2342.13391975 -0.00000000
6.399999999999985 19145.25535257 2388.63196054 -0.00000000
6.449999999999985 19110.82771599 2434.51770100 -0.00000000
6.499999999999985 19074.61265329 2479.88900368 -0.00000000
6.549999999999985 19036.70048197 2524.66279103 -0.00000000
6.5999999999999845 18997.18814944 2568.66484849 -0.00000000
6.649999999999984 18956.13636957 2611.75080291 -0.00000000
6.699999999999984 18913.56274126 2653.86850290 -0.00000000
6.749999999999984 18869.46205966 2695.04799339 -0.00000000
6.799999999999984 18823.83032677 2735.35158214 -0.00000000
6.849999999999984 18776.67739562 2774.82496682 -0.00000000
6.8999999999999835 18728.02769265 2813.47472701 -0.00000000
6.949999999999983 18677.91493486 2851.27501791 -0.00000000
6.999999999999983 18626.37472835 2888.19019921 -0.00000000
7.049999999999983 18573.43758670 2924.19622587 -0.00000000
7.099999999999983 18519.12780324 2959.28938246 -0.00000000
7.149999999999983 18463.47383938 2993.48063382 -0.00000000
7.199999999999982 18406.52532861 3026.78209274 -0.00000000
7.249999999999982 18348.35668428 3059.19563543 -0.00000000
7.299999999999982 18289.04580333 3090.71070731 -0.00000000
7.349999999999982 18228.64948078 3121.31161140 -0.00000000
7.399999999999982 18167.19686792 3150.98891895 -0.00000000
7.4499999999999815 18104.60529444 3179.74090018 -0.00000000
7.499999999999981 18040.47709312 3207.56226736 -0.00000000
7.549999999999981 17975.33542208 3234.43380450 -0.00000000
7.599999999999981 17909.66931845 3260.34382491 -0.00000000
7.649999999999981 17843.57421347 3285.29016110 -0.00000000
7.699999999999981 17776.89201205 3309.27676290 -0.00000000
7.7499999999999805 17709.43938331 3332.30970080 -0.00000000
7.79999999999998 17641.15078480 3354.39256668 -0.00000000
7.84999999999998 17572.10645308 3375.53090409 -0.00000000
7.89999999999998 17502.47336154 3395.74617662 -0.00000000
7.94999999999998 17432.39787670 3415.05137044 -0.00000000
7.99999999999998 17361.95528968 3433.43413119 -0.00000000
8.04999999999998 17291.16931881 3450.86655693 -0.00000000
8.09999999999998 17220.06072394 3467.32002305 -0.00000000
8.14999999999998 17148.67670412 3482.77182647 -0.00000000
8.199999999999982 17077.07223659 3497.19305265 -0.00000000
8.249999999999982 17005.28581943 3510.53754564 -0.00000000
8.299999999999983 16933.35762541 3522.75446546 -0.00000000
8.349999999999984 16861.34144754 3533.80647847 -0.00000000
8.399999999999984 16789.28276713 3543.68102297 -0.00000000
8.449999999999985 16717.21170122 3552.38377948 -0.00000000
8.499999999999986 16645.15491136 3559.92046401 -0.00000000
8.549999999999986 16573.14093744 3566.28320276 -0.00000000
8.599999999999987 16501.19632287 3571.44842039 -0.00000000
8.649999999999988 16429.33878949 3575.38439119 -0.00000000
8.699999999999989 16357.57312867 3578.06052607 -0.00000000
8.74999999999999 16285.89634478 3579.44521626 -0.00000000
8.79999999999999 16214.31050223 3579.48720564 -0.00000000
8.84999999999999 16142.81499327 3578.10750144 -0.00000000
8.899999999999991 16071.38415502 3575.21841374 -0.00000000
8.949999999999992 16000.00472432 3570.76039373 -0.00000000
8.999999999999993 15928.73374728 3564.73777908 -0.00000000
9.049999999999994 15857.65639112 3557.20870279 -0.00000000
9.099999999999994 15786.81362336 3548.22939870 -0.00000000
9.149999999999995 15716.18092286 3537.80556669 -0.00000000
9.199999999999996 15645.69228492 3525.88694587 -0.00000000
9.249999999999996 15575.27644942 3512.39545038 -0.00000000
9.299999999999997 15504.88461794 3497.25860739 -0.00000000
9.349999999999998 15434.51023638 3480.43212710 -0.00000000
9.399999999999999 15364.16864579 3461.90165332 -0.00000000
9.45 15310.67815334 3449.28110310 -0.00000000
9.5 15217.89722895 3409.97941183 -0.00000000
9.55 15142.08927612 3397.73228139 -0.00000000
9.600000000000001 15073.61530848 3370.77649133 -0.00000000
9.650000000000002 15009.73895436 3344.99874380 -0.00000000
9.700000000000003 14942.94114888 3315.11946748 -0.00000000
9.750000000000004 14871.72436663 3283.39747267 -0.00000000
9.800000000000004 14797.69417876 3250.28585945 -0.00000000
9.850000000000005 14723.32330824 3215.75665539 -0.00000000
9.900000000000006 14649.95513774 3179.49371329 -0.00000000
9.950000000000006 14577.42663942 3141.24436098 -0.00000000
10.000000000000007 14504.80214681 3100.96154734 -0.00000000
10.050000000000008 14431.26823665 3058.73101090 -0.00000000
10.100000000000009 14356.58504576 3014.64442991 -0.00000000
10.15000000000001 14281.00735933 2968.74366776 -0.00000000
10.20000000000001 14204.91498684 2921.03344153 -0.00000000
10.25000000000001 14128.50726951 2871.51060464 -0.00000000
10.300000000000011 14051.73696061 2820.17515602 -0.00000000
10.350000000000012 13974.42063661 2767.02187112 -0.00000000
10.400000000000013 13896.39133938 2712.03992338 -0.00000000
10.450000000000014 13817.58320179 2655.22212542 -0.00000000
10.500000000000014 13738.02274185 2596.57505780 -0.00000000
10.550000000000015 13657.77007000 2536.12358396 -0.00000000
10.600000000000016 13576.86546900 2473.90737021 -0.00000000
10.650000000000016 13495.31322565 2409.97289166 -0.00000000
10.700000000000017 13413.10298766 2344.36811595 -0.00000000
10.750000000000018 13330.24193503 2277.14385712 -0.00000000
10.800000000000018 13246.71468447 2208.34035911 -0.00000000
10.85000000000002 13162.10954335 2137.91266375 -0.00000000
10.90000000000002 13076.52373607 2065.82034774 -0.00000000
10.95000000000002 12990.26938039 1992.06914626 -0.00000000
11.000000000000021 12903.49367573 1916.69999648 -0.00000000
11.050000000000022 12816.19405565 1839.76812489 -0.00000000
11.100000000000023 12728.32493041 1761.31597104 -0.00000000
11.150000000000023 12639.84135329 1681.37532061 -0.00000000
11.200000000000024 12550.73142634 1599.98317242 -0.00000000
11.250000000000025 12461.00706305 1517.16789699 -0.00000000
11.300000000000026 12370.69174849 1432.97797326 -0.00000000
11.350000000000026 12279.82068651 1347.47726808 -0.00000000
11.400000000000027 12188.43063089 1260.73416936 -0.00000000
11.450000000000028 12096.55207835 1172.81623502 -0.00000000
11.500000000000028 12004.21714372 1083.81286600 -0.00000000
11.55000000000003 11911.47372093 993.84823630 -0.00000000
11.60000000000003 11818.37792583 903.05578305 -0.00000000
11.65000000000003 11724.98919166 811.51333083 -0.00000000
11.700000000000031 11631.36304699 719.22947762 -0.00000000
11.750000000000032 11537.54561760 626.19637322 -0.00000000
11.800000000000033 11443.54694829 532.42959798 -0.00000000
11.850000000000033 11349.32117421 437.97616401 -0.00000000
11.900000000000034 11254.91217582 342.92476393 -0.00000000
11.950000000000035 11160.38264625 247.37811190 -0.00000000
12.000000000000036 11065.58307245 151.38512341 -0.00000000
12.050000000000036 10970.54306935 55.01547997 -0.00000000
12.100000000000037 10875.42596137 -41.63161506 -0.00000000
12.150000000000038 10780.34783882 -138.41270024 -0.00000000
12.200000000000038 10685.38042867 -235.10475567 -0.00000000
12.250000000000039 10590.14085877 -331.84493552 -0.00000000
12.30000000000004 10494.48279120 -428.80965680 -0.00000000
12.35000000000004 10398.72304451 -525.86855973 -0.00000000
12.400000000000041 10303.26972503 -622.77655346 -0.00000000
12.450000000000042 10208.32615710 -719.34360832 -0.00000000
12.500000000000043 10113.84897713 -815.48708525 -0.00000000
12.550000000000043 10019.67266621 -911.22383100 -0.00000000
12.600000000000044 9925.66213922 -1006.63148557 -0.00000000
12.650000000000045 9831.68147504 -1101.69396163 -0.00000000
12.700000000000045 9737.66299862 -1196.29932473 -0.00000000
12.750000000000046 9643.67039408 -1290.28801604 -0.00000000
12.800000000000047 9549.81438388 -1383.49965089 -0.00000000
12.850000000000048 9455.91085828 -1475.86361929 -0.00000000
12.900000000000048 9361.63299464 -1567.53606063 -0.00000000
12.950000000000049 9267.37597430 -1658.40938374 -0.00000000
13.00000000000005 9173.35737474 -1748.29992908 -0.00000000
13.05000000000005 9079.83131768 -1836.92288594 -0.00000000
13.100000000000051 8986.80978242 -1924.10442624 -0.00000000
13.150000000000052 8894.00015949 -2009.86258569 -0.00000000
13.200000000000053 8801.22104318 -2094.27130744 -0.00000000
13.250000000000053 8708.38333842 -2177.35700691 -0.00000000
13.300000000000054 8615.26852061 -2259.04759809 -0.00000000
13.350000000000055 8522.13027064 -2339.26777912 -0.00000000
13.400000000000055 8429.48316979 -2417.97899924 -0.00000000
13.450000000000056 8337.61863121 -2495.10313314 -0.00000000
13.500000000000057 8246.46012489 -2570.45523924 -0.00000000
13.550000000000058 8155.66231942 -2643.72126955 -0.00000000
13.600000000000058 8064.72928168 -2714.63898396 -0.00000000
13.650000000000059 7973.46391714 -2782.99878491 -0.00000000
13.70000000000006 7881.80330338 -2848.71768308 -0.00000000
13.75000000000006 7789.70016239 -2911.71134884 -0.00000000
13.800000000000061 7696.97725345 -2971.82665652 -0.00000000
13.850000000000062 7604.17303381 -3029.40342362 -0.00000000
13.900000000000063 7512.21627317 -3084.62022133 -0.00000000
13.950000000000063 7421.23919658 -3137.46514340 -0.00000000
14.000000000000064 7330.94357668 -3187.73745734 -0.00000000
14.050000000000065 7241.22716715 -3235.16898684 -0.00000000
14.100000000000065 7152.08817769 -3279.56305345 -0.00000000
14.150000000000066 7063.40255483 -3320.77141191 -0.00000000
14.200000000000067 6974.95512049 -3358.73967436 -0.00000000
14.250000000000068 6886.44550477 -3393.06440499 -0.00000000
14.300000000000068 6797.71318384 -3424.24249960 -0.00000000
14.350000000000069 6708.61058134 -3452.89133244 -0.00000000
14.40000000000007 6619.51665358 -3478.88843369 -0.00000000
14.45000000000007 6531.13367287 -3501.77737928 -0.00000000
14.500000000000071 6443.83097326 -3521.15722305 -0.00000000
14.550000000000072 6357.59229170 -3536.82652372 -0.00000000
14.600000000000072 6272.14214542 -3548.82056082 -0.00000000
14.650000000000073 6187.17616270 -3557.30101265 -0.00000000
14.700000000000074 6102.60036318 -3562.33765135 -0.00000000
14.750000000000075 6018.51841288 -3563.87112410 -0.00000000
14.800000000000075 5935.07755574 -3561.81941357 -0.00000000
14.850000000000076 5852.36401521 -3556.15313003 -0.00000000
14.900000000000077 5770.39770957 -3546.89598261 -0.00000000
14.950000000000077 5689.20027778 -3534.07830396 -0.00000000
15.000000000000078 5608.88235229 -3517.66143055 -0.00000000
15.050000000000079 5529.60497776 -3497.53165444 -0.00000000
15.10000000000008 5451.29604939 -3473.75885312 -0.00000000
15.15000000000008 5373.94513665 -3446.45826360 -0.00000000
15.200000000000081 5297.60089861 -3415.73901624 -0.00000000
15.250000000000082 5222.31848027 -3381.66063819 -0.00000000
15.300000000000082 5148.11937460 -3344.23108038 -0.00000000
15.350000000000083 5075.15491636 -3303.45308949 -0.00000000
15.400000000000084 5003.58854561 -3259.39095323 -0.00000000
15.450000000000085 4933.06429403 -3212.16928016 -0.00000000
15.500000000000085 4863.34793707 -3161.94750133 -0.00000000
15.550000000000086 4794.78160253 -3108.87632316 -0.00000000
15.600000000000087 4727.53858394 -3053.11575860 -0.00000000
15.650000000000087 4661.56932674 -2994.82371984 -0.00000000
15.700000000000088 4596.80583230 -2934.17827011 -0.00000000
15.750000000000089 4533.14780486 -2871.40752976 -0.00000000
15.80000000000009 4470.30136589 -2806.78321803 -0.00000000
15.85000000000009 4408.64435778 -2740.49404081 -0.00000000
15.900000000000091 4348.87979408 -2672.67058124 -0.00000000
15.950000000000092 4291.22089973 -2603.47766491 -0.00000000
16.000000000000092 4235.39954015 -2533.14946830 -0.00000000
16.050000000000093 4181.05442806 -2462.02254117 -0.00000000
16.100000000000094 4140.57885997 -2413.30532461 -0.00000000
16.150000000000095 4114.37056156 -2375.83570362 -0.00000000
16.200000000000095 4068.61863206 -2329.37661207 -0.00000000
16.250000000000096 3925.39847563 -2158.91255568 -0.00000000
16.300000000000097 3872.56283843 -2034.47867151 -0.00000000
16.350000000000097 3859.06587047 -1955.71591619 -0.00000000
16.400000000000098 3849.34646489 -1918.30630400 -0.00000000
16.4500000000001 3814.92271661 -1890.92845796 -0.00000000
16.5000000000001 3760.34332107 -1849.31906136 -0.00000000
16.5500000000001 3702.72293623 -1783.80225556 -0.00000000
16.6000000000001 3655.07179271 -1700.71408008 -0.00000000
16.6500000000001 3618.82543828 -1614.07551694 -0.00000000
16.700000000000102 3587.43410874 -1535.85418575 -0.00000000
16.750000000000103 3553.92128449 -1470.57304261 -0.00000000
16.800000000000104 3515.83170069 -1415.56552864 -0.00000000
16.850000000000104 3475.24009328 -1364.73574018 -0.00000000
16.900000000000105 3435.48209948 -1312.92007310 -0.00000000
16.950000000000106 3398.58598255 -1258.16136404 -0.00000000
17.000000000000107 3364.72167247 -1201.79741493 -0.00000000
17.050000000000107 3332.41784018 -1146.46947864 -0.00000000
17.100000000000108 3300.21234970 -1094.23229555 -0.00000000
17.15000000000011 3267.67115621 -1046.04170422 -0.00000000
17.20000000000011 3235.21871851 -1001.92167718 -0.00000000
17.25000000000011 3203.45918597 -961.39539705 -0.00000000
17.30000000000011 3172.63848938 -923.94183584 -0.00000000
17.35000000000011 3142.54392188 -889.09921223 -0.00000000
17.400000000000112 3112.76213414 -856.59886589 -0.00000000
17.450000000000113 3082.98481638 -826.47526981 -0.00000000
17.500000000000114 3053.14984478 -799.03183780 -0.00000000
17.550000000000114 3023.38594723 -774.70200246 -0.00000000
17.600000000000115 2993.84091514 -753.85485218 -0.00000000
17.650000000000116 2964.47697600 -736.64688667 -0.00000000
17.700000000000117 2934.86249141 -722.96843947 -0.00000000
17.750000000000117 2905.00166052 -712.67981851 -0.00000000
17.800000000000118 2874.96976154 -705.74908635 -0.00000000
17.85000000000012 2844.34033793 -702.14210206 -0.00000000
17.90000000000012 2812.55212467 -701.64883871 -0.00000000
17.95000000000012 2779.58168554 -704.32655633 -0.00000000
18.00000000000012 2745.50298894 -710.32868504 -0.00000000
18.05000000000012 2710.33012968 -719.77843344 -0.00000000
18.100000000000122 2674.03263335 -732.82112515 -0.00000000
18.150000000000123 2636.57021786 -749.58441214 -0.00000000
18.200000000000124 2597.74054402 -770.39503188 -0.00000000
18.250000000000124 2557.82589779 -794.86136991 -0.00000000
18.300000000000125 2517.00747551 -822.54118091 -0.00000000
18.350000000000126 2475.11388588 -852.96185790 -0.00000000
18.400000000000126 2431.71589868 -885.50466754 -0.00000000
18.450000000000127 2386.53796432 -920.13566691 -0.00000000
18.500000000000128 2339.45578501 -957.32295317 -0.00000000
18.55000000000013 2290.14588910 -997.34971701 -0.00000000
18.60000000000013 2237.72689404 -1040.28875528 -0.00000000
18.65000000000013 2181.64348108 -1085.97805358 -0.00000000
18.70000000000013 2123.48072497 -1134.29013153 -0.00000000
18.75000000000013 2064.08385169 -1184.98817679 -0.00000000
18.800000000000132 2003.05479250 -1237.07133670 -0.00000000
18.850000000000133 1940.37228530 -1290.37185410 -0.00000000
18.900000000000134 1876.36463307 -1345.38654265 -0.00000000
18.950000000000134 1811.40545581 -1402.58972164 -0.00000000
19.000000000000135 1745.17053006 -1462.18018680 -0.00000000
19.050000000000136 1677.36641331 -1523.95776785 -0.00000000
19.100000000000136 1607.73633266 -1587.54799286 -0.00000000
19.150000000000137 1535.98031239 -1652.72042697 -0.00000000
19.200000000000138 1462.22940115 -1718.97526901 -0.00000000
19.25000000000014 1387.35593435 -1785.99650673 -0.00000000
19.30000000000014 1311.97005221 -1853.64993426 -0.00000000
19.35000000000014 1236.22765799 -1921.88648071 -0.00000000
19.40000000000014 1159.94710655 -1990.69774685 -0.00000000
19.45000000000014 1082.82483654 -2060.10918846 -0.00000000
19.500000000000142 1004.63512734 -2130.16856382 -0.00000000
19.550000000000143 925.56400834 -2200.86035525 -0.00000000
19.600000000000144 846.00296177 -2272.03694009 -0.00000000
19.650000000000144 765.96899294 -2343.26017795 -0.00000000
19.700000000000145 685.50408852 -2414.14130537 -0.00000000
19.750000000000146 604.72945977 -2484.44521723 -0.00000000
19.800000000000146 523.81149367 -2554.10876560 -0.00000000
19.850000000000147 442.88647248 -2623.19713011 -0.00000000
19.900000000000148 362.02670200 -2691.71333480 -0.00000000
19.95000000000015 281.28809798 -2759.41429156 -0.00000000
20.00000000000015 200.82823595 -2825.85515593 -0.00000000
20.05000000000015 120.88586770 -2890.53642240 -0.00000000
20.10000000000015 41.65477798 -2953.09829649 -0.00000000
20.15000000000015 -36.68788502 -3013.35591422 -0.00000000
20.200000000000152 -114.11736101 -3071.24686080 -0.00000000
20.250000000000153 -190.99338843 -3126.82586127 -0.00000000
20.300000000000153 -266.46349386 -3180.43203432 -0.00000000
20.350000000000154 -340.01350161 -3232.04831110 -0.00000000
20.400000000000155 -411.60279921 -3281.29634720 -0.00000000
20.450000000000156 -481.12002474 -3328.00266326 -0.00000000
20.500000000000156 -549.09903725 -3372.23775186 -0.00000000
20.550000000000157 -616.24446762 -3414.18909727 -0.00000000
20.600000000000158 -682.81157563 -3453.78907279 -0.00000000
20.65000000000016 -748.50042622 -3490.55222765 -0.00000000
20.70000000000016 -812.91284940 -3523.77993403 -0.00000000
20.75000000000016 -876.05595669 -3553.00996580 -0.00000000
20.80000000000016 -937.91010881 -3577.56102495 -0.00000000
20.85000000000016 -999.09588423 -3598.06122516 -0.00000000
20.900000000000162 -1059.87554763 -3615.39995233 -0.00000000
20.950000000000163 -1105.42761190 -3624.35907789 -0.00000000
21.000000000000163 -1146.63991596 -3631.03148050 -0.00000000
21.050000000000164 -1196.88395620 -3633.40392147 -0.00000000
21.100000000000165 -1262.17587115 -3635.83178858 -0.00000000
21.150000000000166 -1335.07323901 -3637.51465544 -0.00000000
21.200000000000166 -1410.02781018 -3638.72352112 -0.00000000
21.250000000000167 -1528.32873170 -3642.52999155 -0.00000000
21.300000000000168 -1607.24883764 -3655.57513311 -0.00000000
21.35000000000017 -1622.38509842 -3664.49377485 -0.00000000
21.40000000000017 -1620.70172918 -3637.99395112 -0.00000000
21.45000000000017 -1652.85400050 -3588.81407239 -0.00000000
21.50000000000017 -1720.58630733 -3531.51400121 -0.00000000
21.55000000000017 -1804.30008940 -3482.83169482 -0.00000000
21.600000000000172 -1881.11777281 -3447.55317901 -0.00000000
21.650000000000173 -1940.60866573 -3419.71594953 -0.00000000
21.700000000000173 -1985.93810808 -3389.00878328 -0.00000000
21.750000000000174 -2026.66190624 -3347.73337490 -0.00000000
21.800000000000175 -2071.17998534 -3293.89830503 -0.00000000
21.850000000000176 -2122.70504229 -3230.32795619 -0.00000000
21.900000000000176 -2179.69053164 -3161.78033084 -0.00000000
21.950000000000177 -2238.60177591 -3092.22737244 -0.00000000
22.000000000000178 -2296.70207968 -3022.72049220 -0.00000000
22.05000000000018 -2352.25628036 -2950.95906860 -0.00000000
22.10000000000018 -2405.55377182 -2875.00221325 -0.00000000
22.15000000000018 -2457.73483865 -2794.18842383 -0.00000000
22.20000000000018 -2509.63306596 -2708.74270214 -0.00000000
22.25000000000018 -2561.56586496 -2619.37151648 -0.00000000
22.300000000000182 -2613.51388111 -2526.72809797 -0.00000000
22.350000000000183 -2665.37240433 -2431.09627588 -0.00000000
22.400000000000183 -2717.10279912 -2332.38682882 -0.00000000
22.450000000000184 -2768.75716777 -2230.33994038 -0.00000000
22.500000000000185 -2820.44040615 -2124.73227076 -0.00000000
22.550000000000185 -2872.27139686 -2015.43315656 -0.00000000
22.600000000000186 -2924.33932527 -1902.43957920 -0.00000000
22.650000000000187 -2976.65046729 -1786.00459792 -0.00000000
22.700000000000188 -3029.11552101 -1666.49354974 -0.00000000
22.75000000000019 -3081.53233433 -1544.69310234 -0.00000000
22.80000000000019 -3133.69663522 -1421.51656945 -0.00000000
22.85000000000019 -3185.08156048 -1296.68059013 -0.00000000
22.90000000000019 -3235.25569087 -1169.44529300 -0.00000000
22.95000000000019 -3284.12907590 -1039.41202926 -0.00000000
23.000000000000192 -3331.79312507 -907.13551653 -0.00000000
23.050000000000193 -3378.42368541 -773.77268260 -0.00000000
23.100000000000193 -3424.67245854 -638.63807057 -0.00000000
23.150000000000194 -3470.84916060 -501.14491221 -0.00000000
23.200000000000195 -3516.84890278 -361.20063170 -0.00000000
23.250000000000195 -3562.37713289 -219.11845438 -0.00000000
23.300000000000196 -3607.16586417 -75.36439447 -0.00000000
23.350000000000197 -3651.06991055 69.67814026 -0.00000000
23.400000000000198 -3694.11501069 215.88447266 -0.00000000
23.4500000000002 -3736.44427116 363.31290102 -0.00000000
23.5000000000002 -3778.17897680 511.94723689 -0.00000000
23.5500000000002 -3819.39604690 661.63354870 -0.00000000
23.6000000000002 -3860.11169692 812.10523808 -0.00000000
23.6500000000002 -3900.24282229 963.09103320 -0.00000000
23.700000000000202 -3939.63147060 1114.38676216 -0.00000000
23.750000000000203 -3978.11599605 1265.85893108 -0.00000000
23.800000000000203 -4015.64480963 1417.39556470 -0.00000000
23.850000000000204 -4052.35936800 1568.87151574 -0.00000000
23.900000000000205 -4088.50434494 1720.17213735 -0.00000000
23.950000000000205 -4124.29926781 1871.18648969 -0.00000000
24.000000000000206 -4159.88697578 2021.69721020 -0.00000000
24.050000000000207 -4195.24808010 2171.30384586 -0.00000000
24.100000000000207 -4230.34974998 2319.18842090 -0.00000000
24.150000000000208 -4265.01727076 2466.05715273 -0.00000000
24.20000000000021 -4299.21827834 2613.22894579 -0.00000000
24.25000000000021 -4333.03509262 2761.44909433 -0.00000000
24.30000000000021 -4366.61506707 2910.51953110 -0.00000000
24.35000000000021 -4400.15745587 3059.53576860 -0.00000000
24.40000000000021 -4433.93533949 3207.47572584 -0.00000000
24.450000000000212 -4468.26537799 3353.65948458 -0.00000000
24.500000000000213 -4503.37439672 3497.92471738 -0.00000000
24.550000000000214 -4539.39396771 3640.57021666 -0.00000000
24.600000000000215 -4576.48396130 3782.03721594 -0.00000000
24.650000000000215 -4608.36583275 3887.01917259 -0.00000000
24.700000000000216 -4643.66265009 4023.93748964 -0.00000000
24.750000000000217 -4698.70020971 4218.66831016 -0.00000000
24.800000000000217 -4749.77747212 4371.28760835 -0.00000000
24.850000000000218 -4784.09522275 4499.74234188 -0.00000000
24.90000000000022 -4821.10545634 4614.40971804 -0.00000000
24.95000000000022 -4863.50019081 4730.86480707 -0.00000000
25.00000000000022 -4913.10269956 4853.39836641 -0.00000000
25.05000000000022 -4966.69743840 4980.96604910 -0.00000000
25.10000000000022 -5020.73698832 5110.05395213 -0.00000000
25.150000000000222 -5073.65983824 5237.45259083 -0.00000000
25.200000000000223 -5126.08112156 5361.31203172 -0.00000000
25.250000000000224 -5179.59328152 5481.13657650 -0.00000000
25.300000000000225 -5235.40533459 5597.34175445 -0.00000000
25.350000000000225 -5293.72857973 5710.71798670 -0.00000000
25.400000000000226 -5354.04575318 5821.90685878 -0.00000000
25.450000000000227 -5415.50295201 5930.73483048 -0.00000000
25.500000000000227 -5477.07619976 6036.98676199 -0.00000000
25.550000000000228 -5538.65357395 6141.17485171 -0.00000000
25.60000000000023 -5600.56841051 6243.53810241 -0.00000000
25.65000000000023 -5663.07555395 6343.71547213 -0.00000000
25.70000000000023 -5726.29724835 6441.54908553 -0.00000000
25.75000000000023 -5790.17415955 6537.04829715 -0.00000000
25.80000000000023 -5854.35408827 6630.43225608 -0.00000000
25.850000000000232 -5918.41650278 6721.89673488 -0.00000000
25.900000000000233 -5982.14635405 6811.42189335 -0.00000000
25.950000000000234 -6045.50849843 6898.84633160 -0.00000000
26.000000000000234 -6108.53323065 6984.02775587 -0.00000000
26.050000000000235 -6171.19720881 7066.93673537 -0.00000000
26.100000000000236 -6233.39332660 7147.62541426 -0.00000000
26.150000000000237 -6294.97235562 7226.15195195 -0.00000000
26.200000000000237 -6355.72706841 7302.71652090 -0.00000000
26.250000000000238 -6415.34851913 7377.48812564 -0.00000000
26.30000000000024 -6473.51174575 7450.51650121 -0.00000000
26.35000000000024 -6530.06302515 7521.82738542 -0.00000000
26.40000000000024 -6584.98789534 7591.27494681 -0.00000000
26.45000000000024 -6638.52705293 7658.39442297 -0.00000000
26.50000000000024 -6690.46825380 7723.05313309 -0.00000000
26.550000000000242 -6740.03678326 7785.71481782 -0.00000000
26.600000000000243 -6786.68234288 7846.96031049 -0.00000000
26.650000000000244 -6829.86897955 7906.98250613 -0.00000000
26.700000000000244 -6869.57154310 7965.76363879 -0.00000000
26.750000000000245 -6906.09069384 8023.03113587 -0.00000000
26.800000000000246 -6939.65404037 8078.42132837 -0.00000000
26.850000000000247 -6970.16170416 8131.76581516 -0.00000000
26.900000000000247 -6996.97459960 8183.21482801 -0.00000000
26.950000000000248 -7019.72766281 8233.25122619 -0.00000000
27.00000000000025 -7038.05677051 8282.44172215 -0.00000000
27.05000000000025 -7052.47989986 8331.01926135 -0.00000000
27.10000000000025 -7063.62913370 8378.69169157 -0.00000000
27.15000000000025 -7071.83246494 8425.34907792 -0.00000000
27.20000000000025 -7078.08366390 8471.97090523 -0.00000000
27.250000000000252 -7081.89076497 8518.67574680 -0.00000000
27.300000000000253 -7082.15097633 8564.95979381 -0.00000000
27.350000000000254 -7078.22766199 8610.26853365 -0.00000000
27.400000000000254 -7070.18461646 8654.91910946 -0.00000000
27.450000000000255 -7058.08104430 8698.20412466 -0.00000000
27.500000000000256 -7041.59858408 8740.74085416 -0.00000000
27.550000000000257 -7021.15868290 8782.63093118 -0.00000000
27.600000000000257 -6996.57886985 8824.05884919 -0.00000000
27.650000000000258 -6967.43242272 8865.28907415 -0.00000000
27.70000000000026 -6933.50096079 8906.41340053 -0.00000000
27.75000000000026 -6895.10453554 8947.23234993 -0.00000000
27.80000000000026 -6852.77887736 8987.96397750 -0.00000000
27.85000000000026 -6805.97991023 9030.74893160 -0.00000000
27.90000000000026 -6754.81327717 9074.00514795 -0.00000000
27.950000000000262 -6700.06520719 9115.77908774 -0.00000000
28.000000000000263 -6642.21136402 9155.49858885 -0.00000000
28.050000000000264 -6581.40276418 9193.44432532 -0.00000000
28.100000000000264 -6517.95260345 9230.32280495 -0.00000000
28.150000000000265 -6452.00901671 9267.05463348 -0.00000000
28.200000000000266 -6383.59089470 9304.13942346 -0.00000000
28.250000000000266 -6312.95106238 9341.04188667 -0.00000000
28.300000000000267 -6240.27220091 9377.42019752 -0.00000000
28.350000000000268 -6165.71172319 9413.18632394 -0.00000000
28.40000000000027 -6089.15512847 9448.28582765 -0.00000000
28.45000000000027 -6010.48270315 9482.85043261 -0.00000000
28.50000000000027 -5929.59788310 9516.88083358 -0.00000000
28.55000000000027 -5846.49402905 9550.12782007 -0.00000000
28.60000000000027 -5761.44813234 9582.40571062 -0.00000000
28.650000000000272 -5674.80221213 9613.65396593 -0.00000000
28.700000000000273 -5586.77001768 9643.89899603 -0.00000000
28.750000000000274 -5497.36259022 9673.26356091 -0.00000000
28.800000000000274 -5406.56196328 9701.90534765 -0.00000000
28.850000000000275 -5314.57434403 9729.96798636 -0.00000000
28.900000000000276 -5221.88438927 9757.49167008 -0.00000000
28.950000000000276 -5128.95327985 9783.45399796 -0.00000000
29.000000000000277 -5036.34857039 9806.71794294 -0.00000000
29.050000000000278 -4943.65391642 9827.15442637 -0.00000000
29.10000000000028 -4850.31069504 9844.97738794 -0.00000000
29.15000000000028 -4756.04646364 9860.71096532 -0.00000000
29.20000000000028 -4660.98247049 9874.94362572 -0.00000000
29.25000000000028 -4565.25216559 9887.65086372 -0.00000000
29.30000000000028 -4468.71249940 9898.05111776 -0.00000000
29.350000000000282 -4371.32626366 9905.23342675 -0.00000000
29.400000000000283 -4273.38188056 9908.50233738 -0.00000000
29.450000000000284 -4175.41767344 9907.24084983 -0.00000000
29.500000000000284 -4077.62324889 9901.67501378 -0.00000000
29.550000000000285 -3979.65680901 9892.00555782 -0.00000000
29.600000000000286 -3880.60517293 9878.17719716 -0.00000000
29.650000000000286 -3779.80823404 9859.76517236 -0.00000000
29.700000000000287 -3677.15404456 9836.18245372 -0.00000000
29.750000000000288 -3572.94097223 9806.85789331 -0.00000000
29.80000000000029 -3467.61893257 9771.30108825 -0.00000000
29.85000000000029 -3361.60050065 9729.16156304 -0.00000000
29.90000000000029 -3255.10345808 9680.33965652 -0.00000000
29.95000000000029 -3148.03572097 9625.04223373 -0.00000000
30.00000000000029 -3039.74685266 9563.39766466 -0.00000000
30.050000000000292 -2929.61842569 9495.36136249 -0.00000000
30.100000000000293 -2817.67551534 9420.82033132 -0.00000000
30.150000000000293 -2704.51881363 9339.79351464 -0.00000000
30.200000000000294 -2590.93565908 9251.68035155 -0.00000000
30.250000000000295 -2477.62203113 9155.90467232 -0.00000000
30.300000000000296 -2364.00116543 9052.30965016 -0.00000000
30.350000000000296 -2249.47238784 8941.10857619 -0.00000000
30.400000000000297 -2133.99916129 8822.59457840 -0.00000000
30.450000000000298 -2018.04196424 8696.92938091 -0.00000000
30.5000000000003 -1902.50532947 8564.20988707 -0.00000000
30.5500000000003 -1787.11011274 8423.66181564 -0.00000000
30.6000000000003 -1671.44716471 8274.57795683 -0.00000000
30.6500000000003 -1555.55527347 8116.60374863 -0.00000000
30.7000000000003 -1439.82716749 7950.13264370 -0.00000000
30.750000000000302 -1324.31860318 7775.75209162 -0.00000000
30.800000000000303 -1208.99374931 7593.63972467 -0.00000000
30.850000000000303 -1093.91210577 7403.59527742 -0.00000000
30.900000000000304 -979.29266044 7205.14203027 -0.00000000
30.950000000000305 -865.90078442 6997.36909244 -0.00000000
31.000000000000306 -753.33020653 6780.40678682 -0.00000000
31.050000000000306 -640.95749926 6554.38695393 -0.00000000
31.100000000000307 -528.42242561 6319.24391462 -0.00000000
31.150000000000308 -415.78507719 6074.85797275 -0.00000000
31.20000000000031 -303.32416676 5821.15123547 -0.00000000
31.25000000000031 -191.22168506 5557.93529352 -0.00000000
31.30000000000031 -79.38812513 5284.86267385 -0.00000000
31.35000000000031 32.38927635 5001.78197721 -0.00000000
31.40000000000031 144.28772199 4708.96485670 -0.00000000
31.450000000000312 256.57974268 4407.19442602 -0.00000000
31.500000000000313 369.43723000 4096.52438526 -0.00000000
31.550000000000313 482.90937967 3776.71447795 -0.00000000
31.600000000000314 596.88242073 3447.93797778 -0.00000000
31.650000000000315 711.15793185 3110.24167562 -0.00000000
31.700000000000315 825.54917673 2763.58146126 -0.00000000
31.750000000000316 939.91691469 2408.24357953 -0.00000000
31.800000000000317 1054.21664844 2044.78463592 -0.00000000
31.850000000000318 1168.65470117 1673.42805799 -0.00000000
31.90000000000032 1283.52492222 1294.21710604 -0.00000000
31.95000000000032 1398.88773419 907.53447963 -0.00000000
32.00000000000032 1514.67322790 514.00345167 -0.00000000
32.05000000000032 1630.92913111 113.61568721 -0.00000000
32.100000000000314 1747.33160057 -293.97031901 -0.00000000
32.15000000000031 1863.35882593 -708.78014132 -0.00000000
32.20000000000031 1978.67948686 -1130.49134279 -0.00000000
32.250000000000306 2093.32294960 -1558.70874243 -0.00000000
32.3000000000003 2207.37010020 -1992.94025577 -0.00000000
32.3500000000003 2320.24989409 -2433.23310972 -0.00000000
32.4000000000003 2432.00226354 -2877.93009223 -0.00000000
32.450000000000294 2542.82931748 -3325.78938231 -0.00000000
32.50000000000029 2652.74234941 -3776.67690870 -0.00000000
32.55000000000029 2762.01169021 -4230.62545202 -0.00000000
32.600000000000286 2870.83849920 -4687.27282928 -0.00000000
32.65000000000028 2978.78033739 -5146.50661663 -0.00000000
32.70000000000028 3085.09514658 -5608.75867658 -0.00000000
32.75000000000028 3189.19120863 -6074.60390918 -0.00000000
32.800000000000274 3290.56486272 -6544.70123933 -0.00000000
32.85000000000027 3388.46007741 -7018.95959766 -0.00000000
32.90000000000027 3482.43873272 -7496.53291061 -0.00000000
32.950000000000266 3573.26556409 -7976.44990414 -0.00000000
33.00000000000026 3661.49526559 -8457.59178707 -0.00000000
33.05000000000026 3747.76216741 -8938.84685726 -0.00000000
33.10000000000026 3833.01790226 -9418.80182904 -0.00000000
33.150000000000254 3917.12926106 -9897.28525271 -0.00000000
33.20000000000025 4000.38488063 -10374.49247569 -0.00000000
33.25000000000025 4082.20700591 -10852.61895868 -0.00000000
33.300000000000246 4163.41635162 -11331.66238969 -0.00000000
33.35000000000024 4243.98105080 -11809.65443344 -0.00000000
33.40000000000024 4323.52009471 -12284.22832583 -0.00000000
33.45000000000024 4402.51127847 -12753.20758342 -0.00000000
33.500000000000234 4481.24591024 -13216.77663187 -0.00000000
33.55000000000023 4560.26845899 -13677.15870590 -0.00000000
33.60000000000023 4639.36481827 -14135.03598518 -0.00000000
33.650000000000226 4719.11842235 -14592.39433966 -0.00000000
33.70000000000022 4801.59377542 -15050.61551278 -0.00000000
33.75000000000022 4887.74965937 -15508.71652336 -0.00000000
33.80000000000022 4974.63317478 -15962.33806818 -0.00000000
33.850000000000215 5058.23634699 -16407.37754754 -0.00000000
33.90000000000021 5136.88659347 -16842.80678906 -0.00000000
33.95000000000021 5212.39634108 -17270.33777406 -0.00000000
34.000000000000206 5288.47098015 -17692.87034566 -0.00000000
34.0500000000002 5368.59273469 -18112.78166877 -0.00000000
34.1000000000002 5454.66555542 -18530.09517286 -0.00000000
34.1500000000002 5547.83420207 -18944.77322762 -0.00000000
34.200000000000195 5647.87361495 -19357.75070611 -0.00000000
34.25000000000019 5754.50495290 -19769.56199665 -0.00000000
34.30000000000019 5863.50483169 -20182.89137535 -0.00000000
34.350000000000186 5977.94012514 -20598.34457104 -0.00000000
34.40000000000018 6096.08437241 -21018.62774133 -0.00000000
34.45000000000018 6219.75292149 -21443.88591395 -0.00000000
34.50000000000018 6354.52622783 -21868.37145807 -0.00000000
34.550000000000175 6505.35491155 -22287.64156776 -0.00000000
34.60000000000017 6673.91975814 -22701.04698285 -0.00000000
34.65000000000017 6860.12289088 -23112.11635597 -0.00000000
34.700000000000166 7064.65018696 -23524.64267891 -0.00000000
34.75000000000016 7287.48197624 -23940.26184853 -0.00000000
34.80000000000016 7530.53922485 -24360.45499981 -0.00000000
34.85000000000016 7792.93049210 -24781.32752655 -0.00000000
34.900000000000155 8068.76736283 -25197.85756523 -0.00000000
34.95000000000015 8352.88317713 -25608.23207138 -0.00000000
35.00000000000015 8647.90410815 -26008.13072251 -0.00000000
35.050000000000146 8958.00714441 -26394.71573609 -0.00000000
35.10000000000014 9283.10874734 -26771.45991453 -0.00000000
35.15000000000014 9624.91277915 -27141.88904561 -0.00000000
35.20000000000014 9986.72682146 -27506.63844476 -0.00000000
35.250000000000135 10366.27591209 -27866.00106089 -0.00000000
35.30000000000013 10756.87686243 -28219.02142700 -0.00000000
35.35000000000013 11154.46274393 -28562.92152257 -0.00000000
35.40000000000013 11559.31740392 -28895.10988946 -0.00000000
35.450000000000124 11975.75005039 -29215.74602894 -0.00000000
35.50000000000012 12407.47561874 -29527.78555003 -0.00000000
35.55000000000012 12855.05868445 -29834.26494409 -0.00000000
35.600000000000115 13317.10920331 -30136.28602899 -0.00000000
35.65000000000011 13790.87145385 -30433.08754401 -0.00000000
35.70000000000011 14273.60855671 -30723.47866093 -0.00000000
35.75000000000011 14764.57305293 -31006.22197067 -0.00000000
35.800000000000104 15262.56692626 -31280.80268673 -0.00000000
35.8500000000001 15766.01576550 -31546.94968496 -0.00000000
35.9000000000001 16273.31916262 -31804.04976502 -0.00000000
35.950000000000095 16783.55354480 -32051.67277909 -0.00000000
36.00000000000009 17296.15601552 -32288.77897035 -0.00000000
36.05000000000009 17810.48289135 -32513.82547645 -0.00000000
36.10000000000009 18325.43499564 -32725.45358824 -0.00000000
36.150000000000084 18839.41837192 -32923.10163365 -0.00000000
36.20000000000008 19350.42155225 -33106.43500881 -0.00000000
36.25000000000008 19856.00650688 -33274.11572032 -0.00000000
36.300000000000075 20353.87334902 -33423.70544079 -0.00000000
36.35000000000007 20842.33876520 -33552.14677482 -0.00000000
36.40000000000007 21320.21863822 -33656.20530928 -0.00000000
36.45000000000007 21786.71539583 -33732.69736870 -0.00000000
36.500000000000064 22240.52336163 -33778.59206780 -0.00000000
36.55000000000006 22678.47891462 -33791.67630627 -0.00000000
36.60000000000006 23095.45307172 -33771.71359190 -0.00000000
36.650000000000055 23487.55978122 -33719.64587187 -0.00000000
36.70000000000005 23852.68621368 -33637.48166314 -0.00000000
36.75000000000005 24187.05212415 -33529.67396959 -0.00000000
36.80000000000005 24488.49831708 -33397.16209049 -0.00000000
36.850000000000044 24758.43350940 -33232.59180808 -0.00000000
36.90000000000004 25000.97409885 -33018.10280892 -0.00000000
36.95000000000004 25220.01555135 -32738.85019794 -0.00000000
37.000000000000036 25416.63428753 -32398.16122309 -0.00000000
37.05000000000003 25586.13170110 -32019.55608132 -0.00000000
37.10000000000003 25727.38304625 -31615.97293643 -0.00000000
37.15000000000003 25849.78849015 -31182.68107237 -0.00000000
37.200000000000024 25963.58723315 -30706.37583583 -0.00000000
37.25000000000002 26065.45303784 -30178.00091525 -0.00000000
37.30000000000002 26149.77398033 -29597.09177811 -0.00000000
37.350000000000016 26217.74982940 -28966.67049287 -0.00000000
37.40000000000001 26275.52426048 -28290.43967581 -0.00000000
37.45000000000001 26327.71770762 -27564.93539548 -0.00000000
37.50000000000001 26375.19742630 -26792.19022950 -0.00000000
37.550000000000004 26420.19674598 -25986.99210269 -0.00000000
37.6 26475.25590493 -25144.06902858 -0.00000000
37.65 26532.90658600 -24732.16755677 -0.00000000
37.699999999999996 26641.29529708 -24013.82867038 -0.00000000
37.74999999999999 26794.38386729 -23010.47291660 -0.00000000
37.79999999999999 27031.97650823 -20928.95820159 -0.00000000
37.84999999999999 27027.16893245 -19130.25929157 -0.00000000
37.899999999999984 26834.53726002 -18603.03132240 -0.00000000
37.94999999999998 26732.50897126 -18281.99273083 -0.00000000
37.99999999999998 26785.71597102 -17518.87851178 -0.00000000
38.049999999999976 26922.04846442 -16303.60823069 -0.00000000
38.09999999999997 27052.15781059 -14909.68247698 -0.00000000
38.14999999999997 27133.53062766 -13565.69180225 -0.00000000
38.19999999999997 27168.78879443 -12341.24490325 -0.00000000
38.249999999999964 27180.81484474 -11186.09881432 -0.00000000
38.29999999999996 27190.20507721 -10018.31100505 -0.00000000
38.34999999999996 27204.82900245 -8800.18475636 -0.00000000
38.399999999999956 27225.78651465 -7554.32536190 -0.00000000
38.44999999999995 27247.20261930 -6305.36393917 -0.00000000
38.49999999999995 27252.34754896 -5069.59059035 -0.00000000
38.54999999999995 27235.51371203 -3865.64170076 -0.00000000
38.599999999999945 27202.84457137 -2706.38420016 -0.00000000
38.64999999999994 27155.64556520 -1556.28615984 -0.00000000
38.69999999999994 27087.52809734 -389.09330819 -0.00000000
38.749999999999936 27001.66032766 776.69980413 -0.00000000
38.79999999999993 26888.35413360 1932.08830914 -0.00000000
38.84999999999993 26748.59509860 3067.85904675 -0.00000000
38.89999999999993 26574.46880053 4180.91675637 -0.00000000
38.949999999999925 26364.87116174 5275.73854010 -0.00000000
38.99999999999992 26138.60686082 6365.30688395 -0.00000000
39.04999999999992 25903.42273515 7460.63969292 -0.00000000
39.099999999999916 25643.28480765 8555.13409420 -0.00000000
39.14999999999991 25331.46472402 9626.53699366 -0.00000000
39.19999999999991 24980.93767726 10683.20723001 -0.00000000
39.24999999999991 24619.22342184 11733.92004114 -0.00000000
39.299999999999905 24248.66266159 12780.86384453 -0.00000000
39.3499999999999 23863.76516598 13824.27788357 -0.00000000
39.3999999999999 23465.34513846 14858.96277923 -0.00000000
39.449999999999896 23063.17826093 15878.73183046 -0.00000000
39.49999999999989 22677.69425390 16880.62615833 -0.00000000
39.54999999999989 22321.45352492 17867.00432890 -0.00000000
39.59999999999989 21983.35648839 18844.47630672 -0.00000000
39.649999999999885 21647.60681598 19816.28515246 -0.00000000
39.69999999999988 21311.66346446 20785.09797420 -0.00000000
39.74999999999988 20978.15951650 21765.18457688 -0.00000000
39.799999999999876 20644.48367974 22748.33618843 -0.00000000
39.84999999999987 20311.98084467 23707.10915256 -0.00000000
39.89999999999987 20008.01417477 24615.48384483 -0.00000000
39.94999999999987 19733.97882004 25473.31941540 -0.00000000
39.999999999999865 19485.53621440 26294.17406616 -0.00000000
40.04999999999986 19260.69132281 27090.90573008 -0.00000000
40.09999999999986 19058.19623697 27868.43031270 -0.00000000
40.14999999999986 18874.60118919 28614.26550490 -0.00000000
40.199999999999854 18720.97091128 29314.23933056 -0.00000000
40.24999999999985 18602.85814313 29959.19392669 -0.00000000
40.29999999999985 18524.47681260 30550.31667987 -0.00000000
40.349999999999845 18493.02462369 31101.89704724 -0.00000000
40.39999999999984 18492.07287810 31625.32079226 -0.00000000
40.44999999999984 18524.14400089 32126.41369327 -0.00000000
40.49999999999984 18604.14789649 32596.02247428 -0.00000000
40.549999999999834 18722.80207742 33021.33955042 -0.00000000
40.59999999999983 18861.15905523 33396.09643420 -0.00000000
40.64999999999983 19017.91299646 33716.85405953 -0.00000000
40.699999999999825 19204.95753275 33990.06818812 -0.00000000
40.74999999999982 19421.67818118 34226.59057406 -0.00000000
40.79999999999982 19668.72124466 34427.27062267 -0.00000000
40.84999999999982 19952.40904437 34588.02787199 -0.00000000
40.899999999999814 20273.07725021 34705.63952533 -0.00000000
40.94999999999981 20612.43755457 34777.07342368 -0.00000000
40.99999999999981 20970.10470103 34812.08554900 -0.00000000
41.049999999999805 21354.73584375 34818.85346892 -0.00000000
41.0999999999998 21761.79708292 34785.74681116 -0.00000000
41.1499999999998 22177.09024165 34701.14657724 -0.00000000
41.1999999999998 22600.47876573 34546.72906026 -0.00000000
41.249999999999794 23048.33012136 34342.09847338 -0.00000000
41.29999999999979 23529.08354361 34111.05119043 -0.00000000
41.34999999999979 24040.56180946 33845.72479276 -0.00000000
41.399999999999785 24574.34748774 33547.61054782 -0.00000000
41.44999999999978 25110.52321770 33197.89073258 -0.00000000
41.49999999999978 25641.39449453 32805.30343077 -0.00000000
41.54999999999978 26162.93332042 32393.39983423 -0.00000000
41.599999999999774 26667.34722709 31948.98853269 -0.00000000
41.64999999999977 27156.42023778 31465.30160599 -0.00000000
41.69999999999977 27668.97838130 30946.00579474 -0.00000000
41.749999999999766 28194.72635628 30415.98872555 -0.00000000
41.79999999999976 28691.01021295 29898.41740197 -0.00000000
41.84999999999976 29134.51676910 29379.69772454 -0.00000000
41.89999999999976 29529.36323252 28847.24546772 -0.00000000
41.949999999999754 29890.75453308 28290.00704874 -0.00000000
41.99999999999975 30215.20078309 27705.67989273 -0.00000000
42.04999999999975 30475.31115840 27098.85944044 -0.00000000
42.099999999999746 30681.59274026 26443.54067952 -0.00000000
42.14999999999974 30857.46482303 25712.76323865 -0.00000000
42.19999999999974 31016.51073937 24932.45805594 -0.00000000
42.24999999999974 31156.61060944 24129.22700630 -0.00000000
42.299999999999734 31260.62793989 23300.49847329 -0.00000000
42.34999999999973 31303.61430841 22438.19164345 -0.00000000
42.39999999999973 31263.96011870 21542.04673271 -0.00000000
42.449999999999726 31182.47796012 20592.57153888 -0.00000000
42.49999999999972 31098.69035579 19585.16761260 -0.00000000
42.54999999999972 31017.79874191 18538.86966807 -0.00000000
42.59999999999972 30919.17010868 17453.73060881 -0.00000000
42.649999999999714 30789.10209831 16335.35577708 -0.00000000
42.69999999999971 30631.52078779 15192.05894566 -0.00000000
42.74999999999971 30462.89287132 14008.73576307 -0.00000000
42.799999999999706 30295.79255969 12765.94010560 -0.00000000
42.8499999999997 30129.38793855 11459.84848689 -0.00000000
42.8999999999997 29952.16340352 10106.89784787 -0.00000000
42.9499999999997 29729.56640170 8741.14226466 -0.00000000
42.999999999999694 29485.21558181 7400.58006338 -0.00000000
43.04999999999969 29241.37550092 6070.07678799 -0.00000000
43.09999999999969 29022.27066110 4746.11872495 -0.00000000
43.149999999999686 28837.87470447 3432.03949059 -0.00000000
43.19999999999968 28681.55647823 2128.18160477 -0.00000000
43.24999999999968 28628.67458548 1517.27930291 -0.00000000
43.29999999999968 28443.85775972 -626.79345279 -0.00000000
43.349999999999675 28195.11854416 -2180.48018701 -0.00000000
43.39999999999967 27975.35080506 -3268.65679944 -0.00000000
43.44999999999967 27793.88135751 -4234.08870120 -0.00000000
43.499999999999666 27628.93462957 -5294.56475678 -0.00000000
43.54999999999966 27437.42642868 -6465.59297976 -0.00000000
43.59999999999966 27181.20731155 -7645.22622198 -0.00000000
43.64999999999966 26911.03972835 -8752.12528708 -0.00000000
43.699999999999655 26653.37842917 -9754.06945281 -0.00000000
43.74999999999965 26406.89732731 -10687.66083614 -0.00000000
43.79999999999965 26156.94324550 -11591.48850439 -0.00000000
43.849999999999646 25878.16608322 -12468.48466694 -0.00000000
43.89999999999964 25583.49618928 -13318.98240143 -0.00000000
43.94999999999964 25297.69330662 -14154.57713210 -0.00000000
43.99999999999964 25034.44071285 -14987.84683623 -0.00000000
44.049999999999635 24772.00155412 -15812.57522486 -0.00000000
44.09999999999963 24492.65724307 -16588.09579417 -0.00000000
44.14999999999963 24179.23834219 -17315.90123979 -0.00000000
44.199999999999626 23844.86506746 -18000.92561092 -0.00000000
44.24999999999962 23493.19004346 -18662.81581597 -0.00000000
44.29999999999962 23131.71720402 -19297.54411746 -0.00000000
44.34999999999962 22778.33549678 -19892.94419698 -0.00000000
44.399999999999615 22452.60126685 -20456.89101636 -0.00000000
44.44999999999961 22154.69124191 -21000.56539155 -0.00000000
44.49999999999961 21839.73309919 -21529.58243889 -0.00000000
44.549999999999606 21543.11563331 -22076.35504792 -0.00000000
44.5999999999996 21222.90987909 -22600.00670138 -0.00000000
44.6499999999996 20873.73113290 -23067.78391403 -0.00000000
44.6999999999996 20513.23994235 -23469.73743491 -0.00000000
44.749999999999595 20179.21457052 -23818.07513483 -0.00000000
44.79999999999959 19900.07789477 -24138.38107000 -0.00000000
44.84999999999959 19645.94833820 -24466.81240046 -0.00000000
44.89999999999959 19400.35315517 -24779.30728673 -0.00000000
44.949999999999584 19187.33598983 -25058.28333679 -0.00000000
44.99999999999958 19019.39737217 -25305.23502312 -0.00000000
45.04999999999958 18878.81098387 -25523.95290713 -0.00000000
45.099999999999575 18757.68802154 -25718.46004810 -0.00000000
45.14999999999957 18657.22791435 -25910.72953074 -0.00000000
45.19999999999957 18583.65379170 -26089.91937008 -0.00000000
45.24999999999957 18540.51942187 -26240.42083651 -0.00000000
45.299999999999564 18524.21129500 -26356.35829392 -0.00000000
45.34999999999956 18532.80666911 -26441.85402926 -0.00000000
45.39999999999956 18566.38161167 -26508.63700778 -0.00000000
45.449999999999555 18628.80780041 -26564.54795188 -0.00000000
45.49999999999955 18720.55992787 -26602.79722803 -0.00000000
45.54999999999955 18834.80159792 -26628.59768152 -0.00000000
45.59999999999955 18973.75677608 -26646.91735391 -0.00000000
45.649999999999544 19110.52312667 -26659.15009169 -0.00000000
45.69999999999954 19257.90031756 -26656.72324365 -0.00000000
45.74999999999954 19441.20118713 -26641.95361160 -0.00000000
45.799999999999535 19670.37072789 -26590.32522201 -0.00000000
45.84999999999953 19938.84622819 -26489.00076651 -0.00000000
45.89999999999953 20244.97291244 -26349.82921743 -0.00000000
45.94999999999953 20583.75519814 -26208.56623663 -0.00000000
45.999999999999524 20961.23552687 -26086.26980607 -0.00000000
46.04999999999952 21363.77088906 -25974.76447500 -0.00000000
46.09999999999952 21778.82280735 -25839.76428305 -0.00000000
46.149999999999515 22232.50249365 -25692.22774078 -0.00000000
46.19999999999951 22718.69435132 -25525.70536717 -0.00000000
46.24999999999951 23232.51680557 -25329.77416130 -0.00000000
46.29999999999951 23752.03593866 -25093.06795408 -0.00000000
46.349999999999504 24275.48658919 -24818.34907771 -0.00000000
46.3999999999995 24815.99741967 -24515.73677516 -0.00000000
46.4499999999995 25384.78499802 -24197.60849212 -0.00000000
46.499999999999496 25984.90511602 -23880.68233156 -0.00000000
46.54999999999949 26599.54326001 -23559.38709607 -0.00000000
46.59999999999949 27209.36250309 -23215.31783877 -0.00000000
46.64999999999949 27812.10002453 -22826.09225855 -0.00000000
46.699999999999484 28420.91937104 -22378.02313815 -0.00000000
46.74999999999948 29036.38969553 -21888.08816280 -0.00000000
46.79999999999948 29669.59657896 -21395.74426125 -0.00000000
46.849999999999476 30302.18406214 -20899.19749360 -0.00000000
46.89999999999947 30913.41269614 -20361.34646512 -0.00000000
46.94999999999947 31503.52285404 -19774.56285164 -0.00000000
46.99999999999947 32084.74082173 -19155.65943710 -0.00000000
47.049999999999464 32658.66672900 -18520.44584683 -0.00000000
47.09999999999946 33228.22425718 -17884.02582058 -0.00000000
47.14999999999946 33785.50132177 -17242.08904853 -0.00000000
47.199999999999456 34313.24681903 -16595.52259428 -0.00000000
47.24999999999945 34800.82653058 -15940.23503282 -0.00000000
47.29999999999945 35260.65852670 -15255.08011298 -0.00000000
47.34999999999945 35715.26931283 -14529.28024349 -0.00000000
47.399999999999444 36155.50365601 -13800.80653750 -0.00000000
47.44999999999944 36576.53678433 -13088.59742175 -0.00000000
47.49999999999944 36984.20573902 -12378.24576063 -0.00000000
47.549999999999436 37360.86073891 -11670.05800283 -0.00000000
47.59999999999943 37683.51764610 -10948.04405481 -0.00000000
47.64999999999943 37966.12438321 -10199.95737605 -0.00000000
47.69999999999943 38217.23462001 -9429.83203283 -0.00000000
47.749999999999424 38460.84862427 -8647.56454670 -0.00000000
47.79999999999942 38698.31691886 -7866.93622661 -0.00000000
47.84999999999942 38908.59936319 -7092.69843257 -0.00000000
47.899999999999416 39072.57747927 -6322.28794122 -0.00000000
47.94999999999941 39188.08890360 -5547.96097562 -0.00000000
47.99999999999941 39261.17459246 -4763.82114341 -0.00000000
48.04999999999941 39287.29707424 -3980.31015588 -0.00000000
48.099999999999405 39271.84737267 -3210.23144485 -0.00000000
48.1499999999994 39216.55859485 -2467.17874381 -0.00000000
48.1999999999994 39123.57372956 -1751.25995527 -0.00000000
48.249999999999396 39029.90130566 -1208.60677763 -0.00000000
48.29999999999939 38834.64576069 -356.08879518 -0.00000000
48.34999999999939 38632.08026981 401.27573007 -0.00000000
48.39999999999939 38409.46986944 1036.59224575 -0.00000000
48.449999999999385 38163.16124131 1633.91776364 -0.00000000
48.49999999999938 37892.82366990 2233.47270932 -0.00000000
48.54999999999938 37598.51545273 2850.73846937 -0.00000000
48.599999999999376 37282.59302835 3484.93990626 -0.00000000
48.64999999999937 36941.51038749 4114.55361759 -0.00000000
48.69999999999937 36575.63436279 4723.05953377 -0.00000000
48.74999999999937 36190.22469500 5307.03729012 -0.00000000
48.799999999999365 35790.18656761 5867.89519686 -0.00000000
48.84999999999936 35380.99549729 6411.78652929 -0.00000000
48.89999999999936 34965.04715224 6956.94262021 -0.00000000
48.949999999999356 34581.10270947 7545.19153834 -0.00000000
48.99999999999935 34214.37539301 8161.89374879 -0.00000000
49.04999999999935 33859.11519005 8781.39536514 -0.00000000
49.09999999999935 33462.90233252 9388.45416981 -0.00000000
49.149999999999345 33033.19572039 9984.27128674 -0.00000000
49.19999999999934 32598.21185429 10575.47789829 -0.00000000
49.24999999999934 32202.99200496 11171.21472885 -0.00000000
49.299999999999336 31857.72118576 11785.10483036 -0.00000000
49.34999999999933 31505.60490948 12410.35419878 -0.00000000
49.39999999999933 31122.79751949 13048.97965902 -0.00000000
49.44999999999933 30765.00422001 13727.75873054 -0.00000000
49.499999999999325 30353.81449620 14427.54959506 -0.00000000
49.54999999999932 29893.39013405 15135.82020684 -0.00000000
49.59999999999932 29432.29426968 15818.63655012 -0.00000000
49.64999999999932 28987.03762474 16473.29216185 -0.00000000
49.699999999999314 28563.51937167 17127.16084620 -0.00000000
49.74999999999931 28136.16924924 17768.90800278 -0.00000000
49.79999999999931 27742.44677346 18442.60800235 -0.00000000
49.849999999999305 27358.23913128 19135.28172769 -0.00000000
49.8999999999993 27022.24021022 19862.49389083 -0.00000000
49.9499999999993 26739.60751806 20612.70264129 -0.00000000
49.9999999999993 26421.93385585 21358.04109066 -0.00000000
50.049999999999294 26031.39519577 22099.34991062 -0.00000000
