# (1): time [s] (2): displacement/rotation [m/rad] (3): support force/ moment [N]/[N m]
0.05 0.0 0.0
0.1 3.494174444082712e-05 1241.5003009737372
0.15000000000000002 0.00017516410470570426 6223.681507378666
0.2 0.00041364149528485633 14696.920520411764
0.25 0.0006868818478354273 24405.30759032973
0.3 0.0009438308379110565 33534.853170230956
0.35 0.0011647641824097943 41384.74212339464
0.39999999999999997 0.0013560104438483617 48179.83192030413
0.44999999999999996 0.0015312194448422606 54405.108618655606
0.49999999999999994 0.0017012250766949844 60445.506615092636
0.5499999999999999 0.0018702814977225664 66452.1786043151
0.6 0.002036135789876279 72345.07711072253
0.65 0.0021925462867619667 77902.43213310493
0.7000000000000001 0.002332683521768344 82881.5887900565
0.7500000000000001 0.002451770468302723 87112.8165759173
0.8000000000000002 0.0025480740837087665 90534.5394871456
0.8500000000000002 0.0026224009201241657 93175.4147856417
0.9000000000000002 0.002676771278566987 95107.22492995557
0.9500000000000003 0.002713013017655489 96394.9147893552
1.0000000000000002 0.002731874780061283 97065.08406906431
1.0500000000000003 0.002732934846439208 97102.74883790476
1.1000000000000003 0.002715153412031896 96470.96423408204
1.1500000000000004 0.002677626993897724 95137.62898841512
1.2000000000000004 0.0026201292302987355 93094.70033800538
1.2500000000000004 0.0025432572055275374 90363.39303159651
1.3000000000000005 0.0024482438531566925 86987.51390899894
1.3500000000000005 0.002336619225106024 83021.42659599512
1.4000000000000006 0.0022099067638226134 78519.2598799949
1.4500000000000006 0.0020694697315659723 73529.45125410504
1.5000000000000007 0.0019165249183501355 68095.23396820531
1.5500000000000007 0.0017522615044168906 62258.86028106866
1.6000000000000008 0.0015779742470366169 56066.33366408974
1.6500000000000008 0.001395142362746409 49570.21153262939
1.7000000000000008 0.0012054318110868165 42829.68638849602
1.7500000000000009 0.0010106389474652997 35908.583773737024
1.800000000000001 0.0008126119998020107 28872.572290646218
1.850000000000001 0.0006131839239353276 21786.777915657665
1.900000000000001 0.0004141341652616151 14714.425368387014
1.950000000000001 0.00021717937731805423 7716.508337534812
2.000000000000001 2.398120328949893e-05 852.065962306046
2.0500000000000007 -0.000163843926208279 -5821.469046709166
2.1000000000000005 -0.0003447236633653776 -12248.230266398079
2.1500000000000004 -0.0005171403383739219 -18374.294014545958
2.2 -0.000679649978307045 -24148.355101558194
2.25 -0.0008309037638566193 -29522.48920070761
2.3 -0.0009696668943206281 -34452.823131999074
2.3499999999999996 -0.0010948320929212202 -38900.01471389693
2.3999999999999995 -0.0012054272947118545 -42829.52591909289
2.4499999999999993 -0.0013006197101664283 -46211.76725616773
2.499999999999999 -0.0013797188029801165 -49022.20357256988
2.549999999999999 -0.001442179429729704 -51241.46560855498
2.5999999999999988 -0.0014876051794798805 -52855.468655320634
2.6499999999999986 -0.0015157512941796369 -53855.51631837205
2.6999999999999984 -0.0015265266402320744 -54238.37056853268
2.7499999999999982 -0.0015199939389282137 -54006.25992939017
2.799999999999998 -0.0014963678186737405 -53166.810271791
2.849999999999998 -0.0014560111312813988 -51732.913929587965
2.8999999999999977 -0.0013994299242522323 -49722.551061897524
2.9499999999999975 -0.0013272673288632307 -47158.57249333437
2.9999999999999973 -0.0012402966946556252 -44068.45577842707
3.049999999999997 -0.0011394139545316529 -40484.03392910963
3.099999999999997 -0.0010256289499960955 -36441.187195558035
3.149999999999997 -0.0009000555130933691 -31979.490671703803
3.1999999999999966 -0.0007639005757290712 -27141.82734315721
3.2499999999999964 -0.0006184524152358146 -21973.97044539266
3.2999999999999963 -0.00046506835448434 -16524.146441613702
3.349999999999996 -0.0003051619794211529 -10842.580854504542
3.399999999999996 -0.00014019026131735206 -4981.040712315378
3.4499999999999957 2.8359151317462118e-05 1007.6169767543396
3.4999999999999956 0.00019898074514777724 7069.900456953153
3.5499999999999954 0.00037016425905185427 13152.149280950984
3.599999999999995 0.0005404079795760778 19201.00670498832
3.649999999999995 0.0007082319322475158 25163.888383807567
3.699999999999995 0.0008721909300000224 30989.445988746393
3.7499999999999947 0.001030887335391054 36628.02065665018
3.7999999999999945 0.0011829831768618386 42032.07348757298
3.8499999999999943 0.0013272114291134234 47156.586343034185
3.899999999999994 0.0014623863869816212 51959.43043576911
3.949999999999994 0.0015874131407053317 56401.70299146872
3.999999999999994 0.001701296175693864 60448.032803464754
4.049999999999994 0.001803147087872759 64066.85436340959
4.099999999999993 0.0018921913631924174 67230.64874112177
4.149999999999993 0.001967774143964852 69916.14846585125
4.199999999999993 0.002029364904613814 72104.50365837403
4.249999999999993 0.0020765609786564908 73781.4073466827
4.299999999999993 0.0021090899043113096 74937.17880678253
4.3499999999999925 0.0021268105793417038 75566.80459495544
4.399999999999992 0.0021297105887362997 75669.84359869821
4.449999999999992 0.0021179076501298254 75250.47839335974
4.499999999999992 0.0020916533760445177 74317.6489167446
4.549999999999992 0.002051323228860795 72884.69556343682
4.599999999999992 0.001997411027354307 70969.16399889774
4.6499999999999915 0.0019305234974852606 68592.61154587302
4.699999999999991 0.001851375197736217 65780.42687872218
4.749999999999991 0.0017607821319448333 62561.60308368803
4.799999999999991 0.0016596536344484108 58968.449333409546
4.849999999999991 0.0015489830405616355 55036.25940362362
4.899999999999991 0.0014298378009284217 50802.96043039349
4.94999999999999 0.0013033493761501428 46308.75386043067
4.99999999999999 0.0011707028457239815 41595.74625069088
5.04999999999999 0.0010331261282717212 36707.56625689556
5.09999999999999 0.0008918788083953282 31688.967645276713
5.14999999999999 0.0007482406857049093 26585.422432946252
5.1999999999999895 0.0006035002287803767 21442.710650505265
5.249999999999989 0.0004589431077574256 16306.512898220337
5.299999999999989 0.00031584092379873484 11222.00989764524
5.349999999999989 0.0001754402026315485 6233.491425673224
5.399999999999989 3.895170443950625e-05 1383.9764888378982
5.449999999999989 -9.245988107678156e-05 -3285.1528171185673
5.4999999999999885 -0.00021768576261737427 -7734.500498818549
5.549999999999988 -0.00033568229724854003 -11926.985321851118
5.599999999999988 -0.000445479570941723 -15828.145682262584
5.649999999999988 -0.0005461892379094532 -19406.418142675615
5.699999999999988 -0.0006370115645200505 -22633.387706634872
5.749999999999988 -0.0007172416683692358 -25484.009496414063
5.799999999999987 -0.0007862748705248538 -27936.798921353027
5.849999999999987 -0.0008436110415556456 -29973.98609476264
5.899999999999987 -0.0008888579834747621 -31581.635996325327
5.949999999999987 -0.0009217338520948224 -32749.734539765188
5.999999999999987 -0.0009420685951617231 -33472.23967057036
6.0499999999999865 -0.0009498044162042963 -33747.097846838515
6.099999999999986 -0.0009449952186834009 -33576.22428957394
6.149999999999986 -0.0009278050626356594 -32965.44814635081
6.199999999999986 -0.0008985056878319525 -31924.424487708216
6.249999999999986 -0.0008574731321724364 -30466.51415677784
6.299999999999986 -0.0008051834661718471 -28608.63221309057
6.349999999999985 -0.0007422076761836648 -26371.06613058457
6.399999999999985 -0.0006692057539902219 -23777.26579733838
6.449999999999985 -0.0005869200606327686 -20853.6077286317
6.499999999999985 -0.0004961680263474128 -17629.135691465686
6.549999999999985 -0.0003978342516915401 -14135.280053036098
6.5999999999999845 -0.0002928620868620913 -10405.558589062717
6.649999999999984 -0.00018224477456651092 -6475.261784893827
6.699999999999984 -6.701624294877759e-05 -2381.1257028662244
6.749999999999984 5.1758367239050125e-05 1839.0045927446222
6.799999999999984 0.00017299235850237713 6146.518114187602
6.849999999999984 0.00029558723212013506 10502.384569339345
6.8999999999999835 0.0004184424583428968 14867.501502469337
6.949999999999983 0.0005404651754097002 19203.038905892794
6.999999999999983 0.0006605797319374627 23470.77826656148
7.049999999999983 0.0007777369889973279 27633.44307419285
7.099999999999983 0.000890923301526538 31655.01793600577
7.149999999999983 0.0009991691037959315 35501.05362332461
7.199999999999982 0.0011015570294363186 39138.95558079219
7.249999999999982 0.0011972295007597283 42538.25357932403
7.299999999999982 0.0012853957242969685 45670.850271586096
7.349999999999982 0.001365338032981149 48511.24653342757
7.399999999999982 0.001436417522492298 51036.74172645069
7.4499999999999815 0.0014980789290695467 53227.60700948651
7.499999999999981 0.0015498546863725018 55067.22948121564
7.549999999999981 0.0015913682404146725 56542.229961661724
7.599999999999981 0.001622336583405897 57642.55302107201
7.649999999999981 0.001642571921928221 58361.52625116688
7.699999999999981 0.0016519824472273864 58695.88763404002
7.7499999999999805 0.0016505722261540825 58645.7816672383
7.79999999999998 0.0016384402501346956 58214.72557314483
7.84999999999998 0.001615778676767468 57409.54682187796
7.89999999999998 0.001582870289181784 56240.29286086364
7.94999999999998 0.0015400851910382562 54720.11368628539
7.99999999999998 0.0014878767603856812 52865.11808129195
8.04999999999998 0.0014267769001336768 50694.20486255509
8.09999999999998 0.0013573906370697158 48228.870980234715
8.14999999999998 0.0012803901288593652 45492.99858324634
8.199999999999982 0.0011965081386097903 42512.62316674472
8.249999999999982 0.0011065310368900685 39315.68492987589
8.299999999999983 0.001011291397228338 35931.765689527005
8.349999999999984 0.0009116602557197603 32391.813859739985
8.399999999999984 0.0008085391048068774 28727.859986117306
8.449999999999985 0.0007028516923066071 24972.725360528617
8.499999999999986 0.0005955356998445183 21159.72635108864
8.549999999999986 0.000487534375964586 17322.377121728754
8.599999999999987 0.000379788198068942 13494.093376114897
8.649999999999988 0.0002732266354911081 9707.899694896361
8.699999999999989 0.00016876008426153018 5996.142973280914
8.74999999999999 6.727204289397761e-05 2390.214422220025
8.79999999999999 -3.038840282514411e-05 -1079.7174513544269
8.84999999999999 -0.00012341372267700605 -4384.960633756082
8.899999999999991 -0.00021104465554767636 -7498.538140391043
8.949999999999992 -0.00029257643652289683 -10395.409268021127
8.999999999999993 -0.00036736447962197784 -13052.671505571509
9.049999999999994 -0.0004348294707162109 -15449.741488454656
9.099999999999994 -0.000494461839585102 -17568.51389330351
9.149999999999995 -0.000545825585177806 -19393.497351712973
9.199999999999996 -0.0005885614277566722 -20911.92644771528
9.249999999999996 -0.0006223892626280446 -22113.848900248235
9.299999999999997 -0.0006471098949894541 -22992.187203275
9.349999999999998 -0.0006626060423945433 -23542.77424394011
9.399999999999999 -0.0006688426023601109 -23764.36281080188
9.45 -0.000665864512140495 -23658.549550383774
9.5 -0.0006538000609101622 -23229.892650929138
9.55 -0.0006328567560820507 -22485.764970311553
9.600000000000001 -0.0006033172443528328 -21436.209108424162
9.650000000000002 -0.000565536004074423 -20093.819885234694
9.700000000000003 -0.0005199363776771433 -18473.638901071652
9.750000000000004 -0.00046700690698774756 -16593.024328363448
9.800000000000004 -0.00040729659480605204 -14471.482552727473
9.850000000000005 -0.0003414092803548121 -12130.468329465375
9.900000000000006 -0.00026999751514481695 -9593.167189523314
9.950000000000006 -0.00019375622646602004 -6884.270299682992
10.000000000000007 -0.00011341625443987503 -4029.7448303095
10.050000000000008 -2.9737719068659607e-05 -1056.5982827942464
10.100000000000009 5.6496835954928106e-05 2007.365114838175
10.15000000000001 0.00014448951093205549 5133.79552682255
10.20000000000001 0.0002334342455882731 8294.05316744278
10.25000000000001 0.0003225240279772433 11459.464437532564
10.300000000000011 0.00041095801763089246 14601.575014102133
10.350000000000012 0.000497948516088452 17692.397517249006
10.400000000000013 0.0005827277417133072 20704.652223301873
10.450000000000014 0.0006645543708842457 23611.999477112357
10.500000000000014 0.0007427197997831686 26389.262176978205
10.550000000000015 0.0008165540719239081 29012.636383155503
10.600000000000016 0.0008854314142969663 31459.88802026921
10.650000000000016 0.000948775330635324 33710.53384398026
10.700000000000017 0.0010060632102497833 35746.00519555926
10.750000000000018 0.0010568304199623595 37549.79339063623
10.800000000000018 0.001100673846366609 39107.57557774982
10.85000000000002 0.001137254823236136 40407.31875085729
10.90000000000002 0.0011663014880748171 41439.36347892102
10.95000000000002 0.001187610574654877 42196.48759581853
11.000000000000021 0.00120104859419173 42673.94816816479
11.050000000000022 0.001206552375480884 42869.50068668743
11.100000000000023 0.0012041289661888876 42783.395559037286
11.150000000000023 0.0011938549103030968 42418.35243716251
11.200000000000024 0.0011758749218441112 41779.513093547685
11.250000000000025 0.0011503999752884714 40874.37357283267
11.300000000000026 0.0011177048346612101 39712.69639904808
11.350000000000026 0.0010781250477589046 38306.40377862946
11.400000000000027 0.0010320534356916577 36669.4528718224
11.450000000000028 0.0009799361117565327 34817.69434096321
11.500000000000028 0.0009222680689701622 32768.71557297155
11.55000000000003 0.0008595883807013254 30541.670155062275
11.60000000000003 0.000792475060523685 28157.09524235322
11.65000000000003 0.0007215396290779996 25636.718515350993
11.700000000000031 0.0006474214373293712 23003.256482012017
11.750000000000032 0.0005707817971936826 20280.20593552007
11.800000000000033 0.0004922979696224935 17491.63034748066
11.850000000000033 0.0004126570602564873 14661.942976972885
11.900000000000034 0.0003325498895312766 11815.689071878804
11.950000000000035 0.0002526648934415444 8977.329159521187
12.000000000000036 0.00017368208406756845 6171.024460693124
12.050000000000036 9.626714500913776e-05 3420.427097024977
12.100000000000037 2.106572811058548e-05 748.4774503405906
12.150000000000038 -5.130201299860876e-05 -1822.790063792925
12.200000000000038 -0.00012024661702307741 -4272.4315461134565
12.250000000000039 -0.00018521423886185378 -6580.768561255324
12.30000000000004 -0.00024569122314927226 -8729.550638291106
12.35000000000004 -0.00030120823230910394 -10702.101942872201
12.400000000000041 -0.0003513439036536441 -12483.451216065318
12.450000000000042 -0.00039572805115627 -14060.445535175175
12.500000000000043 -0.00043404441863322435 -15421.848135878676
12.550000000000043 -0.0004660329652757369 -16558.419618497293
12.600000000000044 -0.0004914916490249999 -17462.9813123369
12.650000000000045 -0.0005102776877916899 -18130.46008754363
12.700000000000045 -0.0005223082826837882 -18557.91405180483
12.750000000000046 -0.0005275607899133053 -18744.53865829393
12.800000000000047 -0.0005260723468240835 -18691.653418222973
12.850000000000048 -0.000517938997810432 -18402.67084422834
12.900000000000048 -0.0005033143422268858 -17883.048409825922
12.950000000000049 -0.00048240763378347066 -17140.221019830406
13.00000000000005 -0.00045548138308065914 -16183.51582704171
13.05000000000005 -0.0004228485051685252 -15024.050883379197
13.100000000000051 -0.0003848690707393034 -13674.61970788248
13.150000000000052 -0.00034194671863895177 -12149.563821181428
13.200000000000053 -0.0002945247349213832 -10464.633432035136
13.250000000000053 -0.0002430818138897991 -8636.836824689564
13.300000000000054 -0.00018812755489655493 -6684.280357583587
13.350000000000055 -0.00013019768894132229 -4625.998861632976
13.400000000000055 -6.984906427095482e-05 -2481.777475706121
13.450000000000056 -7.654485291829747e-06 -271.9682702075399
13.500000000000057 5.580250024578473e-05 1982.6949672633132
13.550000000000058 0.00011993280572153713 4261.2816498634
13.600000000000058 0.0001841469656418533 6542.847729165911
13.650000000000059 0.00024786025870988324 8806.617720785558
13.70000000000006 0.0003104977668768291 11032.164455385493
13.75000000000006 0.00037149931702701446 13199.584659593447
13.800000000000061 0.00043032424068051544 15289.668070977066
13.850000000000062 0.00048645598294105765 17284.061196616727
13.900000000000063 0.0005394065420808456 19165.42505411102
13.950000000000063 0.0005887205829671177 20917.581323990966
14.000000000000064 0.0006339791449471298 22525.64409300862
14.050000000000065 0.0006748029696104734 23976.13809144851
14.100000000000065 0.0007108554541739889 25257.103628594316
14.150000000000066 0.0007418451959109771 26358.186997763918
14.200000000000067 0.0007675281003461599 27270.715381690374
14.250000000000068 0.0007877090365526215 27987.755666175402
14.300000000000068 0.0008022430511841646 28504.15757535811
14.350000000000069 0.0008110361373239177 28816.580989348746
14.40000000000007 0.0008140456043866239 28923.50908707001
14.45000000000007 0.0008112800633681171 28825.24782216248
14.500000000000071 0.0008027989654605832 28523.90952971912
14.550000000000072 0.0007887116512185228 28023.379142604437
14.600000000000072 0.0007691759136302432 27329.263136557114
14.650000000000073 0.0007443961156692613 26448.822645707394
14.700000000000074 0.0007146209232925811 25390.8929147004
14.750000000000075 0.0006801406992402195 24165.790698892553
14.800000000000075 0.000641284576575054 22785.210285537163
14.850000000000076 0.0005984172226227945 21262.108514708172
14.900000000000077 0.0005519353137143317 19610.579524865774
14.950000000000077 0.0005022637567478408 17845.72050278219
15.000000000000078 0.0004498517048987101 15983.4901194211
15.050000000000079 0.0003951684078711856 14040.561086988942
15.10000000000008 0.00033869890662536654 12034.167190105936
15.15000000000008 0.0002809396218144846 9981.94654044222
15.200000000000081 0.00022239388782378707 7901.782898547679
15.250000000000082 0.0001635674720649219 5811.646471801249
15.300000000000082 0.00010496411330803753 3729.4353887812176
15.350000000000083 4.708113090349007e-05 1672.8196923840594
15.400000000000084 -9.594859084718468e-06 -340.9108684213306
15.450000000000085 -6.45921413730349e-05 -2294.9959779759283
15.500000000000085 -0.0001174579508056577 -4173.348629572044
15.550000000000086 -0.00016776226524991243 -5960.689889210122
15.600000000000087 -0.00021510134205838917 -7642.674548134939
15.650000000000087 -0.0002591010089164852 -9206.008048543808
15.700000000000088 -0.00029941968022512177 -10638.55365740147
15.750000000000089 -0.0003357510692300446 -11929.428829955903
15.80000000000009 -0.0003678265887884857 -13069.090510360287
15.85000000000009 -0.0003954173463804864 -14049.406015574126
15.900000000000091 -0.0004183356988603826 -14863.70827657881
15.950000000000092 -0.0004364364400871852 -15506.838035568919
16.000000000000092 -0.0004496176710725905 -15975.174762812112
16.050000000000093 -0.00045782133187783264 -16266.655555250576
16.100000000000094 -0.0004610320907467505 -16380.735666759207
16.150000000000095 -0.0004592761971380109 -16318.347755720026
16.200000000000095 -0.00045262387305088433 -16081.98685020403
16.250000000000096 -0.0004411982689041643 -15676.028555506367
16.300000000000097 -0.0004251613697644419 -15106.228294321138
16.350000000000097 -0.00040470688028306184 -14379.468504454266
16.400000000000098 -0.00038006096648902205 -13503.784995152379
16.4500000000001 -0.00035148509275436665 -12488.467746116874
16.5000000000001 -0.00031927583464857855 -11344.054258112721
16.5500000000001 -0.0002837610612910479 -10082.19390975329
16.6000000000001 -0.0002452945749307278 -8715.457498678757
16.6500000000001 -0.00020425134788214745 -7257.168007149874
16.700000000000102 -0.0001610240833468609 -5721.278406053609
16.750000000000103 -0.00011602052134907026 -4122.275933244477
16.800000000000104 -6.966054045568314e-05 -2475.079115989225
16.850000000000104 -2.237254745131403e-05 -794.9094940406501
16.900000000000105 2.541069032770575e-05 902.8564599349565
16.950000000000106 7.325632384244698e-05 2602.839370330951
17.000000000000107 0.00012073547882195588 4289.801087335704
17.050000000000107 0.00016742694489070532 5948.775763755302
17.100000000000108 0.00021292059778867423 7565.191448463635
17.15000000000011 0.0002568207301211491 9124.988429860832
17.20000000000011 0.0002987493570406354 10614.736688655137
17.25000000000011 0.0003383494323554742 12021.750168054028
17.30000000000011 0.00037528785851798584 13334.193720376248
17.35000000000011 0.0004092582040661606 14541.1796593199
17.400000000000112 0.0004399831057173472 15632.853107734421
17.450000000000113 0.0004672163748964575 16600.466843780734
17.500000000000114 0.000490744831506797 17436.44645586482
17.550000000000114 0.0005103898653744051 18134.445821654284
17.600000000000115 0.0005260087007665537 18689.392037148747
17.650000000000116 0.0005374953245886815 19097.518396051455
17.700000000000117 0.0005447810339607455 19356.38384547235
17.750000000000117 0.0005478346631818052 19464.881050110424
17.800000000000118 0.0005466625032444563 19423.23353255524
17.85000000000012 0.0005413078551465075 19232.97980219356
17.90000000000012 0.0005318502187591526 18896.944535228413
17.95000000000012 0.0005184042032513178 18419.19986142874
18.00000000000012 0.0005011181775349258 17805.017413672496
18.05000000000012 0.00048017264924719486 17060.810732254264
18.100000000000122 0.0004557783749088531 16194.06811771838
18.150000000000123 0.0004281742187215031 15213.276552696281
18.200000000000124 0.0003976247664894201 14127.836923173994
18.250000000000124 0.0003644177723838499 12947.973300557369
18.300000000000125 0.00032886144439866187 11684.636492348292
18.350000000000126 0.0002912815449310491 10349.401024107323
18.400000000000126 0.00025201831556190713 8954.355875129731
18.450000000000127 0.00021142329154843004 7511.991295533061
18.500000000000128 0.00016985606182941647 6035.083687379934
18.55000000000013 0.00012768097935471554 4536.57872078892
18.60000000000013 8.526379510681025e-05 3029.471738783121
18.65000000000013 4.2968301447178653e-05 1526.6884934534712
18.70000000000013 1.153243412696438e-06 40.975402541313876
18.75000000000013 -3.9830620437081245e-05 -1415.2048803501725
18.800000000000132 -7.964347384576376e-05 -2829.778487950303
18.850000000000133 -0.00011795932110505201 -4191.162605020563
18.900000000000134 -0.00015446869016798732 -5488.361511524914
18.950000000000134 -0.00018888113870618075 -6711.055624286248
19.000000000000135 -0.00022092762710644524 -7849.685810923203
19.050000000000136 -0.0002503627215739866 -8895.53166737518
19.100000000000136 -0.0002769665812055915 -9840.782119756965
19.150000000000137 -0.000300546709045099 -10678.597640367956
19.200000000000138 -0.0003209394073799384 -11403.161955216181
19.25000000000014 -0.00033801086406798093 -12009.720641836902
19.30000000000014 -0.00035165792965806316 -12494.608740832293
19.35000000000014 -0.0003618086561934124 -12855.269899867428
19.40000000000014 -0.0003684226198613419 -13090.267837599738
19.45000000000014 -0.00037149101097842195 -13199.289540903967
19.500000000000142 -0.0003710364597271146 -13183.139073194441
19.550000000000143 -0.00036711254914159716 -13043.720270530946
19.600000000000144 -0.0003598030125919965 -12784.008227771443
19.650000000000144 -0.00034922068582472505 -12408.012063961742
19.700000000000145 -0.0003355062263791369 -11920.729422471884
19.750000000000146 -0.0003188265975753988 -11328.092606212207
19.800000000000146 -0.00029937332725116667 -10636.906709544766
19.850000000000147 -0.0002773605651606226 -9854.780596552486
19.900000000000148 -0.0002530229662764304 -8990.05169353875
19.95000000000015 -0.00022661341980447088 -8051.705299613219
20.00000000000015 -0.00019840063192017753 -7049.288699921859
20.05000000000015 -0.00016866657804547869 -5992.820643579617
20.10000000000015 -0.00013770385873776713 -4892.697396882913
20.15000000000015 -0.00010581298845145823 -3759.5964114465464
20.200000000000152 -7.329965651207907e-05 -2604.379005035834
20.250000000000153 -4.0472017613533775e-05 -1437.9940913741964
20.300000000000153 -7.637895678702652e-06 -271.37883170010633
20.350000000000154 2.4898020569279147e-05 884.641008200295
20.400000000000155 5.683688699369867e-05 2019.4473240620168
20.450000000000156 8.788831256590946e-05 3122.722355417342
20.500000000000156 0.00011777279682998701 4184.535290118633
20.550000000000157 0.00014622398460709533 5195.422375282838
20.600000000000158 0.0001729907981798222 6146.462675028723
20.65000000000016 0.00019783948992325602 7029.351001641029
20.70000000000016 0.00022055557972567444 7836.466753243193
20.75000000000016 0.00024094558977031627 8560.935551592665
20.80000000000016 0.0002588385628490957 9196.683188641486
20.85000000000016 0.0002740872985538611 9738.47954912357
20.900000000000162 0.00028656935865963354 10181.974332400107
20.950000000000163 0.00029618935960418744 10523.778505579177
21.000000000000163 0.00030287947769642114 10761.48225386008
21.050000000000164 0.00030659811084745615 10893.60743106865
21.100000000000165 0.00030732832301725704 10919.552289949916
21.150000000000166 0.000305077661289645 10839.584982737984
21.200000000000166 0.00029987860096112635 10654.859375418428
21.250000000000167 0.0002917843687205392 10367.26664289593
21.300000000000168 0.00028087389502373466 9979.611229718503
21.35000000000017 0.0002672579342541207 9495.828302905873
21.40000000000017 0.0002510766951038167 8920.899558027362
21.45000000000017 0.00023249142221750345 8260.554110160227
21.50000000000017 0.00021167831539181605 7521.052439542496
21.55000000000017 0.00018882696591121 6709.130833685863
21.600000000000172 0.00016414152104727748 5832.042762706961
21.650000000000173 0.00013784167007388132 4897.593913012871
21.700000000000173 0.00011016172051715536 3914.1093659316925
21.750000000000174 8.134779741727923e-05 2890.3340858706165
21.800000000000175 5.165419241531e-05 1835.3032012686965
21.850000000000176 2.1339929226182108e-05 758.2199738747845
21.900000000000176 -9.3339418166039e-06 -331.64032763759707
21.950000000000177 -4.0106404732716714e-05 -1425.0036551828111
22.000000000000178 -7.071828811726867e-05 -2512.661499502921
22.05000000000018 -0.00010091407746883734 -3585.535283225914
22.10000000000018 -0.00013044392797280084 -4634.747876216658
22.15000000000018 -0.00015906585319785228 -5651.701361224404
22.20000000000018 -0.00018654791630674696 -6628.154888862429
22.25000000000018 -0.00021267028719754402 -7556.297769020946
22.300000000000182 -0.00023722711370873954 -8428.815955863005
22.350000000000183 -0.000260028209581632 -9238.95202209934
22.400000000000183 -0.00028090057612313444 -9980.559224544326
22.450000000000184 -0.00029968976480193425 -10648.149917942179
22.500000000000185 -0.000316261074703322 -11236.938101226566
22.550000000000185 -0.0003305005724579299 -11742.875656176015
22.600000000000186 -0.0003423159203736986 -12162.681771419555
22.650000000000187 -0.00035163699789352894 -12493.865023184962
22.700000000000188 -0.00035841630629761907 -12734.737754605821
22.75000000000019 -0.00036262915043042116 -12884.422532584967
22.80000000000019 -0.00036427360669275303 -12942.851010535762
22.85000000000019 -0.0003633702542643021 -12910.754378562895
22.90000000000019 -0.00035996169661242357 -12789.646362394446
22.95000000000019 -0.00035411192490676917 -12581.800605137065
23.000000000000192 -0.0003459055401272653 -12290.223028324499
23.050000000000193 -0.0003354468314258848 -11918.619085580613
23.100000000000193 -0.00032285875189955843 -11471.357371241158
23.150000000000194 -0.00030828174394654335 -10953.427884589106
23.200000000000195 -0.00029187237217364063 -10370.393456260877
23.250000000000195 -0.0002738017758935754 -9728.33476458713
23.300000000000196 -0.0002542539844768333 -9033.790479073414
23.350000000000197 -0.00023342413909347955 -8293.694077863001
23.400000000000198 -0.00021151665592897314 -7515.308585737069
23.4500000000002 -0.0001887433508574894 -6706.1599426779485
23.5000000000002 -0.00016532152812553754 -5873.969093697445
23.5500000000002 -0.00014147203806236748 -5026.5829781691245
23.6000000000002 -0.00011741731399422059 -4171.904780261222
23.6500000000002 -9.33793987189786e-05 -3317.823808444473
23.700000000000202 -6.957797653783772e-05 -2472.145572444247
23.750000000000203 -4.622843535582775e-05 -1642.5229285560688
23.800000000000203 -2.353999200105268e-05 -836.3894711587121
23.850000000000204 -1.7139148252676488e-06 -60.89638068919399
23.900000000000205 1.9058141023144635e-05 677.1467250669958
23.950000000000205 3.859568731866896e-05 1371.326995524254
24.000000000000206 5.673084796836496e-05 2015.679696429982
24.050000000000207 7.330970013307287e-05 2604.7358606733014
24.100000000000207 8.819349438328923e-05 3133.5656411259397
24.150000000000208 0.00010125975035666905 3597.8172399842065
24.20000000000021 0.00011240319699528105 3993.750315940104
24.25000000000021 0.00012153653625911683 4318.263119362089
24.30000000000021 0.00012859102509654507 4568.913170040432
24.35000000000021 0.00013351687516817813 4743.931459606378
24.40000000000021 0.00013628346794311832 4842.2300940256355
24.450000000000212 0.00013687938714676635 4863.403446487701
24.500000000000213 0.00013531228502396738 4807.723405658422
24.550000000000214 0.0001316085955868479 4676.129187210517
24.600000000000215 0.00012581309081324487 4470.211565298205
24.650000000000215 0.00011798892486733088 4192.214443741478
24.700000000000216 0.00010821647043720518 3844.9935104306282
24.750000000000217 9.659039793485543e-05 3431.912459618958
24.800000000000217 8.32197769838697e-05 2956.846597839631
24.850000000000218 6.822937350431108e-05 2424.2289300781863
24.90000000000022 5.1757814133857693e-05 1838.9849405986329
24.95000000000022 3.395516072127341e-05 1206.4464132997557
25.00000000000022 1.498076835480347e-05 532.2753262305666
25.05000000000022 -4.998210355612581e-06 -177.58929212396762
25.10000000000022 -2.580791756925042e-05 -916.9701725679312
25.150000000000222 -4.7268937202121955e-05 -1679.4925583215656
25.200000000000223 -6.919776259431083e-05 -2458.636352086848
25.250000000000224 -9.140856319270438e-05 -3247.7988873022914
25.300000000000225 -0.00011371505585464397 -4040.361416639219
25.350000000000225 -0.00013593229030851568 -4829.752550444698
25.400000000000226 -0.0001578782737644426 -5609.505980094959
25.450000000000227 -0.00017937544592782836 -6373.31288607598
25.500000000000227 -0.00020025203160214367 -7115.069996739368
25.550000000000228 -0.00022034338897421394 -7828.927493655046
25.60000000000023 -0.00023949337771515765 -8509.337621025394
25.65000000000023 -0.00025755568342229957 -9151.1017438691
25.70000000000023 -0.00027439504487691813 -9749.413953195635
25.75000000000023 -0.0002898883506535804 -10299.900029166405
25.80000000000023 -0.0003039255751206487 -10798.65069773173
25.850000000000232 -0.00031641055791465777 -11242.249325804325
25.900000000000233 -0.0003272616597666361 -11627.79522314616
25.950000000000234 -0.00033641231097692543 -11952.923129994619
26.000000000000234 -0.0003438114448755307 -12215.818618158344
26.050000000000235 -0.000349423796478141 -12415.228702437646
26.100000000000236 -0.0003532300515593545 -12550.467137282014
26.150000000000237 -0.0003552268441723698 -12621.414328663337
26.200000000000237 -0.0003554266029601911 -12628.511873424512
26.250000000000238 -0.00035385724384519876 -12572.751640362927
26.30000000000024 -0.0003505617184514751 -12455.659725415659
26.35000000000024 -0.00034559744685666176 -12279.276297006316
26.40000000000024 -0.00033903565234847256 -12046.131959560871
26.45000000000024 -0.00033096062027926696 -11759.221420183861
26.50000000000024 -0.00032146882672804094 -11421.97252951718
26.550000000000242 -0.00031066788982213144 -11038.209021596349
26.600000000000243 -0.0002986754072707888 -10612.109210748962
26.650000000000244 -0.0002856177147335012 -10148.161875706255
26.700000000000244 -0.0002716286302274058 -9651.121647675402
26.750000000000245 -0.00025684821236312606 -9125.964889743755
26.800000000000246 -0.00024142150480339393 -8577.845086770692
26.850000000000247 -0.00022549722525963092 -8012.04626468121
26.900000000000247 -0.00020922636122503195 -7433.9330960537545
26.950000000000248 -0.0001927607411440676 -6848.900132949851
27.00000000000025 -0.00017625161246721826 -6262.321284379992
27.05000000000025 -0.0001598483273649814 -5679.503118965495
27.10000000000025 -0.0001436971299697342 -5105.641774943513
27.15000000000025 -0.0001279399845688409 -4545.781325193373
27.20000000000025 -0.00011271351034459673 -4004.7759279333463
27.250000000000252 -9.8147866424123e-05 -3487.2502119013975
27.300000000000253 -8.436555785317588e-05 -2997.556851917029
27.350000000000254 -7.1480289260341e-05 -2539.735838910007
27.400000000000254 -5.959597862215714e-05 -2117.47943842729
27.450000000000255 -4.8805916010415134e-05 -1734.1023004401268
27.500000000000256 -3.919200588127812e-05 -1392.514537440177
27.550000000000257 -3.082417185750451e-05 -1095.2005760091404
27.600000000000257 -2.3759855138354422e-05 -844.2013350338943
27.650000000000258 -1.8043579103520007e-05 -641.0987558334182
27.70000000000026 -1.3706625208697038e-05 -487.0042865418191
27.75000000000026 -1.0766885855177505e-05 -382.553654480232
27.80000000000026 -9.228896905631349e-06 -327.90802146126885
27.85000000000026 -9.083909987882657e-06 -322.7565527838225
27.90000000000026 -1.0310083322103934e-05 -366.32319743316594
27.950000000000262 -1.2872872837172223e-05 -457.3805846703071
28.000000000000263 -1.6725555796429998e-05 -594.2686287568001
28.050000000000264 -2.18098249857017e-05 -774.9156407971325
28.100000000000264 -2.8056472555229567e-05 -996.8626260364915
28.150000000000265 -3.538614870801726e-05 -1257.2902404944987
28.200000000000266 -4.3710179284735387e-05 -1553.0478402277054
28.250000000000266 -5.2931467961331224e-05 -1880.6855369301902
28.300000000000267 -6.294546799741868e-05 -2236.48872471343
28.350000000000268 -7.364120768981124e-05 -2616.5145150608273
28.40000000000027 -8.490233355453193e-05 -3016.628801685234
28.45000000000027 -9.660817102172995e-05 -3432.5439476301335
28.50000000000027 -0.00010863480726076586 -3859.8572586684563
28.55000000000027 -0.00012085619988444398 -4294.090376202397
28.60000000000027 -0.0001331453280964825 -4730.7301781959095
28.650000000000272 -0.00014537537008079551 -5165.2706124938895
28.700000000000273 -0.00015742086811213534 -5593.254093874219
28.750000000000274 -0.00016915884676292476 -6010.311234580426
28.800000000000274 -0.00018046988026078917 -6412.198768149436
28.850000000000275 -0.00019123913278153948 -6794.8365116202995
28.900000000000276 -0.00020135738882800627 -7154.343975487507
28.950000000000276 -0.00021072204654038845 -7487.075656589668
29.000000000000277 -0.00021923806229841452 -7789.654600368246
29.050000000000278 -0.00022681873193293556 -8059.00015776531
29.10000000000028 -0.0002333863133606115 -8292.350107792481
29.15000000000028 -0.00023887255737646941 -8487.279516896182
29.20000000000028 -0.0002432191955218335 -8641.718073186124
29.25000000000028 -0.0002463783669989485 -8753.965254957713
29.30000000000028 -0.00024831293543004494 -8822.701585324041
29.350000000000282 -0.00024899670472980617 -8846.996302288953
29.400000000000283 -0.00024841457067650933 -8826.31274415696
29.450000000000284 -0.0002465626217492289 -8760.511932337153
29.500000000000284 -0.00024344813238299243 -8649.852331695001
29.550000000000285 -0.0002390893912554199 -8494.983749477764
29.600000000000286 -0.00023351533469928167 -8296.934310251585
29.650000000000286 -0.0002267650588042463 -8057.093120595636
29.700000000000287 -0.00021888729670983454 -7777.191697019767
29.750000000000288 -0.00020993989371442722 -7459.285316285315
29.80000000000029 -0.00019998926553516907 -7105.733767067519
29.85000000000029 -0.00018910980999398087 -6719.180446820757
29.90000000000029 -0.0001773832424959022 -6302.528750941406
29.95000000000029 -0.0001648978318148047 -5858.9149197941615
30.00000000000029 -0.00015174750381447965 -5391.676193406165
30.050000000000292 -0.00013803085822480172 -4904.3158769579195
30.100000000000293 -0.000123850200617366 -4400.46894632024
30.150000000000293 -0.00010931064645890176 -3883.8702145561188
30.200000000000294 -9.451928285718273e-05 -3358.324548270218
30.250000000000295 -7.958434644284467e-05 -2827.677657276432
30.300000000000296 -6.461427858431262e-05 -2295.7825258402045
30.350000000000296 -4.971669988337184e-05 -1766.462975915636
30.400000000000297 -3.499742144929207e-05 -1243.4785371457635
30.450000000000298 -2.0559556374938052e-05 -730.4928770971202
30.5000000000003 -6.502752686636807e-06 -231.04654752681463
30.5500000000003 7.077605927136557e-06 251.47141418751514
30.6000000000003 2.0091229959811682e-05 713.8529698847607
30.6500000000003 3.2453691685723226e-05 1153.0983538548398
30.7000000000003 4.4087081086550465e-05 1566.4393782828067
30.750000000000302 5.4920600020136986e-05 1951.3605444091643
30.800000000000303 6.48911079695931e-05 2305.618433309739
30.850000000000303 7.394359689477339e-05 2627.2585776421183
30.900000000000304 8.203157195536098e-05 2914.6289889560726
30.950000000000305 8.911728714131414e-05 3166.3885297790093
31.000000000000306 9.517197642646956e-05 3381.515126636604
31.050000000000306 0.00010017608917912666 3559.314134326423
31.100000000000307 0.00010411945750894244 3699.4242818494613
31.150000000000308 0.00010700133526756343 3801.819058125055
31.20000000000031 0.00010883030152096605 3866.80328230755
31.25000000000031 0.0001096240652218423 3895.006163683686
31.30000000000031 0.00010940921458287891 3887.3723967608826
31.35000000000031 0.00010822092053377802 3845.1516249244223
31.40000000000031 0.00010610257958223253 3769.88575108225
31.450000000000312 0.00010310540086980734 3663.394265522639
31.500000000000313 9.928792616177934e-05 3527.7571908767973
31.550000000000313 9.471547378598096e-05 3365.2953249457732
31.600000000000314 8.945950177856732e-05 3178.5476129028334
31.650000000000315 8.359689925744729e-05 2970.245969383412
31.700000000000315 7.720922594300333e-05 2743.288258218366
31.750000000000316 7.038191866605721e-05 2500.7100992050737
31.800000000000317 6.320348257224639e-05 2245.656131133183
31.850000000000318 5.57646953340871e-05 1981.3517369809676
31.90000000000032 4.8157827807307436e-05 1711.075353386058
31.95000000000032 4.0475849643322727e-05 1438.1302455992488
32.00000000000032 3.2811612504239366e-05 1165.8154866432462
32.05000000000032 2.5257040195469734e-05 897.3971822581161
32.100000000000314 1.790230014921478e-05 636.0790332323264
32.15000000000031 1.0834954012428853e-05 384.972155304007
32.20000000000031 4.139134561997602e-06 147.06583448325338
32.250000000000306 -2.1051995658960675e-06 -74.79895284266125
32.3000000000003 -7.822933551233837e-06 -277.9533338640735
32.3500000000003 -1.2944468051817124e-05 -459.9244038743096
32.4000000000003 -1.7406314508634138e-05 -618.4563778121798
32.450000000000294 -2.1151589103672888e-05 -751.5281408675172
32.50000000000029 -2.4130440837961283e-05 -857.3684583404487
32.55000000000029 -2.6300392393982716e-05 -934.4680866793041
32.600000000000286 -2.7626604211984755e-05 -981.5891562639308
32.65000000000028 -2.8082131617342235e-05 -997.7743072889696
32.70000000000028 -2.764818400618204e-05 -982.3558987783537
32.75000000000028 -2.6314333401767107e-05 -934.9634187137281
32.800000000000274 -2.407864336667571e-05 -855.5280643584132
32.85000000000027 -2.0947742550481933e-05 -744.2853554488439
32.90000000000027 -1.6936805882042344e-05 -601.7744659456845
32.950000000000266 -1.206932496570701e-05 -428.8300660789905
33.00000000000026 -6.376739056821529e-06 -226.56921069529503
33.05000000000026 1.0202997952325852e-07 3.625183925804914
33.10000000000026 7.321148810826111e-06 260.12463308769424
33.150000000000254 1.5228417581627304e-05 541.0744458669195
33.20000000000025 2.3765843883024735e-05 844.4141185806128
33.25000000000025 3.2870178308945864e-05 1167.8963634092306
33.300000000000246 4.247357341007765e-05 1509.1105214091397
33.35000000000024 5.250426454031983e-05 1865.5067533791619
33.40000000000024 6.288721560403542e-05 2234.418983632236
33.45000000000024 7.354483672413823e-05 2613.0903991558307
33.500000000000234 8.439774376020734e-05 2998.7004357279156
33.55000000000023 9.536555769000979e-05 3388.3931804027825
33.60000000000023 0.00010636764856122893 3779.3038045443523
33.650000000000226 0.00011732390988582421 4168.586078503711
33.70000000000022 0.0001281557058577456 4553.446026809949
33.75000000000022 0.00013878680384648128 4931.175060202886
33.80000000000022 0.00014914385695398777 5299.16712115867
33.850000000000215 0.00015915646810934076 5654.920961209636
33.90000000000021 0.00016875727390237415 5996.043119601772
33.95000000000021 0.0001778824385290221 6320.265473457158
34.000000000000206 0.00018647258042329615 6625.478161541711
34.0500000000002 0.00019447387115907098 6909.768628878427
34.1000000000002 0.00020183899642733612 7171.455770822506
34.1500000000002 0.00020852789468623367 7409.116177722541
34.200000000000195 0.00021450820223095068 7621.599948510086
34.25000000000019 0.00021975549298188497 7808.039210511265
34.30000000000019 0.0002242529973498663 7967.838130566195
34.350000000000186 0.0002279916932664601 8100.67614938809
34.40000000000018 0.00023097023343290969 8206.505396676295
34.45000000000018 0.00023319499020005307 8285.552285725562
34.50000000000018 0.00023468057777390993 8338.33606769127
34.550000000000175 0.00023545056509385282 8365.69416056136
34.60000000000017 0.000235537864825841 8368.795970309919
34.65000000000017 0.0002349846644465203 8349.140442275579
34.700000000000166 0.00023384215212595889 8308.546321617256
34.75000000000016 0.00023217007012660485 8249.13628532195
34.80000000000016 0.00023003633523003135 8173.323455748424
34.85000000000016 0.00022751642089812046 8083.7894484582785
34.900000000000155 0.00022469203137207193 7983.437262190234
34.95000000000015 0.0002216493994340981 7875.330797352916
35.00000000000015 0.00021847822644542988 7762.657194964844
35.050000000000146 0.00021527125400131947 7648.711617310012
35.10000000000014 0.0002121236972282011 7536.877112659681
35.15000000000014 0.00020913266530254282 7430.604025973488
35.20000000000014 0.00020639677872218403 7333.396400329682
35.250000000000135 0.00020401535136031437 7248.782914831982
35.30000000000013 0.0002020868016783567 7180.2604340884145
35.35000000000013 0.00020070690773118426 7131.232007541835
35.40000000000013 0.0001999675430685207 7104.961955318751
35.450000000000124 0.00019995617011804297 7104.557867839234
35.50000000000012 0.00020075572022661435 7132.966343612845
35.55000000000012 0.00020244431764034271 7192.963182091171
35.600000000000115 0.00020509467782365607 7287.132005598096
35.65000000000011 0.00020877321499863176 7417.832549688255
35.70000000000011 0.00021353903960703117 7587.165042395819
35.75000000000011 0.0002194431611937375 7796.941882224023
35.800000000000104 0.00022652783727977917 8048.664503228745
35.8500000000001 0.00023482598315402952 8343.502404577723
35.9000000000001 0.0002443606453471359 8682.274442776063
35.950000000000095 0.000255144623812139 9065.435407526073
36.00000000000009 0.00026718026641997804 9493.068720034233
36.05000000000009 0.00028045939151279765 9964.883681285584
36.10000000000009 0.00029496326918697173 10480.214807018789
36.150000000000084 0.0003106626184683656 11038.021727361573
36.20000000000008 0.00032751761009177093 11636.88928558564
36.25000000000008 0.00034547787252173847 12275.027752030339
36.300000000000075 0.000364482556659257 12950.275123168216
36.35000000000007 0.00038446054450105166 13660.104535390046
36.40000000000007 0.0004053308354838761 14401.637992040005
36.45000000000007 0.00042700310529167665 15171.666218155997
36.500000000000064 0.000449378337182878 15966.671091891661
36.55000000000006 0.0004723493212385065 16782.843383089687
36.60000000000006 0.0004958008889147193 17616.091087068227
36.650000000000055 0.0005196101494082939 18462.047822822868
36.70000000000005 0.0005436469793864529 19316.090233409297
36.75000000000005 0.0005677745342171943 20173.356150251333
36.80000000000005 0.0005918499129382705 21028.768219871672
36.850000000000044 0.0006157253113135878 21877.074872649726
36.90000000000004 0.0006392497591132912 22712.912049383463
36.95000000000004 0.0006622711464447905 23530.875197997597
37.000000000000036 0.0006846380616102757 24325.584573679433
37.05000000000003 0.0007062008711740085 25091.72361429168
37.10000000000003 0.0007268126684805255 25824.07264177042
37.15000000000003 0.0007463313021998485 26517.580937504557
37.200000000000024 0.0007646221848017729 27167.4665290445
37.25000000000002 0.0007815600161121992 27769.27742905115
37.30000000000002 0.0007970293823715824 28318.91292018757
37.350000000000016 0.0008109254569293176 28812.64845119397
37.40000000000001 0.0008231553794294514 29247.18464015026
37.45000000000001 0.0008336398275238444 29619.703118349753
37.50000000000001 0.0008423141582219825 29927.907083115206
37.550000000000004 0.0008491293126087633 30170.053442942757
37.6 0.0008540536039942408 30345.016351492035
37.65 0.0008570730491915078 30452.298978080096
37.699999999999996 0.0008581960127095073 30492.198518526333
37.74999999999999 0.0008574555725409388 30465.890252959125
37.79999999999999 0.0008549138862753383 30375.58267632775
37.84999999999999 0.0008506317495093339 30223.435891189183
37.899999999999984 0.0008446522359909978 30010.98033261619
37.94999999999998 0.0008370233855731006 29739.922884241158
37.99999999999998 0.0008278217014846605 29412.981749845032
38.049999999999976 0.0008171556310625825 29034.010125756777
38.09999999999997 0.0008051548701682165 28607.61618061474
38.14999999999997 0.0007919582436801424 28138.732442296317
38.19999999999997 0.0007777070926324802 27632.38083913417
38.249999999999964 0.000762544311767474 27093.638503605303
38.29999999999996 0.0007466159891631482 26527.69602924585
38.34999999999996 0.0007300726711041761 25939.902412241427
38.399999999999956 0.0007130693636695472 25335.765107837822
38.44999999999995 0.0006957641009356457 24720.899157771946
38.49999999999995 0.0006783146593514449 24100.91045013042
38.54999999999995 0.0006608753624135558 23481.282187614077
38.599999999999945 0.0006435954765432423 22867.317892124596
38.64999999999994 0.0006266181553164193 22264.10389264834
38.69999999999994 0.00061007873403074 21676.448730242937
38.749999999999936 0.0005941035425780923 21108.840978713466
38.79999999999993 0.0005788079692897252 20565.380451914876
38.84999999999993 0.0005642950095258121 20049.72663430338
38.89999999999993 0.0005506534922640388 19565.035670607776
38.949999999999925 0.0005379567071743053 19113.911585003025
38.99999999999992 0.000526263462636689 18698.443873097727
39.04999999999992 0.0005156196523290894 18320.263163695246
39.099999999999916 0.0005060573845032188 17980.510281468258
39.14999999999991 0.0004975914456833284 17679.71060013814
39.19999999999991 0.0004902184845675004 17417.745046017928
39.24999999999991 0.0004839199961634514 17193.956126075802
39.299999999999905 0.00047866480208041035 17007.236054133784
39.3499999999999 0.00047440984275994285 16856.054899285115
39.3999999999999 0.0004711007262830746 16738.480085327374
39.449999999999896 0.00046867332367879516 16652.23307299229
39.49999999999989 0.00046705715456478247 16594.80965371026
39.54999999999989 0.00046617900890869035 16563.608632874468
39.59999999999989 0.00046596404698664355 16555.97091199963
39.649999999999885 0.00046633472916940866 16569.141463408356
39.69999999999988 0.00046721009121559727 16600.24358098135
39.74999999999988 0.00046850610099043795 16646.291554580792
39.799999999999876 0.0004701360995904284 16704.20634346324
39.84999999999987 0.00047201152489116134 16770.84128435054
39.89999999999987 0.00047404545700098516 16843.10806344002
39.94999999999987 0.0004761554004957109 16918.075570805762
39.999999999999865 0.0004782643999738199 16993.00953671751
40.04999999999986 0.00048030148949219936 17065.388500351146
40.09999999999986 0.0004822019960533261 17132.91459286313
40.14999999999986 0.00048390756178716464 17193.514325526074
40.199999999999854 0.00048536741075184335 17245.383599886263
40.24999999999985 0.0004865399249919006 17287.043706020693
40.29999999999985 0.0004873939954573527 17317.389321469494
40.349999999999845 0.00048791046135601983 17335.739652252887
40.39999999999984 0.00048808123214327885 17341.80723666152
40.44999999999984 0.0004879086551063662 17335.675475162574
40.49999999999984 0.0004874067051520459 17317.840904240744
40.549999999999834 0.0004866007916601012 17289.206333791564
40.59999999999983 0.000485525289138238 17250.993109868174
40.64999999999983 0.00048422160095339275 17204.672317939705
40.699999999999825 0.000482738256257088 17151.96822670497
40.74999999999982 0.00048113092700612076 17094.858892847325
40.79999999999982 0.0004794621356324791 17035.56577437847
40.84999999999982 0.00047780139010184175 16976.558529344704
40.899999999999814 0.00047622502157050617 16920.549247684114
40.94999999999981 0.000474813837724677 16870.40907302016
40.99999999999981 0.00047365115265814986 16829.098203081325
41.049999999999805 0.0004728223878537141 16799.651712340547
41.0999999999998 0.00047241425597809825 16785.150551779658
41.1499999999998 0.00047251242715891037 16788.63863036519
41.1999999999998 0.00047319973031463477 16813.05890726742
41.249999999999794 0.00047455665774639023 16861.271320296106
41.29999999999979 0.00047666249185326524 16936.092818745146
41.34999999999979 0.0004795953828732154 17040.300125571444
41.399999999999785 0.000483431064596529 17176.584105954782
41.44999999999978 0.0004882397203470829 17347.438413807144
41.49999999999978 0.000494083070018021 17555.055992472964
41.54999999999978 0.0005010123397522723 17801.256936308775
41.599999999999774 0.0005090664033966614 18087.422455477514
41.64999999999977 0.0005182709187245358 18414.464185441095
41.69999999999977 0.0005286419091961602 18782.951448969736
41.749999999999766 0.0005401872906196933 19193.16549928558
41.79999999999976 0.0005529029648170962 19644.960725763
41.84999999999976 0.0005667678011670973 20137.58634526028
41.89999999999976 0.0005817416303639667 20669.615119213577
41.949999999999754 0.0005977664996319464 21238.98795212846
41.99999999999975 0.0006147677637289441 21843.05265556938
42.04999999999975 0.0006326522389118874 22478.49835748568
42.099999999999746 0.0006513083790420116 23141.36175933389
42.14999999999974 0.0006706097339901005 23827.15001520742
42.19999999999974 0.0006904191863080748 24530.99126321775
42.24999999999974 0.0007105916412276557 25247.730202696013
42.299999999999734 0.000730974141519266 25971.93217519583
42.34999999999973 0.0007514037812522202 26697.809039191554
42.39999999999973 0.0007717049341557568 27419.12069214971
42.449999999999726 0.0007916926554173547 28129.29593838208
42.49999999999972 0.0008111802389024951 28821.70100141562
42.54999999999972 0.0008299849218251905 29489.842214221346
42.59999999999972 0.0008479291532889622 30127.411091205773
42.649999999999714 0.0008648399783036055 30728.262441971845
42.69999999999971 0.0008805496309066436 31286.43544526575
42.74999999999971 0.0008948983710216934 31796.25444418825
42.799999999999706 0.0009077381287432466 32252.458429731476
42.8499999999997 0.0009189349130545867 32650.28662391358
42.8999999999997 0.000928369161407806 32985.490900558034
42.9499999999997 0.0009359325733890794 33254.22328359749
42.999999999999694 0.0009415286768285482 33453.05606128397
43.04999999999969 0.0009450763552190983 33579.10711740925
43.09999999999969 0.0009465146424393907 33630.210290575196
43.149999999999686 0.000945806459807352 33605.048153856194
43.19999999999968 0.000942939688454577 33503.19011687924
43.24999999999968 0.0009379347490506237 33325.361737792846
43.29999999999968 0.000930825823709539 33072.777526792655
43.349999999999675 0.0009216531347994287 32746.866607779284
43.39999999999967 0.0009104707044987031 32349.548419859984
43.44999999999967 0.0008973528462105283 31883.463361042173
43.499999999999666 0.0008823943003487156 31351.977612784256
43.54999999999966 0.0008657045913133171 30758.982640089045
43.59999999999966 0.0008473999723763426 30108.60898865479
43.64999999999966 0.0008276035180156444 29405.229565551264
43.699999999999655 0.0008064485845908672 28653.582599029105
43.74999999999965 0.0007840800864999258 27858.816981094293
43.79999999999965 0.0007606526139344115 27026.425390273893
43.849999999999646 0.0007363257918695972 26162.07939385842
43.89999999999964 0.0007112620956751402 25271.551835292255
43.94999999999964 0.0006856279496426201 24360.75586548964
43.99999999999964 0.0006595953633150826 23435.803082565624
44.049999999999635 0.0006333398529094649 22502.92967877795
44.09999999999963 0.0006070362436324681 21568.347294392734
44.14999999999963 0.0005808538318969547 20638.07112844729
44.199999999999626 0.0005549544447080724 19717.850987621612
44.24999999999962 0.0005294916417804196 18813.142937001812
44.29999999999962 0.000504610548444 17929.103363132464
44.34999999999962 0.0004804491049301192 17070.633361863893
44.399999999999615 0.00045714037100214077 16242.460623210063
44.44999999999961 0.0004348133648143799 15449.169236488116
44.49999999999961 0.0004135882602508128 14695.029048997127
44.549999999999606 0.0003935761478447948 13983.987171358018
44.5999999999996 0.00037487523934418373 13319.533123526817
44.6499999999996 0.0003575672631389767 12704.570762262916
44.6999999999996 0.0003417173294295006 12141.413490477245
44.749999999999595 0.00032737800029406986 11631.928869079868
44.79999999999959 0.00031459469740397476 11177.73075620752
44.84999999999959 0.00030340551163725684 10780.17254269142
44.89999999999959 0.0002938384587735732 10440.2496453155
44.949999999999584 0.0002859122129243671 10158.625566012712
44.99999999999958 0.00027963833360397135 9935.71102098378
45.04999999999958 0.0002750207702926977 9771.646337538461
45.099999999999575 0.00027205440488086487 9666.24966629255
45.14999999999957 0.00027072445190340404 9618.995671158027
45.19999999999957 0.0002710070498831566 9629.036540110965
45.24999999999957 0.00027287025036133695 9695.237126013382
45.299999999999564 0.0002762743990083142 9816.188487698792
45.34999999999956 0.00028117226652950577 9990.21254113397
45.39999999999956 0.0002875093644734219 10215.373280260641
45.449999999999555 0.00029522481383453537 10489.507638955622
45.49999999999955 0.0003042522302546881 10810.256942746522
45.54999999999955 0.00031451980774613276 11175.06988353964
45.59999999999955 0.00032595080186698057 11581.219687121846
45.649999999999544 0.0003384615408861236 12025.733448705018
45.69999999999954 0.00035196165033531547 12505.400111390773
45.74999999999954 0.00036635756916300345 13016.895397140881
45.799999999999535 0.00038155622078370774 13556.912241275657
45.84999999999953 0.0003974665943177983 14122.216974833786
45.89999999999953 0.00041400045877641327 14709.674699973728
45.94999999999953 0.0004310725189133121 15316.254827479805
45.999999999999524 0.00044860135849236754 15939.064591599368
46.04999999999952 0.0004665090177561177 16575.33403725715
46.09999999999952 0.0004847195648677879 17222.36526256766
46.149999999999515 0.0005031611506315898 17877.60542423061
46.19999999999951 0.0005217673130367424 18538.693088731205
46.24999999999951 0.0005404771568147355 19203.464612113115
46.29999999999951 0.0005592333409822109 19869.882636218164
46.349999999999504 0.000577980737479406 20535.988429337827
46.3999999999995 0.0005966674261189558 21199.937237317103
46.4499999999995 0.0006152468541726357 21860.07501491506
46.499999999999496 0.0006336795334149904 22514.998722742224
46.54999999999949 0.0006519322605207022 23163.528627530122
46.59999999999949 0.0006699754950010268 23804.61513870296
46.64999999999949 0.0006877816425083419 24437.27781319968
46.699999999999484 0.0007053257564699209 25060.630284925966
46.74999999999948 0.000722586381165066 25673.910219770285
46.79999999999948 0.0007395471075061311 26276.534593399498
46.849999999999476 0.0007561957077615174 26868.068947468637
46.89999999999947 0.0007725212160539597 27448.12365804383
46.94999999999947 0.0007885122232716105 28016.29335281127
46.99999999999947 0.0008041574978089106 28572.17896635779
47.049999999999464 0.0008194468250711245 29115.41756825042
47.09999999999946 0.0008343717367103143 29645.708273210483
47.14999999999946 0.0008489251148918989 30162.798180476548
47.199999999999456 0.0008630991041176739 30666.408179673876
47.24999999999945 0.00087688276224204 31156.149490068357
47.29999999999945 0.0008902621474190787 31631.52674984617
47.34999999999945 0.0009032230770948357 32092.03604469839
47.399999999999444 0.0009157520551197833 32537.19784866062
47.44999999999944 0.0009278359617329452 32966.54600907044
47.49999999999944 0.0009394624153080857 33379.6405996178
47.549999999999436 0.0009506183762371209 33776.01831551871
47.59999999999943 0.000961286866693622 34155.07592482358
47.64999999999943 0.0009714465150092456 34516.05407984941
47.69999999999943 0.0009810727903772959 34858.0811869084
47.749999999999424 0.0009901413284596626 35180.29156703742
47.79999999999942 0.0009986302061940502 35481.90628120886
47.84999999999942 0.0010065188739919837 35762.19519071084
47.899999999999416 0.0010137852852316154 36020.374966373696
47.94999999999941 0.0010204041004856829 36255.545283755244
47.99999999999941 0.0010263466871855093 36466.688811202504
48.04999999999941 0.0010315810424149248 36652.668466675284
48.099999999999405 0.0010360723822390916 36812.24835693867
48.1499999999994 0.0010397839097130296 36944.12106534822
48.1999999999994 0.001042677601749723 37046.93560972691
48.249999999999396 0.0010447184923696828 37119.44962868854
48.29999999999939 0.0010458675066284662 37160.27476695599
48.34999999999939 0.0010460853863772678 37168.01615989564
48.39999999999939 0.0010453358302918918 37141.384000554914
48.449999999999385 0.0010435862852199828 37079.22165668509
48.49999999999938 0.001040808199347199 36980.51466588122
48.54999999999938 0.0010369772224692808 36844.39785136404
48.599999999999376 0.0010320736125262928 36670.16976637569
48.64999999999937 0.0010260821726685357 36457.29045809536
48.69999999999937 0.0010189922002428154 36205.379655091994
48.74999999999937 0.001010798015000087 35914.235534846084
48.799999999999365 0.001001499797602298 35583.86451638068
48.84999999999936 0.0009911045596711938 35214.51572665396
48.89999999999936 0.000979626824604119 34806.70519033683
48.949999999999356 0.0009670926937413443 34361.36030307937
48.99999999999935 0.0009535408509580802 33879.8555252437
49.04999999999935 0.0009390216518279415 33363.9800193573
49.09999999999935 0.0009235909414742118 32815.717994808525
49.149999999999345 0.0009073064874152764 32237.12196479066
49.19999999999934 0.0008902292627180173 31630.358337481004
49.24999999999934 0.0008724289734077947 30997.90380810039
49.299999999999336 0.0008539881456133258 30342.690577524314
49.34999999999933 0.0008349978081821386 29667.95295312385
49.39999999999933 0.0008155511557068546 28977.002192440385
49.44999999999933 0.0007957453556201402 28273.290710309826
49.499999999999325 0.0007756755152831975 27560.197726042687
49.54999999999932 0.0007554300166930503 26840.863502887456
49.59999999999932 0.0007350931695939777 26118.283614607615
49.64999999999932 0.0007147489669070469 25395.442378055504
49.699999999999314 0.0006944832378790095 24675.389355792457
49.74999999999931 0.0006743816172054626 23961.167197865252
49.79999999999931 0.0006545312715639849 23255.87298652267
49.849999999999305 0.0006350197558794799 22562.6175986645
49.8999999999993 0.0006159372992065786 21884.606924559626
49.9499999999993 0.0005973788080621673 21225.213047404373
49.9999999999993 0.0005794354546033568 20587.675366441814
50.049999999999294 0.0005621845310379188 19974.740118322323
