# (1): time [s] (2): displacement/rotation [m/rad] (3): support force/ moment [N]/[N m]
0.05 0.0 0.0
0.1 -3.2668481983511377e-10 -14.364033463159135
0.15000000000000002 -8.734161923127451e-10 -38.40331307704314
0.2 8.852239752565304e-11 3.8922490519741135
0.25 3.78180535224649e-09 166.2825308449918
0.3 9.938278462358609e-09 436.9770363727469
0.35 1.7600660287240517e-08 773.8849741081383
0.39999999999999997 2.5986247728922807e-08 1142.591602966394
0.44999999999999996 3.473142878105092e-08 1527.1092347852066
0.49999999999999994 4.385546100358939e-08 1928.2846069057512
0.5499999999999999 5.3526229031144094e-08 2353.499453534858
0.6 6.379235397415993e-08 2804.8916005372207
0.65 7.444409673073881e-08 3273.2390109669004
0.7000000000000001 8.50829805487471e-08 3741.0210256000382
0.7500000000000001 9.522300010245714e-08 4186.868433692319
0.8000000000000002 1.0433309446689281e-07 4587.430970908889
0.8500000000000002 1.1189835150321803e-07 4920.068420307434
0.9000000000000002 1.174983513436513e-07 5166.295303889809
0.9500000000000003 1.2085802162579478e-07 5314.016940855516
1.0000000000000002 1.2183412298273196e-07 5356.935226931855
1.0500000000000003 1.2036010893731834e-07 5292.124174235331
1.1000000000000003 1.1640182039710859e-07 5118.081838637646
1.1500000000000004 1.0994863950554262e-07 4834.341362673512
1.2000000000000004 1.0103115020293934e-07 4442.2474942941735
1.2500000000000004 8.973775794615131e-08 3945.687340776904
1.3000000000000005 7.622802276280142e-08 3351.676610954807
1.3500000000000005 6.07400335722723e-08 2670.6838573824384
1.4000000000000006 4.3581789118617986e-08 1916.2515038199108
1.4500000000000006 2.5107021293106263e-08 1103.9328187837152
1.5000000000000007 5.686817854429961e-09 250.0441924456473
1.5500000000000007 -1.4311728148909395e-08 -629.2736287848626
1.6000000000000008 -3.4534044459132096e-08 -1518.4304262425385
1.6500000000000008 -5.4636318851213554e-08 -2402.3090900849675
1.7000000000000008 -7.428093768596046e-08 -3266.0650566331906
1.7500000000000009 -9.313569091481949e-08 -4095.0913531584897
1.800000000000001 -1.108790020985551e-07 -4875.248557031817
1.850000000000001 -1.272090746848537e-07 -5593.26694920505
1.900000000000001 -1.4185503497591395e-07 -6237.236460329169
1.950000000000001 -1.5458692606530185e-07 -6797.046095039378
2.000000000000001 -1.652221572375769e-07 -7264.667506172274
2.0500000000000007 -1.7362968073002054e-07 -7634.338643168205
2.1000000000000005 -1.7972758932766453e-07 -7902.458120516596
2.1500000000000004 -1.8347783449146567e-07 -8067.352978670945
2.2 -1.8488225651780212e-07 -8129.104133783927
2.25 -1.8398053767027038e-07 -8089.4563787800535
2.3 -1.8084905748190982e-07 -7951.768052038903
2.3499999999999996 -1.7559996289916905e-07 -7720.970152473716
2.3999999999999995 -1.6838096191760836e-07 -7403.557265881515
2.4499999999999993 -1.5937354405852076e-07 -7007.50932092376
2.499999999999999 -1.4878855473368736e-07 -6542.096997982555
2.549999999999999 -1.3686031963335133e-07 -6017.62338386074
2.5999999999999988 -1.2384048690318765e-07 -5445.1532179216
2.6499999999999986 -1.099925182885906e-07 -4836.270672729431
2.6999999999999984 -9.558746141629979e-08 -4202.893465129975
2.7499999999999982 -8.089829300659891e-08 -3557.024132452018
2.799999999999998 -6.619160944334127e-08 -2910.3846744528764
2.849999999999998 -5.1721014248654345e-08 -2274.1258066143796
2.8999999999999977 -3.7724715755223774e-08 -1658.721331985065
2.9499999999999975 -2.4422437444907208e-08 -1073.8322915880144
2.9999999999999973 -1.2014893044059168e-08 -528.2838848412073
3.049999999999997 -6.82938640017173e-10 -30.028188893020182
3.099999999999997 9.415026041670713e-09 413.9701048470228
3.149999999999997 1.81446435346097e-08 797.8034211683744
3.1999999999999966 2.5396948326373202e-08 1116.6806459090242
3.2499999999999964 3.109024298688353e-08 1367.009617608632
3.2999999999999963 3.517241474201946e-08 1546.4989851364248
3.349999999999996 3.7623755778500284e-08 1654.2822139237242
3.399999999999996 3.845947741801213e-08 1691.0281319063636
3.4499999999999957 3.7730789529546984e-08 1658.9883903003865
3.4999999999999956 3.552419273741623e-08 1561.9663426341885
3.5499999999999954 3.1959223300195574e-08 1405.2178891332796
3.599999999999995 2.718511098203674e-08 1195.3045263711974
3.649999999999995 2.137672504672253e-08 939.9150963269536
3.699999999999995 1.473019463476812e-08 647.6732183621168
3.7499999999999947 7.458448136606446e-09 327.94115952961903
3.7999999999999945 -2.1332409611584704e-10 -9.379665870770427
3.8499999999999943 -8.052364386632998e-09 -354.0551151581701
3.899999999999994 -1.5823230228891628e-08 -695.7329961575421
3.949999999999994 -2.3292793532148054e-08 -1024.1628794233588
3.999999999999994 -3.023519046266667e-08 -1329.4137382628796
4.049999999999994 -3.643651965136394e-08 -1602.0805246396453
4.099999999999993 -4.169912869983514e-08 -1833.4726429324933
4.149999999999993 -4.584541920398398e-08 -2015.7812533528765
4.199999999999993 -4.872117311621382e-08 -2142.2255290554613
4.249999999999993 -5.0198408926188846e-08 -2207.1782398002333
4.299999999999993 -5.017773626310574e-08 -2206.2692816660656
4.3499999999999925 -4.8590149523243444e-08 -2136.464541217582
4.399999999999992 -4.542166167554605e-08 -1997.1490214609255
4.449999999999992 -4.067219724733066e-08 -1788.3194039310906
4.499999999999992 -3.434260106114097e-08 -1510.0128347045131
4.549999999999992 -2.6468395224243148e-08 -1163.7911884275588
4.599999999999992 -1.7132499430675293e-08 -753.3003683917226
4.6499999999999915 -6.457855984404159e-09 -283.946035530707
4.699999999999991 5.403230730053494e-09 237.57512532976284
4.749999999999991 1.8276363799036806e-08 803.5950410145676
4.799999999999991 3.196881123486441e-08 1405.6394618727027
4.849999999999991 4.627175920896011e-08 2034.5270343819782
4.899999999999991 6.096531402991784e-08 2680.5892335607673
4.94999999999999 7.582772804315114e-08 3334.0760173579433
4.99999999999999 9.063742051128941e-08 3985.244682920067
5.04999999999999 1.0517148933484655e-07 4624.294428307083
5.09999999999999 1.1920620397812518e-07 5241.388025994585
5.14999999999999 1.3252121852879772e-07 5826.837067259629
5.1999999999999895 1.4490624652163985e-07 6371.395448090233
5.249999999999989 1.561678746116773e-07 6866.558960176887
5.299999999999989 1.6613491737839123e-07 7304.800736767784
5.349999999999989 1.746619940660038e-07 7679.728518675775
5.399999999999989 1.81631784602231e-07 7986.183849364565
5.449999999999989 1.8695655233935622e-07 8220.309028484367
5.4999999999999885 1.9057922276906906e-07 8379.594541979168
5.549999999999988 1.9247396261354008e-07 8462.90452419291
5.599999999999988 1.9264609789581733e-07 8470.473155499589
5.649999999999988 1.9113144436987953e-07 8403.875221923601
5.699999999999988 1.8799524100461838e-07 8265.979221403526
5.749999999999988 1.8333072981746307e-07 8060.884920372348
5.799999999999987 1.7725775150503033e-07 7793.861604918473
5.849999999999987 1.699202168831962e-07 7471.23690231273
5.899999999999987 1.6148277457612774e-07 7100.250262335469
5.949999999999987 1.5212736160897204e-07 6688.901289984311
5.999999999999987 1.4204969935621367e-07 6245.795675520501
6.0499999999999865 1.31455521086547e-07 5779.979323058909
6.099999999999986 1.205564385164337e-07 5300.756606699271
6.149999999999986 1.0956561633033226e-07 4817.500183127233
6.199999999999986 9.869352426596853e-08 4339.464214679451
6.249999999999986 8.8143955617381e-08 3875.6093065551954
6.299999999999986 7.811036943179805e-08 3434.441676550388
6.349999999999985 6.877253843932955e-08 3023.865767584553
6.399999999999985 6.029348546580287e-08 2651.0495445684096
6.449999999999985 5.2816732014930004e-08 2322.3035170721396
6.499999999999985 4.646391804363594e-08 2042.9760830182706
6.549999999999985 4.1332860090954344e-08 1817.3681463809733
6.5999999999999845 3.7496099129251016e-08 1648.6692675292857
6.649999999999984 3.4999964361744635e-08 1538.9164992582857
6.699999999999984 3.3864157309974915e-08 1488.9760994945414
6.749999999999984 3.408184678145396e-08 1498.5477069370932
6.799999999999984 3.562025802049563e-08 1566.1902454818837
6.849999999999984 3.8421734515483333e-08 1689.3686109185378
6.8999999999999835 4.2405245574030705e-08 1864.5199576346752
6.949999999999983 4.7468305954748823e-08 2087.1381030732573
6.999999999999983 5.34892661036786e-08 2351.8742273389216
7.049999999999983 6.032992428522343e-08 2652.6517262118027
7.099999999999983 6.783840394155486e-08 2982.7927260153133
7.149999999999983 7.585223926811183e-08 3335.1537535555913
7.199999999999982 8.420160213277588e-08 3702.2676208134108
7.249999999999982 9.271260921048582e-08 4076.488836635786
7.299999999999982 1.012106443990359e-07 4450.139690327264
7.349999999999982 1.095236342584076e-07 4815.65426972886
7.399999999999982 1.1748521631465091e-07 5165.717768648972
7.4499999999999815 1.2493774282106458e-07 5493.398559501869
7.499999999999981 1.3173506616208702e-07 5792.270664975392
7.549999999999981 1.377450602402115e-07 6056.524621113115
7.599999999999981 1.4285183418358674e-07 6281.064812017776
7.649999999999981 1.4695760090652827e-07 6461.591628752094
7.699999999999981 1.4998417230790367e-07 6594.667211847565
7.7499999999999805 1.5187406119926692e-07 6677.763902079135
7.79999999999998 1.5259117729622007e-07 6709.294842570353
7.84999999999998 1.5212111185006807e-07 6688.62649378754
7.89999999999998 1.5047101317378577e-07 6616.073160530132
7.94999999999998 1.4766906324183396e-07 6492.873978502126
7.99999999999998 1.437635725023802e-07 6321.15311403133
8.04999999999998 1.3882171851211766e-07 6103.864302993201
8.09999999999998 1.329279575464538e-07 5844.721010760075
8.14999999999998 1.261821464192218e-07 5548.113850327527
8.199999999999982 1.1869741489442297e-07 5219.017034199872
8.249999999999982 1.1059783401185116e-07 4862.88585279528
8.299999999999983 1.0201593000071665e-07 4485.547363496103
8.349999999999984 9.309009684144695e-08 4093.0866233520187
8.399999999999984 8.396196057376423e-08 3691.7308001109845
8.449999999999985 7.477374440799e-08 3287.7333185673538
8.499999999999986 6.56656792855704e-08 2887.260005270763
8.549999999999986 5.677350307692629e-08 2496.2791305373153
8.599999999999987 4.822609230252574e-08 2120.4572773859377
8.649999999999988 4.0143270172468916e-08 1765.0629630388582
8.699999999999989 3.263383183754514e-08 1434.879811012334
8.74999999999999 2.579382199844884e-08 1134.1308191653713
8.79999999999999 1.970509271754653e-08 866.4149479989662
8.84999999999999 1.4434161863823432e-08 634.6569275219504
8.899999999999991 1.0031385568133158e-08 441.07087086336855
8.949999999999992 6.530453942574638e-09 287.1381015135834
8.999999999999993 3.948209737680971e-09 173.59917984632506
9.049999999999994 2.284789653889419e-09 100.46011645509542
9.099999999999994 1.5240762830331391e-09 67.01224360821112
9.149999999999995 1.6344456894367987e-09 71.86508570749
9.199999999999996 2.5697894946085244e-09 112.99129941961293
9.249999999999996 4.2707856709457866e-09 187.78254931590814
9.299999999999997 6.666388236164525e-09 293.11500837721286
9.349999999999998 9.67550254906897e-09 425.4230192203439
9.399999999999999 1.320881001691065e-08 580.779324815823
9.45 1.7171714035799528e-08 755.0245987998983
9.5 2.1463640298587906e-08 943.736680650594
9.55 2.5981729912727294e-08 1142.3929587103019
9.600000000000001 3.062349157018044e-08 1346.4869836769906
9.650000000000002 3.5288566594861756e-08 1551.6060761297458
9.700000000000003 3.9880237448055286e-08 1753.4976541356461
9.750000000000004 4.4307089836112826e-08 1948.142314608755
9.800000000000004 4.848471188193215e-08 2131.8285443297054
9.850000000000005 5.233721997731321e-08 2301.2198102816265
9.900000000000006 5.579850643114848e-08 2453.409417602723
9.950000000000006 5.881321542149116e-08 2585.963421308268
10.000000000000007 6.133748559626264e-08 2696.953277766161
10.050000000000008 6.333948038158979e-08 2784.979161870674
10.100000000000009 6.479969315265091e-08 2849.1833851261063
10.15000000000001 6.571100035129564e-08 2889.252731180072
10.20000000000001 6.607844681987748e-08 2905.4090171479756
10.25000000000001 6.591878277605807e-08 2898.388734817616
10.300000000000011 6.525980599520979e-08 2869.4141270096156
10.350000000000012 6.413954359845701e-08 2820.1572115441295
10.400000000000013 6.260526731212415e-08 2752.696483097243
10.450000000000014 6.071233338159766e-08 2669.4659052719385
10.500000000000014 5.852286347303889e-08 2573.1969110499494
10.550000000000015 5.61043041509828e-08 2466.855064336094
10.600000000000016 5.352790875117023e-08 2353.5733092918417
10.650000000000016 5.0867181815257733e-08 2236.5835735487917
10.700000000000017 4.819632045031511e-08 2119.14823620787
10.750000000000018 4.5588682613747504e-08 2004.4927797248843
10.800000000000018 4.31153110468751e-08 1895.7408886167718
10.85000000000002 4.084353709185824e-08 1795.8530605656686
10.90000000000002 3.883569092214206e-08 1707.5698964283333
10.95000000000002 3.714793998010529e-08 1633.36102739937
11.000000000000021 3.582927545379963e-08 1575.380551318187
11.050000000000022 3.4920663091745726e-08 1535.429694770369
11.100000000000023 3.445437121211006e-08 1514.9272662643043
11.150000000000023 3.4453485265850313e-08 1514.8883120155945
11.200000000000024 3.4931614714427604e-08 1535.9112276275057
11.250000000000025 3.589279423022965e-08 1578.1734139637188
11.300000000000026 3.7331577367575705e-08 1641.4353957769501
11.350000000000026 3.9233317018706415e-08 1725.0531531029426
11.400000000000027 4.1574623330672936e-08 1827.9982554482767
11.450000000000028 4.4323986416667e-08 1948.8852418393974
11.500000000000028 4.744254792140994e-08 2086.0055458487996
11.55000000000003 5.0885001641284084e-08 2237.367095040483
11.60000000000003 5.460059887228766e-08 2400.7385152022603
11.65000000000003 5.853423013025228e-08 2573.696692596762
11.700000000000031 6.262755705776007e-08 2753.6765428758426
11.750000000000032 6.682017114348002e-08 2938.0219589125895
11.800000000000033 7.105076780694176e-08 3124.0374342375994
11.850000000000033 7.525832071973793e-08 3309.039696870804
11.900000000000034 7.938323985402912e-08 3490.4086276576377
11.950000000000035 8.336849014838097e-08 3665.6364469852315
12.000000000000036 8.716064447629467e-08 3832.3740128479762
12.050000000000036 9.071084571233724e-08 3988.47312201749
12.100000000000037 9.397565681329292e-08 4132.023887335236
12.150000000000038 9.691778307007457e-08 4261.386494470092
12.200000000000038 9.950665550562873e-08 4375.21685339194
12.250000000000039 1.0171886789732949e-07 4472.485813847597
12.30000000000004 1.0353846303441722e-07 4552.491751839211
12.35000000000004 1.0495706676388276e-07 4614.866463499489
12.400000000000041 1.059738708726719e-07 4659.574412437848
12.450000000000042 1.0659546827485188e-07 4686.905483070492
12.500000000000043 1.0683554652920538e-07 4697.461504868661
12.550000000000043 1.0671444829841165e-07 4692.136926149857
12.600000000000044 1.0625860983321105e-07 4672.094124738877
12.650000000000045 1.0549989142729052e-07 4638.733968680026
12.700000000000045 1.0447481540630572e-07 4593.662311309661
12.750000000000046 1.0322372909303382e-07 4538.653187597673
12.800000000000047 1.0178991039224446e-07 4475.609487530322
12.850000000000048 1.0021863437774966e-07 4406.521914794454
12.900000000000048 9.855621931272058e-08 4333.427041161238
12.950000000000049 9.684907203827041e-08 4258.365333093137
13.00000000000005 9.514275194632655e-08 4183.339995485124
13.05000000000005 9.348107189914414e-08 4110.277439916002
13.100000000000051 9.190525264437267e-08 4040.990105050388
13.150000000000052 9.045314541372016e-08 3977.1422750112833
13.200000000000053 8.915853623094955e-08 3920.219490437406
13.250000000000053 8.805054424328488e-08 3871.5020936640867
13.300000000000054 8.715312452062331e-08 3832.043367258262
13.350000000000055 8.648468289771213e-08 3802.6525989804136
13.400000000000055 8.605780784922961e-08 3783.883292576506
13.450000000000056 8.587912221522785e-08 3776.0266482809966
13.500000000000057 8.594925537670187e-08 3779.1103394019933
13.550000000000058 8.626293437495557e-08 3792.90251875664
13.600000000000058 8.680918991938925e-08 3816.9208766455736
13.650000000000059 8.757167112555765e-08 3850.446479598171
13.70000000000006 8.852906031690084e-08 3892.542008826194
13.75000000000006 8.965557762879775e-08 3942.073947203626
13.800000000000061 9.092156355091683e-08 3997.738193122323
13.850000000000062 9.229412585750674e-08 4058.088505426639
13.900000000000063 9.373783726667986e-08 4121.567178855585
13.950000000000063 9.521546907968239e-08 4186.537301492166
14.000000000000064 9.668874596841266e-08 4251.3159420819
14.050000000000065 9.811910702466949e-08 4314.207612673887
14.100000000000065 9.94684583199197e-08 4373.537357987164
14.150000000000066 1.0069990258121927e-07 4427.682838595202
14.200000000000067 1.0177843188967616e-07 4475.104788245301
14.250000000000068 1.0267157105323663e-07 4514.375302373003
14.300000000000068 1.0334995844299017e-07 4544.203376944461
14.350000000000069 1.0378785354393442e-07 4563.45722500049
14.40000000000007 1.0396356430516859e-07 4571.183066854663
14.45000000000007 1.0385978866171049e-07 4566.620146495996
14.500000000000071 1.0346386595980943e-07 4549.211786530566
14.550000000000072 1.0276793455035005e-07 4518.6123174196855
14.600000000000072 1.0176899367840721e-07 4474.689798707164
14.650000000000073 1.0046886970181075e-07 4417.524533680425
14.700000000000074 9.887408927700086e-08 4347.403493468265
14.750000000000075 9.699566435534591e-08 4264.810863525122
14.800000000000075 9.48487953279466e-08 4170.414991178962
14.850000000000076 9.24524998005847e-08 4065.0520632044763
14.900000000000077 8.982917559235154e-08 3949.706891271494
14.950000000000077 8.70041077073259e-08 3825.491233939494
15.000000000000078 8.400493034965103e-08 3693.620141951398
15.050000000000079 8.086105579847906e-08 3555.3868463859617
15.10000000000008 7.760308053340225e-08 3412.136646534839
15.15000000000008 7.426218056748035e-08 3265.2403232474862
15.200000000000081 7.086950855360012e-08 3116.067630247868
15.250000000000082 6.745560483210942e-08 2965.9613984362813
15.300000000000082 6.40498338582432e-08 2816.2127561174802
15.350000000000083 6.067985550042688e-08 2668.037882469456
15.400000000000084 5.7371143033013335e-08 2522.5568141238623
15.450000000000085 5.414655230067419e-08 2380.774501717396
15.500000000000085 5.102595190865072e-08 2243.5645496945363
15.550000000000086 4.802591968397078e-08 2111.655869984201
15.600000000000087 4.515951039013494e-08 1985.6224686264356
15.650000000000087 4.243609810929497e-08 1865.8765154606033
15.700000000000088 3.9861294571917887e-08 1752.664753155235
15.750000000000089 3.743694293181067e-08 1646.068223501543
15.80000000000009 3.51611852026992e-08 1546.0052325382676
15.85000000000009 3.302860082460228e-08 1452.2374431887179
15.900000000000091 3.103041251312262e-08 1364.3789262662788
15.950000000000092 2.915475394126192e-08 1281.9079301995907
16.000000000000092 2.7386992480145698e-08 1204.181071647753
16.050000000000093 2.5710099131366944e-08 1130.4496010879507
16.100000000000094 2.4109570141214035e-08 1060.0758017026094
16.150000000000095 2.257731771107404e-08 992.7040603659703
16.200000000000095 2.1103800276856723e-08 927.9148432106438
16.250000000000096 1.9648017064916553e-08 863.9053836282604
16.300000000000097 1.8164586482993765e-08 798.6802944130122
16.350000000000097 1.6621294854117036e-08 730.8231695800084
16.400000000000098 1.4998562750083422e-08 659.4731195353014
16.4500000000001 1.3283299975765875e-08 584.0545803425592
16.5000000000001 1.1463911627071849e-08 504.05773464794385
16.5500000000001 9.528261342545785e-09 418.94895771138727
16.6000000000001 7.463905932282672e-09 328.18113382584727
16.6500000000001 5.259294909654061e-09 231.24639863285591
16.700000000000102 2.9049811751655283e-09 127.72937178711216
16.750000000000103 3.944341542027636e-10 17.342909881276313
16.800000000000104 -2.275584279358366e-09 -100.05536453588564
16.850000000000104 -5.1049687551450916e-09 -224.46081842522227
16.900000000000105 -8.090411387567575e-09 -355.7280070754406
16.950000000000106 -1.1225631704628068e-08 -493.5807838630591
17.000000000000107 -1.4501632785153815e-08 -637.6235623728411
17.050000000000107 -1.7906957153384183e-08 -787.3525678493137
17.100000000000108 -2.1427942329389964e-08 -942.1670735155429
17.15000000000011 -2.5048989518993923e-08 -1101.3812146237885
17.20000000000011 -2.875285961039271e-08 -1264.2370031569048
17.25000000000011 -3.2521003171176016e-08 -1429.9188374961855
17.30000000000011 -3.633392134084989e-08 -1597.5693705363378
17.35000000000011 -4.017154633868977e-08 -1766.306240268609
17.400000000000112 -4.4013628430301406e-08 -1935.2390843474022
17.450000000000113 -4.7840118387027216e-08 -2103.4863564814227
17.500000000000114 -5.163153722531506e-08 -2270.1915835363743
17.550000000000114 -5.5369326832420506e-08 -2434.5387822271787
17.600000000000115 -5.9036175796593e-08 -2595.766785573978
17.650000000000116 -6.261631485668176e-08 -2753.1822335517368
17.700000000000117 -6.609577631884514e-08 -2906.1709794062676
17.750000000000117 -6.946261394591808e-08 -3054.207757989087
17.800000000000118 -7.270708075226157e-08 -3196.8640032347307
17.85000000000012 -7.582176146903253e-08 -3333.813672537809
17.90000000000012 -7.880165658192082e-08 -3464.836941815628
17.95000000000012 -8.164421872406688e-08 -3589.821805671572
18.00000000000012 -8.434934219200976e-08 -3708.7636164209066
18.05000000000012 -8.691930595456441e-08 -3821.7625782431096
18.100000000000122 -8.935867211996214e-08 -3929.019282874676
18.150000000000123 -9.167414365677854e-08 -4030.828453728131
18.200000000000124 -9.38743876197082e-08 -4127.571173290635
18.250000000000124 -9.596982504983332e-08 -4219.705645230485
18.300000000000125 -9.797239038877347e-08 -4307.756616056792
18.350000000000126 -9.989526568541678e-08 -4392.303688431955
18.400000000000126 -1.0175259577439471e-07 -4473.96879782907
18.450000000000127 -1.0355919190149571e-07 -4553.4031812117755
18.500000000000128 -1.0533023088792695e-07 -4631.274149561323
18.55000000000013 -1.0708095336514702e-07 -4708.251819537499
18.60000000000013 -1.0882636542243914e-07 -4784.995995194634
18.65000000000013 -1.1058094976575532e-07 -4862.1434678995165
18.70000000000013 -1.1235839327738843e-07 -4940.296037378745
18.75000000000013 -1.1417133586940648e-07 -5020.009469033382
18.800000000000132 -1.1603114335534756e-07 -5101.783507314606
18.850000000000133 -1.1794770910098332e-07 -5186.053154488759
18.900000000000134 -1.199292893878024e-07 -5273.18143171992
18.950000000000134 -1.2198237582287964e-07 -5363.453769048273
19.000000000000135 -1.2411160616620387e-07 -5457.074084549066
19.050000000000136 -1.2631971353561967e-07 -5554.162550920247
19.100000000000136 -1.2860751326892874e-07 -5654.755017821049
19.150000000000137 -1.3097392646843467e-07 -5758.804047104139
19.200000000000138 -1.3341603831830184e-07 -5866.1814769766825
19.25000000000014 -1.3592918974590838e-07 -5976.682452266402
19.30000000000014 -1.3850710028144364e-07 -6090.030826445982
19.35000000000014 -1.411420192583915e-07 -6205.885809780361
19.40000000000014 -1.4382490229129036e-07 -6323.849728892831
19.45000000000014 -1.4654560997923645e-07 -6443.476763576772
19.500000000000142 -1.4929312558898565e-07 -6564.28251812303
19.550000000000143 -1.5205578511114087e-07 -6685.754136680581
19.600000000000144 -1.5482151427659627e-07 -6807.360724653317
19.650000000000144 -1.5757807613597226e-07 -6928.56423454193
19.700000000000145 -1.6031332181756482e-07 -7048.83049154214
19.750000000000146 -1.630154353352775e-07 -7167.639957526111
19.800000000000146 -1.656731658899285e-07 -7284.49794511897
19.850000000000147 -1.6827604312584113e-07 -7398.944082334697
19.900000000000148 -1.7081457091884055e-07 -7510.56083325752
19.95000000000015 -1.7328039520553713e-07 -7618.980877342387
20.00000000000015 -1.7566644321980492e-07 -7723.893231515886
20.05000000000015 -1.7796703331140466e-07 -7825.048078800894
20.10000000000015 -1.8017795535372137e-07 -7922.260303771439
20.15000000000015 -1.822965210095354e-07 -8015.411702692797
20.200000000000152 -1.8432158300321925e-07 -8104.451830902391
20.250000000000153 -1.8625352367958032e-07 -8189.397499752553
20.300000000000153 -1.880942144337574e-07 -8270.33099278009
20.350000000000154 -1.8984694531629e-07 -8347.396970505402
20.400000000000155 -1.9151632412991984e-07 -8420.798033810917
20.450000000000156 -1.931081479720235e-07 -8490.78907577905
20.500000000000156 -1.946292515984476e-07 -8557.670614388393
20.550000000000157 -1.9608733731983083e-07 -8621.781313210195
20.600000000000158 -1.9749079065474978e-07 -8683.489875845376
20.65000000000016 -1.9884848594148352e-07 -8743.186498851184
20.70000000000016 -2.0016958676883884e-07 -8801.274096866657
20.75000000000016 -2.0146334695930806e-07 -8858.159552023655
20.80000000000016 -2.0273891461820557e-07 -8914.24509816619
20.85000000000016 -2.0400514770688664e-07 -8969.920211773104
20.900000000000162 -2.0527044430279496e-07 -9025.554148647248
20.950000000000163 -2.0653938753162585e-07 -9081.348424643838
21.000000000000163 -2.0781019984329027e-07 -9137.224882507278
21.050000000000164 -2.0908099231369938e-07 -9193.100467968825
21.100000000000165 -2.1035369799226248e-07 -9249.060175447306
21.150000000000166 -2.116346080766861e-07 -9305.38062316583
21.200000000000166 -2.1293301504657436e-07 -9362.470392974195
21.250000000000167 -2.1427114218848327e-07 -9421.306622505896
21.300000000000168 -2.1567202042904775e-07 -9482.90196059181
21.35000000000017 -2.17139719176942e-07 -9547.43533541844
21.40000000000017 -2.1866111418644092e-07 -9614.329685875728
21.45000000000017 -2.2021857317447913e-07 -9682.809736564861
21.50000000000017 -2.2179932699638527e-07 -9752.31403984512
21.55000000000017 -2.2339718165454738e-07 -9822.570251292867
21.600000000000172 -2.250090012566998e-07 -9893.44048858635
21.650000000000173 -2.2663030908962016e-07 -9964.727914729703
21.700000000000173 -2.2825293189447022e-07 -10036.073158989033
21.750000000000174 -2.2986522069458944e-07 -10106.964026489022
21.800000000000175 -2.3145375451681097e-07 -10176.81040928473
21.850000000000176 -2.3300509756418418e-07 -10245.021547642966
21.900000000000176 -2.3450674591719372e-07 -10311.047655631128
21.950000000000177 -2.3594717935748806e-07 -10374.382199759271
22.000000000000178 -2.3731542902254113e-07 -10434.542889150038
22.05000000000018 -2.3860064922885957e-07 -10491.05284899575
22.10000000000018 -2.3979198193058935e-07 -10543.434660927016
22.15000000000018 -2.408787370275659e-07 -10591.21829099317
22.20000000000018 -2.418507417934345e-07 -10633.956453697927
22.25000000000018 -2.426986841038774e-07 -10671.239703431347
22.300000000000182 -2.434143420909333e-07 -10702.706532160753
22.350000000000183 -2.4399068430915273e-07 -10728.047773645172
22.400000000000183 -2.4442188543685367e-07 -10747.007293805227
22.450000000000184 -2.447033161657754e-07 -10759.381546180448
22.500000000000185 -2.4483154527982527e-07 -10765.019663329856
22.550000000000185 -2.4480436111802373e-07 -10763.824400538086
22.600000000000186 -2.446207981339652e-07 -10755.753303610642
22.650000000000187 -2.442811489161259e-07 -10740.819237395865
22.700000000000188 -2.4378694797579766e-07 -10719.089672955184
22.75000000000019 -2.431409255537014e-07 -10690.68465648204
22.80000000000019 -2.4234693780011606e-07 -10655.773739385879
22.85000000000019 -2.41409873797113e-07 -10614.57189014461
22.90000000000019 -2.4033554772624874e-07 -10567.334753016452
22.95000000000019 -2.391305795008974e-07 -10514.353399552505
23.000000000000192 -2.378022694658937e-07 -10455.948819254365
23.050000000000193 -2.363584688636624e-07 -10392.46622408803
23.100000000000193 -2.3480744075373248e-07 -10324.26893324183
23.150000000000194 -2.331577149589104e-07 -10251.731995242013
23.200000000000195 -2.3141794555621498e-07 -10175.235921959174
23.250000000000195 -2.295967768592909e-07 -10095.160795977263
23.300000000000196 -2.2770271213831751e-07 -10011.880498327733
23.350000000000197 -2.2574398405297443e-07 -9925.75701154528
23.400000000000198 -2.237284330076804e-07 -9837.135071058661
23.4500000000002 -2.2166340039637805e-07 -9746.3374712613
23.5000000000002 -2.195556413266848e-07 -9653.661228071818
23.5500000000002 -2.174112582584475e-07 -9559.37466108184
23.6000000000002 -2.1523565473112594e-07 -9463.71535899126
23.6500000000002 -2.1303350757978038e-07 -9366.888957970565
23.700000000000202 -2.1080875672941642e-07 -9269.06869292749
23.750000000000203 -2.0856461277642503e-07 -9170.395730856024
23.800000000000203 -2.0630358317996476e-07 -9070.980322447575
23.850000000000204 -2.0402751750026213e-07 -8970.903791177778
23.900000000000205 -2.017376709060366e-07 -8870.22132567002
23.950000000000205 -1.9943478396222034e-07 -8768.965487888685
24.000000000000206 -1.9711917596239341e-07 -8667.150316881165
24.050000000000207 -1.9479084907385957e-07 -8564.77590794183
24.100000000000207 -1.9244960257809603e-07 -8461.833435660365
24.150000000000208 -1.900951465956304e-07 -8358.310154300854
24.20000000000021 -1.8772721250636739e-07 -8254.194252882795
24.25000000000021 -1.8534566368869826e-07 -8149.4797242787035
24.30000000000021 -1.8295060765220633e-07 -8044.171295586867
24.35000000000021 -1.8054250649132018e-07 -7938.2892846776995
24.40000000000021 -1.7812228155063484e-07 -7831.874202232415
24.450000000000212 -1.7569140387668335e-07 -7724.990728824899
24.500000000000213 -1.7325195621586065e-07 -7617.730440913852
24.550000000000214 -1.7080666547677918e-07 -7510.213238182952
24.600000000000215 -1.6835891513837905e-07 -7402.587889114133
24.650000000000215 -1.6591590486748385e-07 -7295.1709564887005
24.700000000000216 -1.6348508315877476e-07 -7188.28994382183
24.750000000000217 -1.6106767478926128e-07 -7081.9987034411515
24.800000000000217 -1.5866515662787049e-07 -6976.3621719259045
24.850000000000218 -1.562829482869858e-07 -6871.618644687769
24.90000000000022 -1.5392922116474122e-07 -6768.127410647171
24.95000000000022 -1.5161268352910078e-07 -6666.271364401125
25.00000000000022 -1.493413248709187e-07 -6566.401796572932
25.05000000000022 -1.471222959738522e-07 -6468.8331205956765
25.10000000000022 -1.4496227917897187e-07 -6373.85915290931
25.150000000000222 -1.4286775060053903e-07 -6281.764642349139
25.200000000000223 -1.4084493431416152e-07 -6192.823255840836
25.250000000000224 -1.388995338248998e-07 -6107.285771298073
25.300000000000225 -1.3703641464599537e-07 -6025.366120898816
25.350000000000225 -1.3525936684592305e-07 -5947.230950495871
25.400000000000226 -1.3357096597715733e-07 -5872.993504781623
25.450000000000227 -1.319724881350842e-07 -5802.709892505896
25.500000000000227 -1.3046382615747105e-07 -5736.375401843096
25.550000000000228 -1.2904339464900337e-07 -5673.920324407746
25.60000000000023 -1.2770803149930814e-07 -5615.205625091833
25.65000000000023 -1.2645290236876158e-07 -5560.018742392918
25.70000000000023 -1.2527142214416433e-07 -5508.070134891837
25.75000000000023 -1.2415520978641618e-07 -5458.991295946157
25.80000000000023 -1.230940844939408e-07 -5412.334584999459
25.850000000000232 -1.220761012567024e-07 -5367.5747908590165
25.900000000000233 -1.2108761819294643e-07 -5324.112092430839
25.950000000000234 -1.20113384414229e-07 -5281.275922064857
26.000000000000234 -1.1913664078301366e-07 -5238.3293957745145
26.050000000000235 -1.1813923661557188e-07 -5194.474444556827
26.100000000000236 -1.1710176942584122e-07 -5148.857958802323
26.150000000000237 -1.1600375024092448e-07 -5100.579057066714
26.200000000000237 -1.148237904191205e-07 -5048.697300289247
26.250000000000238 -1.1353980375094846e-07 -4992.2415779903595
26.30000000000024 -1.1212922165827824e-07 -4930.219570381085
26.35000000000024 -1.1056922383397071e-07 -4861.627889377607
26.40000000000024 -1.0883697987216332e-07 -4785.462702864455
26.45000000000024 -1.0690989472239488e-07 -4700.730527088421
26.50000000000024 -1.0476585364418124e-07 -4606.458997087754
26.550000000000242 -1.0238346575436256e-07 -4501.70757524681
26.600000000000243 -9.974230646986717e-08 -4385.578211283179
26.650000000000244 -9.68231522993829e-08 -4257.225665823245
26.700000000000244 -9.36082120198541e-08 -4115.867675021843
26.750000000000245 -9.008135289891173e-08 -3960.7948973560997
26.800000000000246 -8.622831286732066e-08 -3791.3802426543593
26.850000000000247 -8.203689177670822e-08 -3607.0872815240095
26.900000000000247 -7.749711897734771e-08 -3407.4776135937186
26.950000000000248 -7.260140007600634e-08 -3192.217320322113
27.00000000000025 -6.734460084936699e-08 -2961.08065459437
27.05000000000025 -6.172417303770988e-08 -2713.955571755625
27.10000000000025 -5.5740296416626353e-08 -2450.8499763746036
27.15000000000025 -4.939594550910022e-08 -2171.8946555129687
27.20000000000025 -4.269687196656001e-08 -1877.3425040362667
27.250000000000252 -3.5651544799921816e-08 -1567.56589662741
27.300000000000253 -2.827108447074908e-08 -1243.0537898351101
27.350000000000254 -2.0569193776243673e-08 -904.4086831499953
27.400000000000254 -1.2562071851211212e-08 -552.3428377494889
27.450000000000255 -4.268311869346734e-09 -187.6737785166774
27.500000000000256 4.291263547669908e-09 188.68294287159338
27.550000000000257 1.3093842118021333e-08 575.7242911975828
27.600000000000257 2.2114880277929405e-08 972.3711083553455
27.650000000000258 3.1328437673756805e-08 1377.4828206632496
27.70000000000026 4.070758998456818e-08 1789.8755902953337
27.75000000000026 5.0224845673789995e-08 2208.3406394715485
27.80000000000026 5.985252198306395e-08 2631.660782564439
27.85000000000026 6.956308012348893e-08 3058.6251641522254
27.90000000000026 7.932943201484089e-08 3488.042746062435
27.950000000000262 8.912523912069963e-08 3918.755446879772
28.000000000000263 9.892522031166245e-08 4349.651678410729
28.050000000000264 1.0870546791909841e-07 4779.680242278796
28.100000000000264 1.1844376258600351e-07 5207.864173629297
28.150000000000265 1.281198781602483e-07 5633.3141470073015
28.200000000000266 1.377158630857556e-07 6055.240848870973
28.250000000000266 1.4721627893041518e-07 6472.965465446346
28.300000000000267 1.566083796640117e-07 6885.92756541424
28.350000000000268 1.6588222741706942e-07 7293.690189721053
28.40000000000027 1.7503075177781212e-07 7695.942458811978
28.45000000000027 1.8404976147288904e-07 8092.500086221872
28.50000000000027 1.929379102547895e-07 8483.303878675997
28.55000000000027 2.0169660805019275e-07 8868.415829364036
28.60000000000027 2.103298777264322e-07 9248.012820092195
28.650000000000272 2.1884418004881624e-07 9622.378924816332
28.700000000000273 2.2724822807585318e-07 9991.89724876932
28.750000000000274 2.3555279290595542e-07 10357.041387320876
28.800000000000274 2.437704930145468e-07 10718.366163322376
28.850000000000275 2.5191556114428453e-07 11076.497377482603
28.900000000000276 2.6000356760835867e-07 11432.119642266272
28.950000000000276 2.680510742045655e-07 11785.961164811619
29.000000000000277 2.7607532211138403e-07 12138.78002400563
29.050000000000278 2.8409397506551807e-07 12491.3528782349
29.10000000000028 2.921248460235719e-07 12844.462946948903
29.15000000000028 3.00185555148864e-07 13198.88497265223
29.20000000000028 3.082930297047986e-07 13555.36323167245
29.25000000000028 3.164628418579359e-07 13914.58241796528
29.30000000000028 3.247084853866704e-07 14277.135840655086
29.350000000000282 3.330405730643829e-07 14643.490133704408
29.400000000000283 3.414658721266683e-07 15013.942846287971
29.450000000000284 3.499864609291619e-07 15388.585361806785
29.500000000000284 3.5859932017513694e-07 15767.284924538557
29.550000000000285 3.6729628991072125e-07 16149.682748756613
29.600000000000286 3.76064034720834e-07 16535.19248842699
29.650000000000286 3.84884070612836e-07 16923.001419258017
29.700000000000287 3.9373302727844587e-07 17312.081970117462
29.750000000000288 4.025830811315383e-07 17701.210763309453
29.80000000000029 4.1140233581208637e-07 18088.98534498562
29.85000000000029 4.201550220645011e-07 18473.832973613342
29.90000000000029 4.288016473620762e-07 18854.017198826055
29.95000000000029 4.3729937120907523e-07 19227.654363113597
30.00000000000029 4.456025400508973e-07 19592.737121334165
30.050000000000292 4.5366319965590363e-07 19947.15696967571
30.100000000000293 4.614316872833984e-07 20288.73028274178
30.150000000000293 4.6885713480831185e-07 20615.220435484793
30.200000000000294 4.758872764430279e-07 20924.329348910207
30.250000000000295 4.824681796350587e-07 21213.68565789283
30.300000000000296 4.885447864553696e-07 21480.86851552748
30.350000000000296 4.940630680800631e-07 21723.502323722914
30.400000000000297 4.989719891314589e-07 21939.343103486863
30.450000000000298 5.03225301740443e-07 22126.35737821062
30.5000000000003 5.067802043218898e-07 22282.66320124808
30.5500000000003 5.095960778956743e-07 22406.47459310363
30.6000000000003 5.11635307306693e-07 22496.13764972719
30.6500000000003 5.12864657249425e-07 22550.191045058647
30.7000000000003 5.132563646637282e-07 22567.414062674397
30.750000000000302 5.127887722419749e-07 22546.85445051803
30.800000000000303 5.114464677959734e-07 22487.83454873672
30.850000000000303 5.092200417623399e-07 22389.94062741371
30.900000000000304 5.061056557680531e-07 22253.00391678936
30.950000000000305 5.021045775375183e-07 22077.080157549102
31.000000000000306 4.972228342535283e-07 21862.43435942118
31.050000000000306 4.914709900458698e-07 21609.531017553672
31.100000000000307 4.848639806137342e-07 21319.026841012797
31.150000000000308 4.774209692315374e-07 20991.76442149018
31.20000000000031 4.691652387696383e-07 20628.767485552373
31.25000000000031 4.601241664191385e-07 20231.23978331335
31.30000000000031 4.5032934712425724e-07 19800.570515643423
31.35000000000031 4.3981691596986073e-07 19338.34850925475
31.40000000000031 4.286281140562279e-07 18846.3870976985
31.450000000000312 4.1680993592401703e-07 18326.752588049927
31.500000000000313 4.04415648781845e-07 17781.787090871272
31.550000000000313 3.9150519134069996e-07 17214.12605659702
31.600000000000314 3.781456605293048e-07 16626.71967596433
31.650000000000315 3.6441151609507464e-07 16022.841876130491
31.700000000000315 3.5038436103489435e-07 15406.080666414511
31.750000000000316 3.361525705461948e-07 14780.321823614502
31.800000000000317 3.2181086984621934e-07 14149.730329106014
31.850000000000318 3.074597112643819e-07 13518.722980161363
31.90000000000032 2.9320426192080687e-07 12891.923879098656
31.95000000000032 2.791529390545732e-07 12274.10003300105
32.00000000000032 2.6541555980924817e-07 11670.08000147479
32.05000000000032 2.52101208415058e-07 11084.660118595213
32.100000000000314 2.3931587103758296e-07 10522.50049936184
32.15000000000031 2.2715986450555398e-07 9988.01198320558
32.20000000000031 2.1572503331271058e-07 9485.232888717872
32.250000000000306 2.0509187426807223e-07 9017.702587146567
32.3000000000003 1.9532684776443147e-07 8588.343281324744
32.3500000000003 1.8647995618691821e-07 8199.353530504732
32.4000000000003 1.7858258183915508e-07 7852.113185943821
32.450000000000294 1.7164549353090015e-07 7547.0957423816835
32.50000000000029 1.6565701966913824e-07 7283.788010522525
32.55000000000029 1.605814144410729e-07 7060.618279591918
32.600000000000286 1.563576924702009e-07 6874.905078227657
32.65000000000028 1.5289931129821112e-07 6722.843213498547
32.70000000000028 1.500944926079332e-07 6599.517894784379
32.75000000000028 1.4780692424956225e-07 6498.935601228501
32.800000000000274 1.4587681285499928e-07 6414.070364229976
32.85000000000027 1.4412267405930086e-07 6336.942481847333
32.90000000000027 1.423434735862682e-07 6258.712660378405
32.950000000000266 1.4032113133949899e-07 6169.792116959169
33.00000000000026 1.378234019463902e-07 6059.969234455358
33.05000000000026 1.3460718650331886e-07 5918.5551758764395
33.10000000000026 1.304219472873487e-07 5734.534026133811
33.150000000000254 1.2501381069658588e-07 5496.743194584732
33.20000000000025 1.1813032907546623e-07 5194.082788145559
33.25000000000025 1.0952540467757745e-07 4815.73211344444
33.300000000000246 9.896416432187973e-08 4351.364011007735
33.35000000000024 8.622754038398215e-08 3791.3462772667735
33.40000000000024 7.111649394917211e-08 3126.927352743386
33.45000000000024 5.345596784627482e-08 2350.4101333419794
33.500000000000234 3.3098445839614854e-08 1455.3084647727076
33.55000000000023 9.92732442139025e-09 436.49539718576005
33.60000000000023 -1.6139857742417693e-08 -709.6548190385097
33.650000000000226 -4.514854980334922e-08 -1985.1405416258317
33.70000000000022 -7.710462204310187e-08 -3390.219881506442
33.75000000000022 -1.1197231281040526e-07 -4923.320431502667
33.80000000000022 -1.4967287735751632e-07 -6580.979856902413
33.850000000000215 -1.9008384185553332e-07 -8357.813095193153
33.90000000000021 -2.3303896509890394e-07 -10246.510672244087
33.95000000000021 -2.7832952112489293e-07 -12237.895097913884
34.000000000000206 -3.2570663168878123e-07 -14321.023422857053
34.0500000000002 -3.7488430826764774e-07 -16483.320992654724
34.1000000000002 -4.2554264112007866e-07 -18710.721667860384
34.1500000000002 -4.773308301587772e-07 -20987.801088703185
34.200000000000195 -5.29871159859548e-07 -23297.951448209322
34.25000000000019 -5.827649324477769e-07 -25623.642368998124
34.30000000000019 -6.35598903820558e-07 -27946.703884905906
34.350000000000186 -6.879518147599093e-07 -30248.613612472018
34.40000000000018 -7.3940017768833e-07 -32510.75118930092
34.45000000000018 -7.895233979268439e-07 -34714.62345110573
34.50000000000018 -8.379082491105736e-07 -36842.06121164769
34.550000000000175 -8.841538539064007e-07 -38875.43826034732
34.60000000000017 -9.278778596869796e-07 -40797.94290103614
34.65000000000017 -9.68722229075474e-07 -42593.832556925525
34.700000000000166 -1.006357160712545e-06 -44248.60616315382
34.75000000000016 -1.0404845349715365e-06 -45749.15567173928
34.80000000000016 -1.070842497914873e-06 -47083.967603960446
34.85000000000016 -1.0972092394860053e-06 -48243.289174008816
34.900000000000155 -1.1194070139641674e-06 -49219.305064716296
34.95000000000015 -1.1373072101502221e-06 -50006.36035900079
35.00000000000015 -1.1508342729548224e-06 -50601.13296851967
35.050000000000146 -1.1599677307678753e-06 -51002.722775255286
35.10000000000014 -1.1647430297286596e-06 -51212.688313610925
35.15000000000014 -1.165250345663919e-06 -51234.994532412704
35.20000000000014 -1.1616298760105235e-06 -51075.8057850446
35.250000000000135 -1.1540630644669146e-06 -50743.09998537911
35.30000000000013 -1.1427637905248202e-06 -50246.28121952533
35.35000000000013 -1.1279757305412787e-06 -49596.0637145736
35.40000000000013 -1.1099699384769818e-06 -48804.36546586775
35.450000000000124 -1.0890397628741174e-06 -47884.08474115858
35.50000000000012 -1.065495253071573e-06 -46848.854126990096
35.55000000000012 -1.0396576068665216e-06 -45712.796397445316
35.600000000000115 -1.0118538092809062e-06 -44490.28878560018
35.65000000000011 -9.82411314921137e-07 -43195.72917173121
35.70000000000011 -9.516537307869922e-07 -41843.346260361846
35.75000000000011 -9.198981067273227e-07 -40447.080444071944
35.800000000000104 -8.874540419462431e-07 -39020.54451739024
35.8500000000001 -8.546233959292203e-07 -37577.010966478185
35.9000000000001 -8.21697426135283e-07 -36129.28611606795
35.950000000000095 -7.889566491868409e-07 -34689.704026105464
36.00000000000009 -7.566715192459932e-07 -33270.1563193377
36.05000000000009 -7.251007114211325e-07 -31882.016704267273
36.10000000000009 -6.944873288939566e-07 -30535.97420598777
36.150000000000084 -6.65055281254262e-07 -29241.873924868967
36.20000000000008 -6.370067109756527e-07 -28008.603881041818
36.25000000000008 -6.105190764286296e-07 -26843.96675714545
36.300000000000075 -5.857412123108561e-07 -25754.506679040365
36.35000000000007 -5.627883729492482e-07 -24745.291274323805
36.40000000000007 -5.417371020082799e-07 -23819.686098084767
36.45000000000007 -5.226201655027179e-07 -22979.131842097064
36.500000000000064 -5.05426798666919e-07 -22223.15518943706
36.55000000000006 -4.901054223036447e-07 -21549.488249862687
36.60000000000006 -4.7656449469022324e-07 -20954.1060173501
36.650000000000055 -4.6467223270043525e-07 -20431.214108077464
36.70000000000005 -4.542584943984458e-07 -19973.331536362446
36.75000000000005 -4.451183320110266e-07 -19571.446935609147
36.80000000000005 -4.370142912679303e-07 -19215.11965820644
36.850000000000044 -4.296768564187585e-07 -18892.499342513627
36.90000000000004 -4.2280508716503556e-07 -18590.353918182605
36.95000000000004 -4.1606873345724035e-07 -18294.16259185381
37.000000000000036 -4.091116503294848e-07 -17988.265994321366
37.05000000000003 -4.015559924805465e-07 -17656.050612433988
37.10000000000003 -3.930079484089622e-07 -17280.200913783257
37.15000000000003 -3.8306456430747685e-07 -16842.99938711646
37.200000000000024 -3.713204832117052e-07 -16326.622856554488
37.25000000000002 -3.573754627526718e-07 -15713.473030311889
37.30000000000002 -3.408425831768634e-07 -14986.537399849618
37.350000000000016 -3.2135518057483266e-07 -14129.694087610911
37.40000000000001 -2.985729072463407e-07 -13127.978315747176
37.45000000000001 -2.721915441367242e-07 -11968.013849992245
37.50000000000001 -2.419510080000672e-07 -10638.365067321367
37.550000000000004 -2.0764092665547374e-07 -9129.782094882681
37.6 -1.6910422990275383e-07 -7435.358699283609
37.65 -1.264263015104299e-07 -5558.849126922515
37.699999999999996 -7.978991772132717e-08 -3508.2898824326344
37.74999999999999 -2.9336129558801698e-08 -1289.8828506169443
37.79999999999999 2.5168575355456197e-08 1106.639294743737
37.84999999999999 8.410776096102113e-08 3698.141510111396
37.899999999999984 1.4748498886610144e-07 6484.780396149366
37.94999999999998 2.149023638882756e-07 9449.060864723411
37.99999999999998 2.8580218249643077e-07 12566.461200415379
38.049999999999976 3.596423379866545e-07 15813.14546606868
38.09999999999997 4.3593134801656434e-07 19167.50363151388
38.14999999999997 5.141843049978821e-07 22608.214752520747
38.19999999999997 5.938732850706595e-07 26112.066498641467
38.249999999999964 6.744055540129019e-07 29652.996886941575
38.29999999999996 7.551307251837472e-07 33202.40901023069
38.34999999999996 8.353624335969942e-07 36730.12402630023
38.399999999999956 9.144000366535091e-07 40205.335319327816
38.44999999999995 9.915464575392843e-07 43597.393057809626
38.49999999999995 1.0661243716068147e-06 46876.51589498123
38.54999999999995 1.1374876507994193e-06 50014.29416971318
38.599999999999945 1.2050287893603058e-06 52984.01640816341
38.64999999999994 1.2681860113053462e-06 55760.98183287035
38.69999999999994 1.3264519728340928e-06 58322.88299982534
38.749999999999936 1.3793818089320977e-06 60650.15960023489
38.79999999999993 1.4266028480077334e-06 62726.42560423815
38.84999999999993 1.4678237513051695e-06 64538.871112556735
38.89999999999993 1.5028406330119232e-06 66078.53145203981
38.949999999999925 1.5315390297961518e-06 67340.37377442178
38.99999999999992 1.5538944508366854e-06 68323.32124064109
39.04999999999992 1.5699745319818171e-06 69030.34773723669
39.099999999999916 1.5799406901592516e-06 69468.55061924407
39.14999999999991 1.5840455546305456e-06 69649.03776479665
39.19999999999991 1.582626388593042e-06 69586.63832896498
39.24999999999991 1.5760965010394569e-06 69299.5251310585
39.299999999999905 1.5649358571042045e-06 68808.80180012049
39.3499999999999 1.5496809710034494e-06 68138.05837672383
39.3999999999999 1.5309128524284632e-06 67312.84132688446
39.449999999999896 1.5092413212766047e-06 66359.96387509374
39.49999999999989 1.4852912138693152e-06 65306.89950430908
39.54999999999989 1.4596915093268126e-06 64181.303852570236
39.59999999999989 1.4330647508629543e-06 63010.549576986334
39.649999999999885 1.4060152286612184e-06 61821.20676557469
39.69999999999988 1.379116551450133e-06 60638.496470772014
39.74999999999988 1.3529013739623654e-06 59485.839035183155
39.799999999999876 1.3278531441815735e-06 58384.49122555493
39.84999999999987 1.3043954637305614e-06 57353.07841875081
39.89999999999987 1.2828821214410082e-06 56407.15638690523
39.94999999999987 1.2635903097581251e-06 55558.913028925635
39.999999999999865 1.2467173692306497e-06 54817.025228687846
40.04999999999986 1.232380150136003e-06 54186.63078627668
40.09999999999986 1.2206160123830553e-06 53669.37238279823
40.14999999999986 1.2113850536662802e-06 53263.4955502851
40.199999999999854 1.2045730053472379e-06 52963.97600096301
40.24999999999985 1.1999952764229324e-06 52762.697436849805
40.29999999999985 1.1974029267290571e-06 52648.7141860522
40.349999999999845 1.1964907286470653e-06 52608.6056686703
40.39999999999984 1.196906678083721e-06 52626.89458589064
40.44999999999984 1.198262214858763e-06 52686.496301106774
40.49999999999984 1.2001428876797848e-06 52769.18776913411
40.549999999999834 1.2021197778294997e-06 52856.109825316045
40.59999999999983 1.20376228673562e-06 52928.32944330428
40.64999999999983 1.2046481858793268e-06 52967.28162036476
40.699999999999825 1.204372219125248e-06 52955.14761397809
40.74999999999982 1.2025552544187094e-06 52875.25733361774
40.79999999999982 1.1988535857166472e-06 52712.49833816522
40.84999999999982 1.1929671614906367e-06 52453.67763568066
40.899999999999814 1.1846455751637394e-06 52087.785077445325
40.94999999999981 1.1736900297188055e-06 51606.07973999617
40.99999999999981 1.1599541344535507e-06 51002.12495771962
41.049999999999805 1.143344223618118e-06 50271.80233305446
41.0999999999998 1.123817501353661e-06 49413.23017113386
41.1499999999998 1.1013838953478267e-06 48426.84498332571
41.1999999999998 1.0761081812073582e-06 47315.49489395767
41.249999999999794 1.0481059174185191e-06 46084.260904236
41.29999999999979 1.0175392734679049e-06 44740.27345852395
41.34999999999979 9.846120119002039e-07 43292.49180999994
41.399999999999785 9.495480549146264e-07 41750.761613458155
41.44999999999978 9.125756147126063e-07 40125.1171511764
41.49999999999978 8.739297403299606e-07 38425.89331480241
41.54999999999978 8.338576353081742e-07 36663.959418508464
41.599999999999774 7.926190397782967e-07 34850.7359988717
41.64999999999977 7.504824664600874e-07 32998.02931519077
41.69999999999977 7.077133092212752e-07 31117.50849368616
41.749999999999766 6.64560696960509e-07 29220.127504727967
41.79999999999976 6.212518413210677e-07 27315.876636964822
41.84999999999976 5.779914010273019e-07 25413.754547777196
41.89999999999976 5.349615952699486e-07 23521.77324872626
41.949999999999754 4.923208221059237e-07 21646.897357853293
41.99999999999975 4.502009525305436e-07 19794.92512250418
42.04999999999975 4.0870432744713607e-07 17970.356378823097
42.099999999999746 3.6790319593769777e-07 16176.367853025871
42.14999999999974 3.2783953839209845e-07 14414.805384552454
42.19999999999974 2.8852441944359077e-07 12686.15547523167
42.24999999999974 2.4993895439155315e-07 10989.587782007458
42.299999999999734 2.120370972741895e-07 9323.077705951668
42.34999999999973 1.7474998416464986e-07 7683.597363031679
42.39999999999973 1.3799170407586897e-07 6067.369325530829
42.449999999999726 1.016646564035241e-07 4470.102183927169
42.49999999999972 6.566279868276531e-08 2887.1333477936655
42.54999999999972 2.986561924851835e-08 1313.1640291710212
42.59999999999972 -5.8660831460628646e-09 -257.9263237583225
42.649999999999714 -4.168438139002777e-08 -1832.8242171756076
42.69999999999971 -7.774493596305954e-08 -3418.373900348948
42.74999999999971 -1.1419841772832891e-07 -5021.200233660898
42.799999999999706 -1.5117980217528757e-07 -6647.237966231938
42.8499999999997 -1.8879939207785224e-07 -8301.33701039169
42.8999999999997 -2.2714011316473766e-07 -9987.143534770874
42.9499999999997 -2.6625652750148565e-07 -11707.056583609312
42.999999999999694 -3.0617310529372385e-07 -13462.152089521998
43.04999999999969 -3.468820489625586e-07 -15252.087200079442
43.09999999999969 -3.883405182723238e-07 -17074.97826920654
43.149999999999686 -4.304704238936623e-07 -18927.39178033962
43.19999999999968 -4.731618245657811e-07 -20804.493716551282
43.24999999999968 -5.161461482551743e-07 -22694.47521057154
43.29999999999968 -5.59339113883323e-07 -24593.630500275405
43.349999999999675 -6.026830030155456e-07 -26499.42175875183
43.39999999999967 -6.46022659460382e-07 -28405.026909825752
43.44999999999967 -6.891268622815395e-07 -30300.279379892792
43.499999999999666 -7.317440564872585e-07 -32174.118525482325
43.54999999999966 -7.736378340846883e-07 -34016.14970284573
43.59999999999966 -8.145979447123038e-07 -35817.128395417756
43.64999999999966 -8.544371267050443e-07 -37568.82087864193
43.699999999999655 -8.929845120661098e-07 -39263.714242597736
43.74999999999965 -9.300819094251898e-07 -40894.85295706537
43.79999999999965 -9.655838575802666e-07 -42455.8412257099
43.849999999999646 -9.9935895148303e-07 -43940.90128845019
43.89999999999964 -1.031291172441873e-06 -45344.931909270956
43.94999999999964 -1.0612806287597332e-06 -46663.54094139284
43.99999999999964 -1.0892441346109072e-06 -47893.07077995785
44.049999999999635 -1.1151165253043405e-06 -49030.65619295616
44.09999999999963 -1.1388523785659072e-06 -50074.30000443739
44.14999999999963 -1.160424933348986e-06 -51022.82555559822
44.199999999999626 -1.1798224036514553e-06 -51875.714626678826
44.24999999999962 -1.1970448072047562e-06 -52632.96799731449
44.29999999999962 -1.2121020204121204e-06 -53295.01992394415
44.34999999999962 -1.2250130476781783e-06 -53862.70601289992
44.399999999999615 -1.235806568115278e-06 -54337.287258585115
44.44999999999961 -1.24452254911041e-06 -54720.52099053974
44.49999999999961 -1.251214109438696e-06 -55014.74279284069
44.549999999999606 -1.255948271042687e-06 -55222.89955915158
44.5999999999996 -1.258804188125852e-06 -55348.471627579165
44.6499999999996 -1.2598689232751572e-06 -55395.287060637056
44.6999999999996 -1.2592325493179234e-06 -55367.306278360724
44.749999999999595 -1.2569845007227134e-06 -55268.46163273347
44.79999999999959 -1.2532113109092088e-06 -55102.557919266204
44.84999999999959 -1.2479958355209744e-06 -54873.23822500954
44.89999999999959 -1.2414181315181937e-06 -54584.02258145933
44.949999999999584 -1.2335561535288027e-06 -54238.33858248065
44.99999999999958 -1.2244854169651398e-06 -53839.50657185426
45.04999999999958 -1.2142781805112668e-06 -53390.70369799006
45.099999999999575 -1.2030031287366593e-06 -52894.94995874054
45.14999999999957 -1.1907260740820601e-06 -52355.139067078344
45.19999999999957 -1.1775113227176052e-06 -51774.09850663184
45.24999999999957 -1.1634227584248858e-06 -51154.637188990484
45.299999999999564 -1.14852409544668e-06 -50499.55657127677
45.34999999999956 -1.132878582931201e-06 -49811.637660829554
45.39999999999956 -1.1165474493667647e-06 -49093.57261841564
45.449999999999555 -1.0995866250941836e-06 -48347.820650090085
45.49999999999955 -1.082039535601298e-06 -47576.29113493211
45.54999999999955 -1.0639296798571517e-06 -46780.017301170265
45.59999999999955 -1.045262578657887e-06 -45959.24189317381
45.649999999999544 -1.0260280377616937e-06 -45113.51667943148
45.69999999999954 -1.0062041390360928e-06 -44241.87793965615
45.74999999999954 -9.85758653638036e-07 -43342.908601024355
45.799999999999535 -9.646474927074162e-07 -42414.67011658356
45.84999999999953 -9.428125199210218e-07 -41454.60628524533
45.89999999999953 -9.201807777476039e-07 -40459.50923092661
45.94999999999953 -8.96667591764968e-07 -39425.65589653986
45.999999999999524 -8.721834721434624e-07 -38349.11149592521
46.04999999999952 -8.466416323304551e-07 -37226.06010354688
46.09999999999952 -8.199633078951428e-07 -36053.038519246584
46.149999999999515 -7.920811097904061e-07 -34827.083708107784
46.19999999999951 -7.629414511726495e-07 -33545.83950550985
46.24999999999951 -7.325067356791852e-07 -32207.652833688073
46.29999999999951 -7.007568952590275e-07 -30811.641318750553
46.349999999999504 -6.676902416004594e-07 -29357.730727171504
46.3999999999995 -6.333243591493102e-07 -27846.69423099011
46.4499999999995 -5.976974239994132e-07 -26280.210398220614
46.499999999999496 -5.608699381612969e-07 -24660.93944706434
46.54999999999949 -5.229264016148298e-07 -22992.596764538896
46.59999999999949 -4.839759150813986e-07 -21279.979409820906
46.64999999999949 -4.4415162987109016e-07 -19528.94192452855
46.699999999999484 -4.036091717732723e-07 -17746.32703262843
46.74999999999948 -3.625252888519611e-07 -15939.906185231599
46.79999999999948 -3.210949981069896e-07 -14118.254101888551
46.849999999999476 -2.79528273823586e-07 -12290.603160341672
46.89999999999947 -2.3804695216620112e-07 -10466.707294340064
46.94999999999947 -1.9688132794066423e-07 -8656.692356376638
46.99999999999947 -1.562659121648668e-07 -6870.869581941837
47.049999999999464 -1.164342938788516e-07 -5119.509668001304
47.09999999999946 -7.761343487460384e-08 -3412.591917470243
47.14999999999946 -4.001820576151548e-08 -1759.5639949971471
47.199999999999456 -3.84633770364492e-09 -169.11995945710564
47.24999999999945 3.072652864359689e-08 1351.0174297847925
47.29999999999945 6.355150919975737e-08 2794.301875551862
47.34999999999945 9.451174084086675e-08 4155.595012908265
47.399999999999444 1.2353477103846802e-07 5431.711170282938
47.44999999999944 1.506009265534933e-07 6621.785333303794
47.49999999999944 1.7574328889248307e-07 7727.272065630079
47.549999999999436 1.9904502011427842e-07 8751.827927112543
47.59999999999943 2.2063730790979533e-07 9701.22112082601
47.64999999999943 2.4069744466215485e-07 10583.24703109596
47.69999999999943 2.594461707140895e-07 11407.611409390365
47.749999999999424 2.7714346865158633e-07 12185.745452808742
47.79999999999942 2.9408271506532964e-07 12930.548662368694
47.84999999999942 3.105841878440901e-07 13656.103364620114
47.899999999999416 3.2698940648991195e-07 14377.425860467834
47.94999999999941 3.4365611503988295e-07 15110.245828819398
47.99999999999941 3.6095411070599984e-07 15870.822915685854
48.04999999999941 3.792623690417574e-07 16675.820330379676
48.099999999999405 3.989638162928873e-07 17542.074990546404
48.1499999999994 4.204339393863697e-07 18486.09671377365
48.1999999999994 4.440268136491754e-07 19523.453869132423
48.249999999999396 4.700028899627137e-07 20665.59824424469
48.29999999999939 4.986758318458269e-07 21926.321337849502
48.34999999999939 5.303320005897659e-07 23318.21419464908
48.39999999999939 5.651649968428149e-07 24849.78925850858
48.449999999999385 6.032815103131394e-07 26525.737578553068
48.49999999999938 6.447226886544833e-07 28347.868379574844
48.54999999999938 6.894729916060055e-07 30315.49837048354
48.599999999999376 7.374562488340915e-07 32425.27841120742
48.64999999999937 7.885289185718926e-07 34670.89710122467
48.69999999999937 8.424777653069358e-07 37042.97866960648
48.74999999999937 8.990214970739093e-07 39529.154965286936
48.799999999999365 9.57814453708723e-07 42114.227626228974
48.84999999999936 1.0184516875916803e-06 44780.39147506596
48.89999999999936 1.080475050039451e-06 47507.5021322036
48.949999999999356 1.143380301536488e-06 50273.38864620794
48.99999999999935 1.2066267516848085e-06 53054.277353601916
49.04999999999935 1.2696483271547455e-06 55825.27852656147
49.09999999999935 1.3318601222297504e-06 58560.67439439396
49.149999999999345 1.3926634679179041e-06 61234.142027746166
49.19999999999934 1.4514535278578397e-06 63819.08732365733
49.24999999999934 1.5076297725156018e-06 66289.10554643848
49.299999999999336 1.560609189445759e-06 68618.56217080056
49.34999999999933 1.6098404423053088e-06 70783.21544077725
49.39999999999933 1.6548169417688871e-06 72760.7910859409
49.44999999999933 1.6950872730413218e-06 74531.44080961558
49.499999999999325 1.7302630462658156e-06 76078.08746416215
49.54999999999932 1.7600236067071958e-06 77386.63215343824
49.59999999999932 1.7841201427804756e-06 78446.13485906598
49.64999999999932 1.8023802323141668e-06 79249.01433548183
49.699999999999314 1.8147107104051935e-06 79791.17420690056
49.74999999999931 1.8210974679636495e-06 80071.99410951204
49.79999999999931 1.8216060241116492e-06 80094.35485933644
49.849999999999305 1.8163812438885366e-06 79864.62603997985
49.8999999999993 1.8056438559766695e-06 79392.5128902142
49.9499999999993 1.789683703193579e-06 78690.75953427574
49.9999999999993 1.7688501702228931e-06 77774.72809792738
50.049999999999294 1.7435442578304223e-06 76662.05021897149
