# (1): time [s] (2): displacement/rotation [m/rad] (3): support force/ moment [N]/[N m]
0.05 0.0 0.0
0.1 7.613317747722552e-06 4091.3966503473853
0.15000000000000002 3.7904127904098386e-05 20369.676805825933
0.2 8.833764787658905e-05 47472.64840351104
0.25 0.00014371518707605337 77232.53573422779
0.3 0.0001917760316195452 103060.43165213172
0.35 0.0002275184939418294 122268.42946153702
0.39999999999999997 0.0002520062008218451 135428.12215051684
0.44999999999999996 0.00026813371370714047 144095.04692415713
0.49999999999999994 0.00027830979875041484 149563.674615699
0.5499999999999999 0.00028358703739593376 152399.66245080793
0.6 0.00028370710760168257 152464.1881745312
0.65 0.00027771905228707956 149246.20749014558
0.7000000000000001 0.0002647547452244685 142279.1893979467
0.7500000000000001 0.00024459113502771433 131443.2660920281
0.8000000000000002 0.00021782718367826674 117060.31971704635
0.8500000000000002 0.0001857282225292806 99810.33929111724
0.9000000000000002 0.00014989169957444387 80551.79330157458
0.9500000000000003 0.00011189968000772349 60134.88351980295
1.0000000000000002 7.309126635578614e-05 39279.243589585945
1.0500000000000003 3.4514262231289324e-05 18547.96313007564
1.1000000000000003 -2.9804426366573598e-06 -1601.6897526469609
1.1500000000000004 -3.8600225696727295e-05 -20743.759731489725
1.2000000000000004 -7.15190180376302e-05 -38434.317406865965
1.2500000000000004 -0.00010087156020805656 -54208.3723845644
1.3000000000000005 -0.00012581789806882638 -67614.53334409084
1.3500000000000005 -0.00014563602392731953 -78264.79338057194
1.4000000000000006 -0.00015980041680164255 -85876.73753954854
1.4500000000000006 -0.00016802115704797117 -90294.56301613084
1.5000000000000007 -0.0001702407288959125 -91487.36083763107
1.5500000000000007 -0.00016660279033367116 -89532.33280111226
1.6000000000000008 -0.00015741302958420403 -84593.75574525366
1.6500000000000008 -0.00014310728737988474 -76905.85046204201
1.7000000000000008 -0.0001242321819810627 -66762.36958252723
1.7500000000000009 -0.0001014348623755874 -54511.09094666021
1.800000000000001 -7.545455693236236e-05 -40549.27585005398
1.850000000000001 -4.710912665611609e-05 -25316.4427636402
1.900000000000001 -1.727403851380988e-05 -9283.067600129414
1.950000000000001 1.3145495303019802e-05 7064.388645281656
2.000000000000001 4.3245976448481774e-05 23240.385997976904
2.0500000000000007 7.215658992022053e-05 38776.948510837174
2.1000000000000005 9.9066636529652e-05 53238.40647263775
2.1500000000000004 0.00012324802636523542 66233.48439430284
2.2 0.00014407291850473822 77424.78058956475
2.25 0.0001610273433570254 86536.08782089168
2.3 0.00017372160034348348 93357.98101306535
2.3499999999999996 0.0001818977555329095 97751.84648186767
2.3999999999999995 0.00018543406500661346 99652.25905030832
2.4499999999999993 0.00018434579428898852 99067.42241058002
2.499999999999999 0.00017878195960160055 96077.41787413791
2.549999999999999 0.00016901791979377485 90830.22327549571
2.5999999999999988 0.00015544412333762757 83535.66560780987
2.6499999999999986 0.00013855160349743434 74457.62612748369
2.6999999999999984 0.0001189149545129173 63904.89175575282
2.7499999999999982 9.717349265218764e-05 52221.03102929698
2.799999999999998 7.401117004091822e-05 39773.599792847985
2.849999999999998 5.013576521029908e-05 26942.958200500936
2.8999999999999977 2.6257969962178447e-05 14111.031997885062
2.9499999999999975 3.0708509278630216e-06 1650.275164691943
2.9999999999999973 -1.876979232499233e-05 -10086.885637889216
3.049999999999997 -3.866355769046912e-05 -20777.79434237046
3.099999999999997 -5.6081507132836587e-05 -30138.199669698377
3.149999999999997 -7.057970492785246e-05 -37929.53057958273
3.1999999999999966 -8.18099086304634e-05 -43964.64159610713
3.2499999999999964 -8.95271931058487e-05 -48111.90996170432
3.2999999999999963 -9.359440107987745e-05 -50297.62736279207
3.349999999999996 -9.398339403125279e-05 -50506.67215916116
3.399999999999996 -9.077313501936688e-05 -48781.47909574192
3.4499999999999957 -8.414472055668002e-05 -45219.36943102135
3.4999999999999956 -7.43735753670815e-05 -39968.3564005012
3.5499999999999954 -6.181911099034739e-05 -33221.58775115107
3.599999999999995 -4.69122153460957e-05 -25210.622633582716
3.649999999999995 -3.014098847687413e-05 -16197.765990961238
3.699999999999995 -1.2035181141900253e-05 -6467.70585990905
3.7499999999999947 6.8501797771529825e-06 3681.2863357640695
3.7999999999999945 2.595148431352671e-05 13946.32662266959
3.8499999999999943 4.471305765430364e-05 24028.79537877317
3.899999999999994 6.260302856534606e-05 33642.865024315906
3.949999999999994 7.912810590094876e-05 42523.44091750536
3.999999999999994 9.384686541647181e-05 50433.30168708825
4.049999999999994 0.00010638120238417666 57169.253867638414
4.099999999999993 0.00011642566623450205 62567.14833540185
4.149999999999993 0.00012375446069685323 66505.64218367421
4.199999999999993 0.00012822596549599583 68908.62868226045
4.249999999999993 0.00012978471120624483 69746.29856403622
4.299999999999993 0.0001284608139397406 69034.83622645025
4.3499999999999925 0.00012436694867874062 66834.79320042006
4.399999999999992 0.00011769238473466017 63247.882806261194
4.449999999999992 0.00010869643426032613 58413.4593844368
4.499999999999992 9.76998547222668e-05 52503.89798451319
4.549999999999992 8.507309837673745e-05 45718.27963405024
4.599999999999992 7.122403324128052e-05 38275.79258921343
4.6499999999999915 5.6585244176578447e-05 30408.90793667408
4.699999999999991 4.1601183841044036e-05 22356.474517124818
4.749999999999991 2.6715170089948196e-05 14356.731328095615
4.799999999999991 1.2356548222908954e-05 6640.4085162725305
4.849999999999991 -1.071487631726623e-06 -575.8174100439131
4.899999999999991 -1.3202976528494105e-05 -7095.279053531564
4.94999999999999 -2.371885876361861e-05 -12746.51374225927
4.99999999999999 -3.235494947921287e-05 -17387.548544261095
5.04999999999999 -3.8908124831845586e-05 -20909.224714275275
5.09999999999999 -4.3240644213431826e-05 -23237.520455076276
5.14999999999999 -4.528251053058722e-05 -24334.81933150446
5.1999999999999895 -4.50318109158971e-05 -24200.0933686884
5.249999999999989 -4.255305949468579e-05 -22868.012454973545
5.299999999999989 -3.797364383919611e-05 -20407.034666541742
5.349999999999989 -3.147853925126377e-05 -16916.56572313377
5.399999999999989 -2.330349801645899e-05 -12523.298893499936
5.449999999999989 -1.372695118847279e-05 -7376.8630146561345
5.4999999999999885 -3.0608858970133642e-06 -1644.9199575155326
5.549999999999988 8.359016275629654e-06 4492.135009147759
5.599999999999988 2.0183679263274534e-05 10846.708421456628
5.649999999999988 3.206106762026255e-05 17229.616445122465
5.699999999999988 4.364645393847426e-05 23455.60258493532
5.749999999999988 5.461221726927142e-05 29348.603356320004
5.799999999999987 6.465687214709518e-05 34746.60048225335
5.849999999999987 7.35131216410935e-05 39505.94860288376
5.899999999999987 8.095472978755546e-05 43505.068520444016
5.949999999999987 8.680203270692304e-05 46647.408873311004
5.999999999999987 9.092595528416582e-05 48863.60469987694
6.0499999999999865 9.325045298464399e-05 50112.78967029559
6.099999999999986 9.37533710949972e-05 50383.057842501286
6.149999999999986 9.246573323266204e-05 49691.081307252316
6.199999999999986 8.94695070604375e-05 48080.909483228585
6.249999999999986 8.489394632106405e-05 45622.00332656205
6.299999999999986 7.891065384930454e-05 42406.582193728274
6.349999999999985 7.17275448903277e-05 38546.37972908931
6.399999999999985 6.358191523149367e-05 34168.91867919509
6.449999999999985 5.4732837050223165e-05 29413.424421735173
6.499999999999985 4.5453118160601136e-05 24426.5038649881
6.549999999999985 3.602106702865476e-05 19357.719967364155
6.5999999999999845 2.6712305956705545e-05 14355.192143006612
6.649999999999984 1.7791867964230192e-05 9561.34912588534
6.699999999999984 9.506799169965727e-06 5108.953490238662
6.749999999999984 2.079468336851505e-06 1117.5062002952338
6.799999999999984 -4.298240506272051e-06 -2309.874274590672
6.849999999999984 -9.469706711444946e-06 -5089.020004526671
6.8999999999999835 -1.331721085524701e-05 -7156.668576118
6.949999999999983 -1.576435550949412e-05 -8471.764014541965
6.999999999999983 -1.6777229705311977e-05 -9016.082566494186
7.049999999999983 -1.636431513501615e-05 -8794.182293082722
7.099999999999983 -1.4575168539665278e-05 -7832.694984952345
7.149999999999983 -1.1497949234137889e-05 -6178.997454360602
7.199999999999982 -7.25589227815139e-06 -3899.3162174257795
7.249999999999982 -2.002855843569631e-06 -1076.3346494976872
7.299999999999982 4.081905029210299e-06 2193.6155979491346
7.349999999999982 1.0799567448057075e-05 5803.6871107079405
7.399999999999982 1.7937988440456954e-05 9639.87426391208
7.4499999999999815 2.5278178877372608e-05 13584.492308455443
7.499999999999981 3.2600806971689686e-05 17519.67235079516
7.549999999999981 3.969255570157713e-05 21330.777832008844
7.599999999999981 4.6352152406965763e-05 24909.644832698814
7.649999999999981 5.239589584973909e-05 28157.552314915578
7.699999999999981 5.766252990889842e-05 30987.84124574285
7.7499999999999805 6.201734112637931e-05 33328.11661825392
7.79999999999998 6.535538460917356e-05 35121.98105118183
7.84999999999998 6.760376924877047e-05 36330.26286575486
7.89999999999998 6.87229601360347e-05 36931.71600339935
7.94999999999998 6.87070842457732e-05 36923.18430061358
7.99999999999998 6.758325456811667e-05 36319.2382771995
8.04999999999998 6.540995624304853e-05 35151.307845023686
8.09999999999998 6.227456534895722e-05 33466.348905085535
8.14999999999998 5.829009426064499e-05 31325.094303042526
8.199999999999982 5.3591277697616234e-05 28799.950471718326
8.249999999999982 4.8330129600055805e-05 25972.609696432886
8.299999999999983 4.2671112936273965e-05 22931.45436971831
8.349999999999984 3.6786072025370426e-05 19768.833621723028
8.399999999999984 3.0849079580501716e-05 16578.294121471663
8.449999999999985 2.5031348972139537e-05 13451.845927345414
8.499999999999986 1.9496356687883735e-05 10477.341297182422
8.549999999999986 1.4395310679526786e-05 7736.039378173105
8.599999999999987 9.863087271447209e-06 5300.422701594778
8.649999999999988 6.014742789043597e-06 3232.3225320728943
8.699999999999989 2.9426866050855065e-06 1581.3996628041061
8.74999999999999 7.145807013133342e-07 384.01564004481975
8.79999999999999 -6.279920338140899e-07 -337.4828936255037
8.84999999999999 -1.0700719039990656e-06 -575.0565980202636
8.899999999999991 -6.230831315665977e-07 -334.8448497558281
8.949999999999992 6.761624768309099e-07 363.36968775855075
8.999999999999993 2.7671715814038387e-06 1487.0778961614844
9.049999999999994 5.568117700976372e-06 2992.3062277716617
9.099999999999994 8.978747087788129e-06 4825.178322588964
9.149999999999995 1.2883743462706804e-05 6923.723216861934
9.199999999999996 1.715644275911033e-05 9219.871646300122
9.249999999999996 2.166278198048862e-05 11641.57816198988
9.299999999999997 2.6265362402670553e-05 14115.004695107156
9.349999999999998 3.082750683533316e-05 16566.70092908877
9.399999999999999 3.521719368753496e-05 18925.718466291255
9.45 3.9310861442634356e-05 21125.655352658436
9.5 4.2996422157868714e-05 23106.275532273627
9.55 4.617653167562631e-05 24815.26625876516
9.600000000000001 4.8771009360014606e-05 26209.53846164054
9.650000000000002 5.071872531167966e-05 27256.24093545419
9.700000000000003 5.19788375530511e-05 27933.42520310821
9.750000000000004 5.253142208768059e-05 28230.384109715407
9.800000000000004 5.2377512418831464e-05 28147.673059887788
9.850000000000005 5.1538554236068356e-05 27696.81696633182
9.900000000000006 5.005528949995666e-05 26899.710557010974
9.950000000000006 4.798610267860046e-05 25787.729642727947
10.000000000000007 4.540488594972007e-05 24400.583876807297
10.050000000000008 4.239850119465705e-05 22784.952830776176
10.100000000000009 3.9063929725682125e-05 20992.954257934638
10.15000000000001 3.550520569947824e-05 19080.49610988521
10.20000000000001 3.183022866266402e-05 17105.563598625835
10.25000000000001 2.814754782443152e-05 15126.491064795207
10.300000000000011 2.4563207710518963e-05 13200.266832245019
10.350000000000012 2.117774276009748e-05 11380.918104528197
10.400000000000013 1.8083404968434986e-05 9718.021100178363
10.450000000000014 1.536170106768267e-05 8255.3775337639
10.500000000000014 1.3081304099156769e-05 7029.892294916463
10.550000000000015 1.129639039129857e-05 6070.679740353805
10.600000000000016 1.004543849936506e-05 5398.418244118011
10.650000000000016 9.350512321484177e-06 5024.9649441725205
10.700000000000017 9.217036501456324e-06 4953.235043876728
10.750000000000018 9.634058293890724e-06 5177.34253829969
10.800000000000018 1.0574976273775423e-05 5682.991822713634
10.85000000000002 1.1998702445204398e-05 6448.102209777002
10.90000000000002 1.3851214871449443e-05 7443.642312872421
10.95000000000002 1.606744648594514e-05 8634.645093053783
11.000000000000021 1.8573445922144018e-05 9981.36908892321
11.050000000000022 2.1288740347443334e-05 11440.568203487921
11.100000000000023 2.412882694429252e-05 12966.830626006833
11.150000000000023 2.7007718015044577e-05 14513.946571234976
11.200000000000024 2.9840464897945524e-05 16036.264631774342
11.250000000000025 3.254558827748522e-05 17489.997826758343
11.300000000000026 3.504734696525408e-05 18834.442844592635
11.350000000000026 3.7277783583595486e-05 20033.079393267362
11.400000000000027 3.917849358305389e-05 21054.52087026235
11.450000000000028 4.070207337687633e-05 21873.292589969806
11.500000000000028 4.181321375120622e-05 22470.419382288306
11.55000000000003 4.248941583475864e-05 22833.810354697398
11.60000000000003 4.272131845831079e-05 22958.43481523457
11.65000000000003 4.251263724625799e-05 22846.289540299913
11.700000000000031 4.187972698838131e-05 22506.163593261677
11.750000000000032 4.0850789536139874e-05 21953.21264795575
11.800000000000033 3.946475917285547e-05 21208.35998666784
11.850000000000033 3.7769905895744104e-05 20297.545903953633
11.900000000000034 3.582220433675026e-05 19250.851164760912
11.950000000000035 3.368352128464035e-05 18101.522978875753
12.000000000000036 3.1419678221182034e-05 16884.93380794351
12.050000000000036 2.9098448382363334e-05 15637.504986248769
12.100000000000037 2.6787548170648264e-05 14395.627305742602
12.150000000000038 2.455268082054741e-05 13194.60968199918
12.200000000000038 2.2455687323662735e-05 12067.685461409448
12.250000000000039 2.055285555295071e-05 11045.103744628397
12.30000000000004 1.889343296833581e-05 10153.33011463178
12.35000000000004 1.7518380813215757e-05 9414.37714196831
12.400000000000041 1.6459399514149495e-05 8845.28063459131
12.450000000000042 1.573824642317091e-05 8457.732992605654
12.500000000000043 1.5366358220751986e-05 8257.880287635384
12.550000000000043 1.534478133404814e-05 8246.284869591596
12.600000000000044 1.5664404767245587e-05 8418.050489691683
12.650000000000045 1.6306480761674373e-05 8763.102103183086
12.700000000000045 1.7243410928400866e-05 9266.608336966761
12.750000000000046 1.843976859271698e-05 9909.530897484428
12.800000000000047 1.9853521892757076e-05 10669.281863865925
12.850000000000048 2.143741688811333e-05 11520.466970443289
12.900000000000048 2.3140476680276806e-05 12435.691234015283
12.950000000000049 2.4909570790333494e-05 13386.402337357898
13.00000000000005 2.6691007212340424e-05 14343.746198644429
13.05000000000005 2.8432100354899265e-05 15279.409583183839
13.100000000000051 3.008267002344775e-05 16166.425656443673
13.150000000000052 3.15964298743902e-05 16979.920139243764
13.200000000000053 3.293222824189113e-05 17697.778128025027
13.250000000000053 3.405510920973336e-05 18301.214314823195
13.300000000000054 3.493716758667912e-05 18775.232450993368
13.350000000000055 3.5558178481140255e-05 19108.963680612356
13.400000000000055 3.590598902993838e-05 19295.8770554986
13.450000000000056 3.5976666734160126e-05 19333.859250894766
13.500000000000057 3.5774406105197864e-05 19225.16439705382
13.550000000000058 3.5311202234414986e-05 18976.23865559033
13.600000000000058 3.460630685968536e-05 18597.427909660688
13.650000000000059 3.368548857613318e-05 18102.5802012446
13.70000000000006 3.258012346710817e-05 17508.557036267855
13.75000000000006 3.1326146454488115e-05 16834.669840297207
13.800000000000061 2.9962897114638248e-05 16102.059700083564
13.850000000000062 2.8531895740601994e-05 15333.039619432675
13.900000000000063 2.7075587126500616e-05 14550.419428992207
13.950000000000063 2.5636089306454037e-05 13776.833358598293
14.000000000000064 2.425398345890797e-05 13034.089731909773
14.050000000000065 2.2967179065149165e-05 12342.561102640098
14.100000000000065 2.1809885077042036e-05 11720.631360140504
14.150000000000066 2.081171385431549e-05 11184.214185334133
14.200000000000067 1.9996940551019524e-05 10746.355045027689
14.250000000000068 1.9383936299400652e-05 10416.926584948977
14.300000000000068 1.898478545695918e-05 10202.422938330932
14.350000000000069 1.8805093368290455e-05 10105.856417132854
14.40000000000007 1.884398664190189e-05 10126.757660801879
14.45000000000007 1.9094301979823604e-05 10261.27711329811
14.500000000000071 1.9542952806009296e-05 10502.382049182448
14.550000000000072 2.017145774033356e-05 10840.140575521418
14.600000000000072 2.095661108797482e-05 11262.081952854503
14.650000000000073 2.187127259936911e-05 11753.621012161433
14.700000000000074 2.2885251203737084e-05 12298.53307322391
14.750000000000075 2.3966255076659746e-05 12879.464510902493
14.800000000000075 2.508087876242388e-05 13478.463234645164
14.850000000000076 2.619559758416019e-05 14077.513084455442
14.900000000000077 2.727774022613315e-05 14659.056496575693
14.950000000000077 2.829641193570914e-05 15206.490632187544
15.000000000000078 2.9223343083134362e-05 15704.623393402282
15.050000000000079 3.0033640521033397e-05 16140.077203825065
15.10000000000008 3.070642204479612e-05 16501.62996754123
15.15000000000008 3.122531879720229e-05 16780.485061341275
15.200000000000081 3.1578834673891284e-05 16970.4644792058
15.250000000000082 3.1760555937584685e-05 17068.12147898024
15.300000000000082 3.176920863830357e-05 17072.771439997337
15.350000000000083 3.1608565991709676e-05 16986.442088201427
15.400000000000084 3.1287212025391026e-05 16813.746479671852
15.450000000000085 3.081817153146419e-05 16561.684137166365
15.500000000000085 3.021842061279298e-05 16239.378017678813
15.550000000000086 2.9508295673860344e-05 15857.756904157544
15.600000000000087 2.8710820583396905e-05 15429.193822729132
15.650000000000087 2.785097307940625e-05 14967.111808788588
15.700000000000088 2.6954913004411145e-05 14485.569160651816
15.750000000000089 2.6049195671040742e-05 13998.836702253933
15.80000000000009 2.515999335970475e-05 13520.979416030783
15.85000000000009 2.431234796932208e-05 13065.454817450685
15.900000000000091 2.3529475850562622e-05 12644.739372426608
15.950000000000092 2.28321429254038e-05 12269.99268659109
16.000000000000092 2.2238125972363013e-05 11950.768000001903
16.050000000000093 2.1761773641617535e-05 11694.776276685188
16.100000000000094 2.141370084852074e-05 11507.721971723427
16.150000000000095 2.120059165721589e-05 11393.197100917432
16.200000000000095 2.112506123992366e-05 11352.607057713049
16.250000000000096 2.118550963419117e-05 11385.092022352668
16.300000000000097 2.1376366502282584e-05 11487.658495561882
16.350000000000097 2.1688538504876717e-05 11655.419717156492
16.400000000000098 2.2109843559213297e-05 11881.82903635281
16.4500000000001 2.262537828123256e-05 12158.877375158627
16.5000000000001 2.3217882879421377e-05 12477.289322311408
16.5500000000001 2.3868202328494744e-05 12826.770967996097
16.6000000000001 2.45558860059803e-05 13196.332148521451
16.6500000000001 2.5259883250720748e-05 13574.660239431158
16.700000000000102 2.5959247113600853e-05 13950.49835111612
16.750000000000103 2.663377309017435e-05 14312.988583702388
16.800000000000104 2.726454714076699e-05 14651.966533032402
16.850000000000104 2.783441695902797e-05 14958.214550365517
16.900000000000105 2.8328409431685716e-05 15223.686085233914
16.950000000000106 2.8734101468263275e-05 15441.704969316686
17.000000000000107 2.9041930292728894e-05 15607.13216716033
17.050000000000107 2.924541925458696e-05 15716.487127049899
17.100000000000108 2.9341300293392995e-05 15768.013593434438
17.15000000000011 2.9329527435078177e-05 15761.686859851216
17.20000000000011 2.9213188098609147e-05 15699.166105128294
17.25000000000011 2.8998325256388147e-05 15583.69882239074
17.30000000000011 2.8693683446305535e-05 15419.984325947897
17.35000000000011 2.8310388794523904e-05 15214.001795550483
17.400000000000112 2.7861571339675867e-05 14972.807313429726
17.450000000000113 2.7361938620451373e-05 14704.304710284003
17.500000000000114 2.6827312061543133e-05 14416.996419104607
17.550000000000114 2.6274140476465322e-05 14119.722031610176
17.600000000000115 2.5719006585724498e-05 13821.39310113164
17.650000000000116 2.517814233506166e-05 13530.732674655083
17.700000000000117 2.4666967367973876e-05 13256.027267973479
17.750000000000117 2.4199663958470947e-05 13004.89843456729
17.800000000000118 2.3788799208204085e-05 12784.099734356661
17.85000000000012 2.344500298128908e-05 12599.34365588839
17.90000000000012 2.3176709055808063e-05 12455.162511163417
17.95000000000012 2.2989965630125624e-05 12354.806601738766
18.00000000000012 2.2888319801164925e-05 12300.182137357782
18.05000000000012 2.2872778646239496e-05 12291.830321328109
18.100000000000122 2.294184591506605e-05 12328.947068807895
18.150000000000123 2.3091630054288178e-05 12409.441059180477
18.200000000000124 2.331601707440531e-05 12530.02663473501
18.250000000000124 2.3606903048204087e-05 12686.348745314115
18.300000000000125 2.3954478734641883e-05 12873.135905177394
18.350000000000126 2.4347556345102192e-05 13084.375797173883
18.400000000000126 2.4773927542345405e-05 13313.507661363752
18.450000000000127 2.5220741932382978e-05 13553.62569653621
18.500000000000128 2.5674894849909692e-05 13797.687456085143
18.55000000000013 2.612341281248913e-05 14038.720991072842
18.60000000000013 2.6553825426975277e-05 14270.02471272595
18.65000000000013 2.695451336600762e-05 14485.35439498989
18.70000000000013 2.7315023617977168e-05 14679.092589847885
18.75000000000013 2.7626343095923352e-05 14846.395664731097
18.800000000000132 2.788112303016518e-05 14983.314391109565
18.850000000000133 2.8073849369917136e-05 15086.885518313698
18.900000000000134 2.8200956059362176e-05 15155.19264809135
18.950000000000134 2.8260879269982575e-05 15187.39537906021
19.000000000000135 2.825405232407742e-05 15183.72657860632
19.050000000000136 2.818284285156522e-05 15145.458610952326
19.100000000000136 2.805143541749553e-05 15074.84026118697
19.150000000000137 2.7865664384468876e-05 14975.006915536293
19.200000000000138 2.7632803594461914e-05 14849.86753638497
19.25000000000014 2.7361320502723727e-05 14703.972533842112
19.30000000000014 2.706060188961369e-05 14542.366363293988
19.35000000000014 2.6740659151295874e-05 14370.429148635101
19.40000000000014 2.6411822346028812e-05 14193.71226275666
19.45000000000014 2.6084432634557888e-05 14017.773045025859
19.500000000000142 2.5768542457334075e-05 13848.013676535325
19.550000000000143 2.547363393575034e-05 13689.529848938937
19.600000000000144 2.5208362845604233e-05 13546.97317580094
19.650000000000144 2.498032731730545e-05 13424.426892096844
19.700000000000145 2.4795870164465977e-05 13325.299625605729
19.750000000000146 2.465992424390195e-05 13252.242293381492
19.800000000000146 2.457590560362925e-05 13207.090679489993
19.850000000000147 2.4545655079564855e-05 13190.834049078718
19.900000000000148 2.45694269393447e-05 13203.609045564957
19.95000000000015 2.464592263373602e-05 13244.717828643434
20.00000000000015 2.4772367587808485e-05 13312.669341858573
20.05000000000015 2.4944628234101253e-05 13405.24220622375
20.10000000000015 2.5157365176277746e-05 13519.567030363187
20.15000000000015 2.540421744595895e-05 13652.22543012674
20.200000000000152 2.5678011844141828e-05 13799.362528659689
20.250000000000153 2.5970990401084997e-05 13956.809193336134
20.300000000000153 2.627504965558866e-05 14120.210624434363
20.350000000000154 2.6581983895346342e-05 14285.157072492064
20.400000000000155 2.6883724878032812e-05 14447.3126644093
20.450000000000156 2.7172571819120317e-05 14602.538998891667
20.500000000000156 2.7441404770280834e-05 14747.009815995047
20.550000000000157 2.768387537604163e-05 14877.31350974462
20.600000000000158 2.7894570409677256e-05 14990.541012316608
20.65000000000016 2.8069144437300453e-05 15084.357087715387
20.70000000000016 2.8204418478729804e-05 15157.053352119767
20.75000000000016 2.8298442231523058e-05 15207.581713075999
20.80000000000016 2.8350518900557662e-05 15235.567712913346
20.85000000000016 2.836119285720306e-05 15241.303896783773
20.900000000000162 2.833220180612204e-05 15225.724107102933
20.950000000000163 2.8266270315109215e-05 15190.29252649368
21.000000000000163 2.816693719799142e-05 15136.91091336373
21.050000000000164 2.8038627924147464e-05 15067.957514778638
21.100000000000165 2.7886652050004123e-05 14986.285686147858
21.150000000000166 2.7717073340536605e-05 14895.154094524325
21.200000000000166 2.7536495958848624e-05 14798.111816893432
21.250000000000167 2.7352352864159243e-05 14699.153325239498
21.300000000000168 2.717236093380116e-05 14602.425669129663
21.35000000000017 2.700324248405357e-05 14511.541421061045
21.40000000000017 2.685027630449457e-05 14429.337402339857
21.45000000000017 2.6717596921998723e-05 14358.03550754162
21.50000000000017 2.6608688910774584e-05 14299.50834670537
21.55000000000017 2.652668478643715e-05 14255.439333596174
21.600000000000172 2.6474340077772232e-05 14227.309289272316
21.650000000000173 2.6453775808320386e-05 14216.258051698882
21.700000000000173 2.6466173991241164e-05 14222.92083470011
21.750000000000174 2.6511583992498007e-05 14247.324167542758
21.800000000000175 2.658890246909215e-05 14288.875113743823
21.850000000000176 2.6695996246875873e-05 14346.427305602418
21.900000000000176 2.6829890718363765e-05 14418.382189175938
21.950000000000177 2.6986952767995083e-05 14502.787328308677
22.000000000000178 2.7163034832461338e-05 14597.41382264605
22.05000000000018 2.7353585725165907e-05 14699.815864694721
22.10000000000018 2.7553752566717536e-05 14807.385517265697
22.15000000000018 2.775849705869425e-05 14917.415198990355
22.20000000000018 2.7962734983412325e-05 15027.172651490666
22.25000000000018 2.8161491572647043e-05 15133.98443452345
22.300000000000182 2.8350056882148576e-05 15235.319424238949
22.350000000000183 2.852412631070645e-05 15328.86432812039
22.400000000000183 2.8679917930241225e-05 15412.586738170521
22.450000000000184 2.881426504362574e-05 15484.784871481019
22.500000000000185 2.892468604942539e-05 15544.125115541083
22.550000000000185 2.900943391153017e-05 15589.66861321571
22.600000000000186 2.9067525869111197e-05 15620.887228875123
22.650000000000187 2.9098752466418274e-05 15637.668401007619
22.700000000000188 2.9103664826970307e-05 15640.308303370015
22.75000000000019 2.9083539868322182e-05 15629.493151404771
22.80000000000019 2.9040324551691955e-05 15606.269241991886
22.85000000000019 2.8976561759028484e-05 15572.003119788047
22.90000000000019 2.8895300971459672e-05 15528.333575828308
22.95000000000019 2.8799996741090238e-05 15477.117086274318
23.000000000000192 2.8694398082671868e-05 15420.36837150232
23.050000000000193 2.8582432097832458e-05 15360.197855768645
23.100000000000193 2.8468084976384245e-05 15298.747717317503
23.150000000000194 2.8355284186736144e-05 15238.128577513331
23.200000000000195 2.8247785298783916e-05 15180.358679466533
23.250000000000195 2.8149066504403754e-05 15127.307203350992
23.300000000000196 2.8062234724769145e-05 15080.643808479943
23.350000000000197 2.7989945848332815e-05 15041.795769200688
23.400000000000198 2.793434017888981e-05 15011.9132846863
23.4500000000002 2.7896993795241556e-05 14991.843339621053
23.5000000000002 2.7878886582714615e-05 14982.112524339895
23.5500000000002 2.788038773802474e-05 14982.919245142968
23.6000000000002 2.790125927804819e-05 14994.135609909179
23.6500000000002 2.7940677423013694e-05 15015.3189194227
23.700000000000202 2.7997270861379776e-05 15045.732230916481
23.750000000000203 2.8069174174845338e-05 15084.373068670808
23.800000000000203 2.8154094221140345e-05 15130.009098122313
23.850000000000204 2.824938700843147e-05 15181.219438166481
23.900000000000205 2.8352142545098737e-05 15236.440259424187
23.950000000000205 2.8459275146361627e-05 15294.01331501892
24.000000000000206 2.856761663393884e-05 15352.236026070177
24.050000000000207 2.8674009837348096e-05 15409.41172928821
24.100000000000207 2.8775399357988348e-05 15463.89845358813
24.150000000000208 2.886891741776972e-05 15514.155055140187
24.20000000000021 2.8951962051059074e-05 15558.783237718148
24.25000000000021 2.9022264969769173e-05 15596.56402339548
24.30000000000021 2.9077947391035637e-05 15626.487754336697
24.35000000000021 2.9117563011711727e-05 15647.777187289115
24.40000000000021 2.9140127621180814e-05 15659.90340750708
24.450000000000212 2.9145135074526084e-05 15662.594412732722
24.500000000000213 2.913255977884415e-05 15655.836449340799
24.550000000000214 2.910284558983297e-05 15639.868045365476
24.600000000000215 2.9056881086934092e-05 15615.166723362778
24.650000000000215 2.8996025578561735e-05 15582.462975619643
24.700000000000216 2.892201006192675e-05 15542.687039967319
24.750000000000217 2.883672498541398e-05 15496.854843291521
24.800000000000217 2.874222925466146e-05 15446.072841399027
24.850000000000218 2.864078031854663e-05 15391.554187225467
24.90000000000022 2.853480985413981e-05 15334.605663930282
24.95000000000022 2.8426842858417424e-05 15276.584204786694
25.00000000000022 2.8319380597288343e-05 15218.833989993176
25.05000000000022 2.8214783523767078e-05 15162.623526904457
25.10000000000022 2.811518350148382e-05 15109.09847894936
25.150000000000222 2.8022433362695088e-05 15059.254558107754
25.200000000000223 2.7938081450040085e-05 15013.923843651457
25.250000000000224 2.7863356464342484e-05 14973.766639353518
25.300000000000225 2.7799152135246505e-05 14939.26323548867
25.350000000000225 2.7746009863013253e-05 14910.70458053538
25.400000000000226 2.7704104732804434e-05 14888.18476525248
25.450000000000227 2.767324244546313e-05 14871.599373280886
25.500000000000227 2.7652872345363557e-05 14860.652482309526
25.550000000000228 2.7642113908849415e-05 14854.870898961044
25.60000000000023 2.7639792744727136e-05 14853.623505455414
25.65000000000023 2.7644485080132832e-05 14856.14516631305
25.70000000000023 2.7654569447922e-05 14861.564505155937
25.75000000000023 2.7668282979555173e-05 14868.934156502117
25.80000000000023 2.7683779477477558e-05 14877.261973860157
25.850000000000232 2.7699187263688653e-05 14885.54211754813
25.900000000000233 2.771266563318682e-05 14892.785392772448
25.950000000000234 2.772245903856768e-05 14898.048368428854
26.000000000000234 2.772694811408427e-05 14900.460797430289
26.050000000000235 2.7724696554023612e-05 14899.250809144565
26.100000000000236 2.7714492593690063e-05 14893.767201273155
26.150000000000237 2.76953836263078e-05 14883.498042973177
26.200000000000237 2.7666702586600073e-05 14868.08485339183
26.250000000000238 2.7628085299992903e-05 14847.331925127759
26.30000000000024 2.757947820752362e-05 14821.210475596581
26.35000000000024 2.7521135936922546e-05 14789.857341730298
26.40000000000024 2.7453609653249477e-05 14753.568719609797
26.45000000000024 2.7377727724401964e-05 14712.789774109791
26.50000000000024 2.7294570027802436e-05 14668.100831313506
26.550000000000242 2.7205436347270275e-05 14620.200394993019
26.600000000000243 2.711180863903473e-05 14569.884868366114
26.650000000000244 2.7015307711514873e-05 14518.025273811787
26.700000000000244 2.6917646241105554e-05 14465.542003555503
26.750000000000245 2.6820580694814e-05 14413.378982896053
26.800000000000246 2.6725863856082573e-05 14362.478157584621
26.850000000000247 2.6635198649840292e-05 14313.75467940933
26.900000000000247 2.6550193592685097e-05 14268.07296512499
26.950000000000248 2.6472321860825325e-05 14226.224699566505
27.00000000000025 2.640288957923693e-05 14188.911794243235
27.05000000000025 2.6343002269984732e-05 14156.728356668198
27.10000000000025 2.629353173209145e-05 14130.142891601012
27.15000000000025 2.6255093745549306e-05 14109.486319184647
27.20000000000025 2.6228039732514442e-05 14094.94749367163
27.250000000000252 2.621246099592194e-05 14086.575481255588
27.300000000000253 2.620819953504405e-05 14084.285372351806
27.350000000000254 2.6214860976448187e-05 14087.86523069353
27.400000000000254 2.623182946742626e-05 14096.984097060285
27.450000000000255 2.625828506027435e-05 14111.201331589084
27.500000000000256 2.629322796119197e-05 14129.979645131893
27.550000000000257 2.633550967002597e-05 14152.701833752764
27.600000000000257 2.638386718156055e-05 14178.689158499707
27.650000000000258 2.6436963683572848e-05 14207.223216538105
27.70000000000026 2.6493434613598666e-05 14237.570692054773
27.75000000000026 2.6551931939285722e-05 14269.007152518005
27.80000000000026 2.6611162060064034e-05 14300.837417033701
27.85000000000026 2.666991825042438e-05 14332.41299136191
27.90000000000026 2.672710677087548e-05 14363.146099944164
27.950000000000262 2.6781768970319766e-05 14392.52156371932
28.000000000000263 2.6833102076625817e-05 14420.107972976353
28.050000000000264 2.6880478371871287e-05 14445.567992129128
28.100000000000264 2.6923460783578434e-05 14468.66673844575
28.150000000000265 2.6961812545014103e-05 14489.276973493375
28.200000000000266 2.6995499348518357e-05 14507.380260336939
28.250000000000266 2.7024683774550823e-05 14523.063969708883
28.300000000000267 2.704971374961954e-05 14536.515077300584
28.350000000000268 2.7071107067478427e-05 14548.0118454545
28.40000000000027 2.7089533249061008e-05 14557.914074693286
28.45000000000027 2.7105793129602222e-05 14566.652133839876
28.50000000000027 2.712079592223205e-05 14574.714633993623
28.55000000000027 2.7135532671899767e-05 14582.634162670267
28.60000000000027 2.7151046193999914e-05 14590.97112882075
28.650000000000272 2.716840031954126e-05 14600.297235186246
28.700000000000273 2.718865111009939e-05 14611.18000921485
28.750000000000274 2.7212820804428938e-05 14624.168801972042
28.800000000000274 2.7241874166272794e-05 14639.782077454318
28.850000000000275 2.7276697173508503e-05 14658.495960137307
28.900000000000276 2.7318078560998346e-05 14680.734316104166
28.950000000000276 2.7366694284358427e-05 14706.860403875711
29.000000000000277 2.7423096677322863e-05 14737.17104757836
29.050000000000278 2.7487707351933154e-05 14771.892821506199
29.10000000000028 2.756081164564259e-05 14811.17906599511
29.15000000000028 2.7642553367120115e-05 14855.10706381798
29.20000000000028 2.773293253994359e-05 14903.676827645551
29.25000000000028 2.7831806072529405e-05 14956.811460066565
29.30000000000028 2.7938891303322823e-05 15014.359058772914
29.350000000000282 2.8053774636425918e-05 15076.097357345747
29.400000000000283 2.817592564268054e-05 15141.741303176883
29.450000000000284 2.830471439471971e-05 15210.952373324732
29.500000000000284 2.8439431065510682e-05 15283.349106770542
29.550000000000285 2.8579304428447026e-05 15358.51704636715
29.600000000000286 2.872351792224946e-05 15436.01737211602
29.650000000000286 2.8871237533858145e-05 15515.401885432464
29.700000000000287 2.902164859757673e-05 15596.232785004138
29.750000000000288 2.91739879590222e-05 15678.099951696413
29.80000000000029 2.932756119813382e-05 15760.630204196677
29.85000000000029 2.948174721264005e-05 15843.489762169273
29.90000000000029 2.96360027908713e-05 15926.386703684884
29.95000000000029 2.9789871635882377e-05 16009.075814783586
30.00000000000029 2.994299342382483e-05 16091.36345744376
30.050000000000292 3.009511095696538e-05 16173.111413613924
30.100000000000293 3.024607833633705e-05 16254.241277195111
30.150000000000293 3.0395873556050697e-05 16334.741222223389
30.200000000000294 3.054461038782495e-05 16414.672389615753
30.250000000000295 3.0692543503778804e-05 16494.17164015867
30.300000000000296 3.0840040469902714e-05 16573.43650380058
30.350000000000296 3.098752287345366e-05 16652.69354151637
30.400000000000297 3.113541641210962e-05 16732.171523220997
30.450000000000298 3.128411801176254e-05 16812.08375687278
30.5000000000003 3.1434011781894536e-05 16892.6366628919
30.5500000000003 3.158548711088636e-05 16974.039498578455
30.6000000000003 3.17389286076433e-05 17056.498952742633
30.6500000000003 3.189469431218436e-05 17140.20743607619
30.7000000000003 3.205309255153987e-05 17225.330643512778
30.750000000000302 3.2214355060872136e-05 17311.993109519273
30.800000000000303 3.237862381295021e-05 17400.27113025603
30.850000000000303 3.254595660857935e-05 17490.195767873465
30.900000000000304 3.271634060444254e-05 17581.76012037353
30.950000000000305 3.288970170036541e-05 17674.924366325507
31.000000000000306 3.3065904416508044e-05 17769.615698868893
31.050000000000306 3.3244743872251274e-05 17865.724015167223
31.100000000000307 3.3425936713763887e-05 17963.097040883033
31.150000000000308 3.360911648420465e-05 18061.53784212464
31.20000000000031 3.379383418714133e-05 18160.80512822748
31.25000000000031 3.397956161365248e-05 18260.615039738484
31.30000000000031 3.416569606548012e-05 18360.643686638145
31.35000000000031 3.4351566728863474e-05 18460.53057363849
31.40000000000031 3.4536436224663165e-05 18559.879433219787
31.450000000000312 3.47195011657091e-05 18658.258525149246
31.500000000000313 3.4899894923150694e-05 18755.202123117542
31.550000000000313 3.507669011932653e-05 18850.21185440686
31.600000000000314 3.5248900365232794e-05 18942.757633606365
31.650000000000315 3.541548704318458e-05 19032.2813076141
31.700000000000315 3.5575373246528524e-05 19118.20414683802
31.750000000000316 3.5727459866185386e-05 19199.9354901033
31.800000000000317 3.587063932940858e-05 19276.880127860622
31.850000000000318 3.600380718911604e-05 19348.444530292665
31.90000000000032 3.612587477220576e-05 19414.043644518348
31.95000000000032 3.6235785479456225e-05 19473.109654158678
32.00000000000032 3.633253591123292e-05 19525.10333229056
32.05000000000032 3.6415203840384137e-05 19569.52907407989
32.100000000000314 3.64829881266201e-05 19605.956346767278
32.15000000000031 3.653523711905655e-05 19634.03495319382
32.20000000000031 3.6571459088199645e-05 19653.500637949375
32.250000000000306 3.6591327792440065e-05 19664.178078806264
32.3000000000003 3.659469345196834e-05 19665.986784100918
32.3500000000003 3.658159653998132e-05 19658.948504127693
32.4000000000003 3.6552276810768804e-05 19643.19208283225
32.450000000000294 3.65071741850584e-05 19618.953933595854
32.50000000000029 3.6446934224643686e-05 19586.58098130031
32.55000000000029 3.637241530746066e-05 19546.534518213786
32.600000000000286 3.628468884214624e-05 19499.390319294518
32.65000000000028 3.618503251014996e-05 19445.835010501916
32.70000000000028 3.607491321905747e-05 19386.6569079133
32.75000000000028 3.595595981932082e-05 19322.73135569587
32.800000000000274 3.582993022603112e-05 19255.003057348622
32.85000000000027 3.569868454377285e-05 19184.471633000194
32.90000000000027 3.5564154887067094e-05 19112.17540091623
32.950000000000266 3.542831227571668e-05 19039.173587059217
33.00000000000026 3.52931465669217e-05 18966.535540608176
33.05000000000026 3.5160649342168335e-05 18895.331537373397
33.10000000000026 3.5032788522639035e-05 18826.619138118902
33.150000000000254 3.491147549176266e-05 18761.425520222216
33.20000000000025 3.479853310928147e-05 18700.730288435254
33.25000000000025 3.4695669647079764e-05 18645.451467999697
33.300000000000246 3.460446182569527e-05 18596.43638846888
33.35000000000024 3.452634383049873e-05 18554.455781003155
33.40000000000024 3.446260009721786e-05 18520.199901310756
33.45000000000024 3.441436244419894e-05 18494.276988525293
33.500000000000234 3.438261467314396e-05 18477.21573764171
33.55000000000023 3.436818453686912e-05 18469.460982990022
33.60000000000023 3.437172404520054e-05 18471.363114624466
33.650000000000226 3.439369378043374e-05 18483.169649452077
33.70000000000022 3.4434366426358165e-05 18505.027127730285
33.75000000000022 3.449383898908815e-05 18536.987680541024
33.80000000000022 3.457203565145262e-05 18579.010563739623
33.850000000000215 3.466870804030229e-05 18630.962301605672
33.90000000000021 3.47834488802128e-05 18692.62402434256
33.95000000000021 3.491571895330315e-05 18763.705956282804
34.000000000000206 3.506486638375834e-05 18843.857779389728
34.0500000000002 3.523012146882882e-05 18932.665855436797
34.1000000000002 3.5410578621854127e-05 19029.643522189224
34.1500000000002 3.5605186610236685e-05 19134.2258472915
34.200000000000195 3.5812759846072864e-05 19245.775695852062
34.25000000000019 3.603203964062719e-05 19363.616648595274
34.30000000000019 3.62617600798027e-05 19487.068403336518
34.350000000000186 3.6500723064131294e-05 19615.487101469997
34.40000000000018 3.674780912532826e-05 19748.271140784684
34.45000000000018 3.700192809459777e-05 19884.834664613703
34.50000000000018 3.726195854835829e-05 20024.5750199696
34.550000000000175 3.7526701713095365e-05 20166.84798601409
34.60000000000017 3.779485862282442e-05 20310.95549847949
34.65000000000017 3.806501423290905e-05 20456.137112435303
34.700000000000166 3.833561696808808e-05 20601.5590113988
34.75000000000016 3.860497496127503e-05 20746.311986065994
34.80000000000016 3.887127650190458e-05 20889.422423252203
34.85000000000016 3.913260771985866e-05 21029.861809233218
34.900000000000155 3.938700246238961e-05 21166.573533601804
34.95000000000015 3.963250241682533e-05 21298.505199207015
35.00000000000015 3.986720486901126e-05 21424.634287538982
35.050000000000146 4.0089280195651574e-05 21543.977559112376
35.10000000000014 4.029697976575156e-05 21655.59529970121
35.15000000000014 4.0488623287938456e-05 21758.584520789584
35.20000000000014 4.0662579656370095e-05 21852.06866616375
35.250000000000135 4.081737495394487e-05 21935.25565283279
35.30000000000013 4.095183730785404e-05 22007.515716396585
35.35000000000013 4.106512839662442e-05 22068.398342929282
35.40000000000013 4.115673578450391e-05 22117.628149478383
35.450000000000124 4.122648031090754e-05 22155.108855152754
35.50000000000012 4.127448839366426e-05 22180.90839688858
35.55000000000012 4.1301143762695714e-05 22195.23299113025
35.600000000000115 4.130704743405755e-05 22198.40562388183
35.65000000000011 4.129298279023771e-05 22190.847284860705
35.70000000000011 4.125987768023723e-05 22173.056600082593
35.75000000000011 4.1208755367787385e-05 22145.583471435377
35.800000000000104 4.114068671583236e-05 22109.00338062204
35.8500000000001 4.105675353385923e-05 22063.897692017286
35.9000000000001 4.0957934530053014e-05 22010.792363360226
35.950000000000095 4.0845137800014203e-05 21950.175405189922
36.00000000000009 4.071930763543647e-05 21882.55427982444
36.05000000000009 4.0581464828727846e-05 21808.477561062657
36.10000000000009 4.043264742524062e-05 21728.50309443499
36.150000000000084 4.027381277165989e-05 21643.14535801138
36.20000000000008 4.010579693813522e-05 21552.85365585646
36.25000000000008 3.992926472126711e-05 21457.985249636495
36.300000000000075 3.9744638212957306e-05 21358.766971522462
36.35000000000007 3.9552063158149375e-05 21255.27714484114
36.40000000000007 3.9351435239710724e-05 21147.459709569688
36.45000000000007 3.914244299048927e-05 21035.14728327315
36.500000000000064 3.892469497034841e-05 20918.12950603791
36.55000000000006 3.869788354302749e-05 20796.241054149912
36.60000000000006 3.846188106888219e-05 20669.41333406945
36.650000000000055 3.821671238772463e-05 20537.659694710554
36.70000000000005 3.796255317983381e-05 20401.074546648066
36.75000000000005 3.769984129207202e-05 20259.89318876811
36.80000000000005 3.742943023748937e-05 20114.57429894937
36.850000000000044 3.7152628121729284e-05 19965.820853111825
36.90000000000004 3.6871087310966474e-05 19814.520832771068
36.95000000000004 3.6586680437486715e-05 19661.6805904419
37.000000000000036 3.630147367190264e-05 19508.410486128163
37.05000000000003 3.601771280432275e-05 19355.917407343513
37.10000000000003 3.573781144831657e-05 19205.498429922798
37.15000000000003 3.546434387859558e-05 19058.536968992077
37.200000000000024 3.520000742876163e-05 18916.48257152011
37.25000000000002 3.494754126363649e-05 18780.80726457157
37.30000000000002 3.4709578910539734e-05 18652.9263056217
37.350000000000016 3.448865143463279e-05 18534.19988898609
37.40000000000001 3.428723405179844e-05 18425.958195580253
37.45000000000001 3.4107663024921096e-05 18329.456732983977
37.50000000000001 3.3952035841235974e-05 18245.822690752815
37.550000000000004 3.382228854172158e-05 18176.09649723047
37.6 3.3720178474184266e-05 18121.222551057148
37.65 3.364730380643871e-05 18082.059707551958
37.699999999999996 3.360499539651416e-05 18059.3231697661
37.74999999999999 3.3594210852137254e-05 18053.52755605322
37.79999999999999 3.361580955647469e-05 18065.134698892423
37.84999999999999 3.366961837303205e-05 18094.051554738588
37.899999999999984 3.375388361654514e-05 18139.33569320152
37.94999999999998 3.386633966008787e-05 18199.76956646258
37.99999999999998 3.400526633682798e-05 18274.42875693554
38.049999999999976 3.416949176354612e-05 18362.683494625617
38.09999999999997 3.435767979177494e-05 18463.815733400384
38.14999999999997 3.4567728503395524e-05 18576.695902547577
38.19999999999997 3.4796780009873034e-05 18699.788172883917
38.249999999999964 3.504155815429298e-05 18831.331937815783
38.29999999999996 3.529881547082145e-05 18969.5820093351
38.34999999999996 3.556567065506038e-05 19112.989974574644
38.399999999999956 3.583971620780598e-05 19260.26204355946
38.44999999999995 3.611890750926665e-05 19410.299437696074
38.49999999999995 3.640139257544595e-05 19562.10690085954
38.54999999999995 3.668547151681759e-05 19714.770912487038
38.599999999999945 3.6969639713071955e-05 19867.482889684914
38.64999999999994 3.7252639612729915e-05 20019.56702433903
38.69999999999994 3.753347152519355e-05 20170.48608276242
38.749999999999936 3.781137546860237e-05 20319.831650733926
38.79999999999993 3.8085817014789846e-05 20467.316526578426
38.84999999999993 3.835644651715206e-05 20612.752810225087
38.89999999999993 3.862302356854127e-05 20756.011306882418
38.949999999999925 3.888531314033949e-05 20896.965712180594
38.99999999999992 3.914301396399068e-05 21035.45412440976
39.04999999999992 3.939580609290226e-05 21171.30460428398
39.099999999999916 3.964342327566714e-05 21304.374068307832
39.14999999999991 3.988565742706595e-05 21434.550691492812
39.19999999999991 4.0122270996144334e-05 21561.706813965655
39.24999999999991 4.035287076426756e-05 21685.63112004791
39.299999999999905 4.057682858674046e-05 21805.986044805755
39.3499999999999 4.0793268749391665e-05 21922.30097947884
39.3999999999999 4.100109253146698e-05 22033.985471578206
39.449999999999896 4.1198988920008654e-05 22140.334982793265
39.49999999999989 4.13854501909021e-05 22240.5392622457
39.54999999999989 4.155883575001209e-05 22333.716654713447
39.59999999999989 4.1717461364587675e-05 22418.96205358413
39.649999999999885 4.185968932909341e-05 22495.395355969096
39.69999999999988 4.198399483467465e-05 22562.197129651395
39.74999999999988 4.2088969143714e-05 22618.610319092306
39.799999999999876 4.217328508025865e-05 22663.921699988357
39.84999999999987 4.2235723077680154e-05 22697.47587728263
39.89999999999987 4.2275247391364966e-05 22718.71624186162
39.94999999999987 4.2291084954319694e-05 22727.227347554275
39.999999999999865 4.228276242514242e-05 22722.754820710314
40.04999999999986 4.225010371130756e-05 22705.204029213586
40.09999999999986 4.219320893197267e-05 22674.628777095328
40.14999999999986 4.211229212717383e-05 22631.14408946229
40.199999999999854 4.200769077188227e-05 22574.931325350386
40.24999999999985 4.1880051710030774e-05 22506.338098662993
40.29999999999985 4.1730478987476e-05 22425.957723598916
40.349999999999845 4.1560526638153715e-05 22334.625337932514
40.39999999999984 4.137208961157106e-05 22233.359287452444
40.44999999999984 4.116726811707156e-05 22123.288224575146
40.49999999999984 4.0948260152037216e-05 22005.593353005
40.549999999999834 4.071732559440019e-05 21881.48913105154
40.59999999999983 4.047680659543731e-05 21752.2342307164
40.64999999999983 4.02290734402028e-05 21619.102443092055
40.699999999999825 3.9976419735575654e-05 21483.3263524227
40.74999999999982 3.9720944735067756e-05 21346.034097460903
40.79999999999982 3.946447858623685e-05 21208.209199430323
40.84999999999982 3.920856322786278e-05 21070.680296169015
40.899999999999814 3.895445182247187e-05 20934.12083716805
40.94999999999981 3.870309349523371e-05 20799.04088225526
40.99999999999981 3.845510288722256e-05 20665.77073951914
41.049999999999805 3.821074201976624e-05 20534.45121921068
41.0999999999998 3.796999780763945e-05 20405.075289330347
41.1499999999998 3.7732707571667555e-05 20277.555526096246
41.1999999999998 3.74986387811168e-05 20151.766967501448
41.249999999999794 3.726754786230003e-05 20027.5787170563
41.29999999999979 3.703925653016823e-05 19904.894964382667
41.34999999999979 3.681363459193122e-05 19783.64574388035
41.399999999999785 3.65903540663257e-05 19663.6547984317
41.44999999999978 3.6368761332739265e-05 19544.570872345987
41.49999999999978 3.614800905382396e-05 19425.938606566615
41.54999999999978 3.592725233840162e-05 19307.303956608543
41.599999999999774 3.5705821006341916e-05 19188.306767696777
41.64999999999977 3.548336149619329e-05 19068.757035921524
41.69999999999977 3.525984102220454e-05 18948.637142221407
41.749999999999766 3.503546948403102e-05 18828.059886662748
41.79999999999976 3.4810647467380987e-05 18707.24054398899
41.84999999999976 3.4585956306802676e-05 18586.491523362896
41.89999999999976 3.4362187248516884e-05 18466.238040471584
41.949999999999754 3.414033359751669e-05 18347.013897378245
41.99999999999975 3.392150020798153e-05 18229.412842674315
42.04999999999975 3.37070092777381e-05 18114.145425418494
42.099999999999746 3.349856336179198e-05 18002.12659860207
42.14999999999974 3.3298237778049514e-05 17894.47163798415
42.19999999999974 3.31083236147893e-05 17792.411774313172
42.24999999999974 3.293112626577114e-05 17697.185926102622
42.299999999999734 3.276882155450894e-05 17609.963380821046
42.34999999999973 3.262342069650459e-05 17531.824965597985
42.39999999999973 3.2496808713742534e-05 17463.7836911718
42.449999999999726 3.2390707358042515e-05 17406.764826900933
42.49999999999972 3.2306553478400005e-05 17361.540535377557
42.54999999999972 3.224555171008518e-05 17328.758187547246
42.59999999999972 3.220858167457397e-05 17308.890491955655
42.649999999999714 3.21959874980421e-05 17302.122381995738
42.69999999999971 3.220745237364541e-05 17308.283605682227
42.74999999999971 3.224207872708343e-05 17326.891806622276
42.799999999999706 3.2298544607605576e-05 17357.236568535875
42.8499999999997 3.237521864030336e-05 17398.441190613048
42.8999999999997 3.2470315565933674e-05 17449.5462746086
42.9499999999997 3.258199965405397e-05 17509.5652990568
42.999999999999694 3.270837981060311e-05 17577.481990085522
43.04999999999969 3.2847437607191903e-05 17652.21164435987
43.09999999999969 3.299697345789319e-05 17732.572204491375
43.149999999999686 3.315466942690804e-05 17817.318011875235
43.19999999999968 3.33182570746096e-05 17905.230007147544
43.24999999999968 3.3484820839629876e-05 17994.741367746814
43.29999999999968 3.3653421900940654e-05 18085.34757129037
43.349999999999675 3.38236143059356e-05 18176.808962865573
43.39999999999967 3.399421770604671e-05 18268.491223199617
43.44999999999967 3.416365188412142e-05 18359.545143658484
43.499999999999666 3.433072011477642e-05 18449.327604069495
43.54999999999966 3.4494997561650443e-05 18537.61029738924
43.59999999999966 3.465680292853946e-05 18624.564495024824
43.64999999999966 3.481693528860584e-05 18710.619618861445
43.699999999999655 3.4976383781378976e-05 18796.30723244228
43.74999999999965 3.513619991452052e-05 18882.192415942256
43.79999999999965 3.529753242946187e-05 18968.892502960247
43.849999999999646 3.546166173935427e-05 19057.09558747205
43.89999999999964 3.562995072307836e-05 19147.534080533118
43.94999999999964 3.580372057816957e-05 19240.917993645664
43.99999999999964 3.5984118772557544e-05 19337.863976028766
44.049999999999635 3.6172044702810184e-05 19438.855363361716
44.09999999999963 3.6368151741633955e-05 19544.243278110596
44.14999999999963 3.657286315879793e-05 19654.255185432226
44.199999999999626 3.678636371913086e-05 19768.990377938113
44.24999999999962 3.700857985899491e-05 19888.409322532258
44.29999999999962 3.723914798364633e-05 20012.31662341404
44.34999999999962 3.747741044548131e-05 20140.358860787725
44.399999999999615 3.77224424653139e-05 20272.039058356102
44.44999999999961 3.797310393852845e-05 20406.74452394473
44.49999999999961 3.822810839518756e-05 20543.783908661182
44.549999999999606 3.848605291403217e-05 20682.403282677456
44.5999999999996 3.874542861968438e-05 20821.791776426373
44.6499999999996 3.900463090657925e-05 20961.087074942097
44.6999999999996 3.926197425808677e-05 21099.383381655683
44.749999999999595 3.951572306646656e-05 21235.747981037508
44.79999999999959 3.976418676107595e-05 21369.27236049243
44.84999999999959 4.000581406360889e-05 21499.122863121385
44.89999999999959 4.023918820599484e-05 21624.53811782046
44.949999999999584 4.046297950249683e-05 21744.803551528257
44.99999999999958 4.0675922129984146e-05 21859.23891094543
45.04999999999958 4.087683787846693e-05 21967.21102607098
45.099999999999575 4.106469673883799e-05 22068.166370052277
45.14999999999957 4.123867770714767e-05 22161.663735399907
45.19999999999957 4.139820820147765e-05 22247.39541661408
45.24999999999957 4.154296380240067e-05 22325.187070707674
45.299999999999564 4.1672854242241055e-05 22394.99018783543
45.34999999999956 4.1788026255076496e-05 22456.883622884776
45.39999999999956 4.188887529597463e-05 22511.079893393096
45.449999999999555 4.1976050149556646e-05 22557.927656189633
45.49999999999955 4.205047695184303e-05 22597.92461673442
45.54999999999955 4.211337357552256e-05 22631.72525976125
45.59999999999955 4.216614103336839e-05 22660.082489477867
45.649999999999544 4.221028042140974e-05 22683.80299482979
45.69999999999954 4.224731777867109e-05 22703.70686912719
45.74999999999954 4.227873454945532e-05 22720.590240478636
45.799999999999535 4.2305914999645295e-05 22735.197013313704
45.84999999999953 4.2330133321491396e-05 22748.21193849633
45.89999999999953 4.2352586003709984e-05 22760.278009014393
45.94999999999953 4.2374408551076465e-05 22772.00544508837
45.999999999999524 4.239664296334669e-05 22783.95421734499
46.04999999999952 4.242018549946817e-05 22796.605975306484
46.09999999999952 4.244574412134858e-05 22810.34117767345
46.149999999999515 4.247379651005008e-05 22825.41653022942
46.19999999999951 4.250454634409045e-05 22841.941489801633
46.24999999999951 4.253788255816514e-05 22859.8563698999
46.29999999999951 4.2573353170780456e-05 22878.918275687753
46.349999999999504 4.261017310938477e-05 22898.70530920763
46.3999999999995 4.2647262543888546e-05 22918.637169813006
46.4499999999995 4.2683293849104166e-05 22938.000391781632
46.499999999999496 4.271672253923151e-05 22955.96496850686
46.54999999999949 4.2745807426089386e-05 22971.595185530397
46.59999999999949 4.276865612930782e-05 22983.874077717795
46.64999999999949 4.2783292710022975e-05 22991.73977560338
46.699999999999484 4.2787719005509965e-05 22994.11846661944
46.74999999999948 4.2779980905225546e-05 22989.960011838906
46.79999999999948 4.275819941175361e-05 22978.254638126204
46.849999999999476 4.272059891812963e-05 22958.048134370256
46.89999999999947 4.2665561495958696e-05 22928.471025916948
46.94999999999947 4.2591706589448775e-05 22888.78140213935
46.99999999999947 4.2497963868663435e-05 22838.40406777283
47.049999999999464 4.2383599001832406e-05 22776.944392953676
47.09999999999946 4.224822199174736e-05 22704.192793197883
47.14999999999946 4.209181155988325e-05 22620.13783342694
47.199999999999456 4.19147575636336e-05 22524.9890229884
47.24999999999945 4.171792845000901e-05 22419.213065270702
47.29999999999945 4.150270257796848e-05 22303.550690322787
47.34999999999945 4.127091150822648e-05 22178.98617879868
47.399999999999444 4.102478557738178e-05 22046.71811349655
47.44999999999944 4.076690547432475e-05 21908.133356521917
47.49999999999944 4.050012060422351e-05 21764.76317809713
47.549999999999436 4.0227488883868534e-05 21618.25090258197
47.59999999999943 3.995226322742409e-05 21470.344645917023
47.64999999999943 3.9677874870570025e-05 21322.888354018152
47.69999999999943 3.9407823796207916e-05 21177.7629175554
47.749999999999424 3.914565109933238e-05 21036.871320835955
47.79999999999942 3.8894955864328584e-05 20902.147711663147
47.84999999999942 3.8659430650422546e-05 20775.576471216
47.899999999999416 3.844289308563531e-05 20659.209192638944
47.94999999999941 3.824916277375227e-05 20555.098530852087
47.99999999999941 3.8081886346409317e-05 20465.204185549374
48.04999999999941 3.7944380736225514e-05 20391.30867618642
48.099999999999405 3.783955135760741e-05 20334.97337234804
48.1499999999994 3.7769951397510406e-05 20297.57035660101
48.1999999999994 3.773778066913971e-05 20280.28180847303
48.249999999999396 3.7744678130264395e-05 20283.988503803048
48.29999999999939 3.779216120098297e-05 20309.50590409076
48.34999999999939 3.7880933729280015e-05 20357.212257214673
48.39999999999939 3.8010729558950426e-05 20426.964530840905
48.449999999999385 3.8180627280594265e-05 20518.267559595115
48.49999999999938 3.838933152742345e-05 20630.42521341767
48.54999999999938 3.8635239754912116e-05 20762.57628494506
48.599999999999376 3.8916380853988596e-05 20913.66150024171
48.64999999999937 3.9230396500055345e-05 21082.413495764096
48.69999999999937 3.957461697902508e-05 21267.397567269454
48.74999999999937 3.994612621644761e-05 21467.04661646596
48.799999999999365 4.0341797011640285e-05 21679.680085832955
48.84999999999936 4.07583317236473e-05 21903.5258232539
48.89999999999936 4.119227926106669e-05 22136.729212348662
48.949999999999356 4.164005424870657e-05 22377.363472633828
48.99999999999935 4.209800157441484e-05 22623.464346986388
49.04999999999935 4.2562509297992834e-05 22873.09077888935
49.09999999999935 4.303004714065211e-05 23124.345596664298
49.149999999999345 4.349714167539995e-05 23375.36218078553
49.19999999999934 4.396034015245216e-05 23624.28502365838
49.24999999999934 4.441623034015494e-05 23869.280392129815
49.299999999999336 4.486152557074679e-05 24108.582031077454
49.34999999999933 4.529317562890976e-05 24340.550754912543
49.39999999999933 4.5708497605248324e-05 24563.74476823421
49.44999999999933 4.6105262150748266e-05 24776.96601897219
49.499999999999325 4.648177381759151e-05 24979.30337353748
49.54999999999932 4.683682126270502e-05 25170.105856211525
49.59999999999932 4.716954939758149e-05 25348.913942465002
49.64999999999932 4.7479280983466194e-05 25515.363684218464
49.699999999999314 4.776534672195751e-05 25669.095400537888
49.74999999999931 4.802701374479435e-05 25809.715248049346
49.79999999999931 4.826348856994027e-05 25936.79680953848
49.849999999999305 4.8473990442077144e-05 26049.920507128834
49.8999999999993 4.865783311146081e-05 26148.7175502356
49.9499999999993 4.881446253542417e-05 26232.89019635184
49.9999999999993 4.89434780209865e-05 26302.22311308588
50.049999999999294 4.904468521714509e-05 26356.611856216714
