# (1): time [s] (2): displacement/rotation [m/rad] (3): support force/ moment [N]/[N m]
0.05 0.0 0.0
0.1 2.2445445820235744e-09 0.008861106834072457
0.15000000000000002 5.3920724060811925e-08 0.21287048620020566
0.2 -1.006425695462124e-07 -0.3973209389320958
0.25 -9.168568244174735e-07 -3.6196056597758033
0.3 -2.4769051774039475e-06 -9.778429695994806
0.35 -4.434376752797435e-06 -17.506217726199157
0.39999999999999997 -6.227820731306256e-06 -24.586450759558304
0.44999999999999996 -7.509755318112486e-06 -29.64732565549888
0.49999999999999994 -8.299663810890409e-06 -32.76575939021042
0.5499999999999999 -8.93450956260997e-06 -35.27202996028412
0.6 -9.887280750254701e-06 -39.03341984300795
0.65 -1.1520623078821465e-05 -45.481596896811176
0.7000000000000001 -1.3910062955458579e-05 -54.914727425849605
0.7500000000000001 -1.683710201977097e-05 -66.47021447836883
0.8000000000000002 -1.9938218695598724e-05 -78.7129323951853
0.8500000000000002 -2.290167509787407e-05 -90.41218933531859
0.9000000000000002 -2.560078531312409e-05 -101.06784935910132
0.9500000000000003 -2.8111844493940986e-05 -110.98111365605583
1.0000000000000002 -3.063603771190404e-05 -120.94622905333904
1.0500000000000003 -3.338227910840982e-05 -131.78795552270194
1.1000000000000003 -3.647187894181914e-05 -143.98520676807055
1.1500000000000004 -3.9904105777182955e-05 -157.53509520000804
1.2000000000000004 -4.358308791621077e-05 -172.05913452435928
1.2500000000000004 -4.737946423256878e-05 -187.04662748440663
1.3000000000000005 -5.1191120211445234e-05 -202.0944421342297
1.3500000000000005 -5.4977469280491405e-05 -217.04234910859716
1.4000000000000006 -5.87594763719795e-05 -231.97311464263797
1.4500000000000006 -6.259405943618326e-05 -247.11144179736124
1.5000000000000007 -6.654016938369646e-05 -262.6900594394248
1.5500000000000007 -7.06329098975698e-05 -278.8475513547212
1.6000000000000008 -7.487434444043943e-05 -295.5920637672166
1.6500000000000008 -7.92402623653677e-05 -312.82801687388337
1.7000000000000008 -8.369567103922498e-05 -330.41726529634474
1.7500000000000009 -8.821017667593229e-05 -348.23981917666043
1.800000000000001 -9.27670304378442e-05 -366.229556754135
1.850000000000001 -9.73640238274061e-05 -384.3777592298945
1.900000000000001 -0.00010200837312213473 -402.7129153256745
1.950000000000001 -0.00010670942139059455 -421.27190999772426
2.000000000000001 -0.00011147261145379887 -440.0762306421349
2.0500000000000007 -0.0001162966352710928 -459.12071332138447
2.1000000000000005 -0.00012117387167036108 -478.37527085393305
2.1500000000000004 -0.00012609291436194368 -497.79487301312906
2.2 -0.0001310415373415054 -517.3312534684948
2.25 -0.00013600879121290963 -536.9411857367105
2.3 -0.0001409858620380247 -556.5898737847461
2.3499999999999996 -0.00014596597517153745 -576.2505723849223
2.3999999999999995 -0.00015094337301140096 -595.9005514354382
2.4499999999999993 -0.00015591214469163226 -615.5164757727257
2.499999999999999 -0.00016086564181009297 -635.072098557183
2.549999999999999 -0.00016579651157128616 -654.5383921156913
2.5999999999999988 -0.00017069705172855583 -673.8849491972529
2.6499999999999986 -0.00017555958329369518 -693.081454371547
2.6999999999999984 -0.0001803763840538742 -712.0974215642804
2.7499999999999982 -0.00018513934616539124 -730.9008422915006
2.799999999999998 -0.0001898398769031501 -749.4577938342368
2.849999999999998 -0.00019446931630378748 -767.7340880274796
2.8999999999999977 -0.0001990192199706387 -785.6963877294346
2.9499999999999975 -0.0002034811781271144 -803.3114924728862
2.9999999999999973 -0.00020784652233982466 -820.5451806545003
3.049999999999997 -0.0002121062260520521 -837.361816856715
3.099999999999997 -0.00021625106511934998 -853.724985616879
3.149999999999997 -0.0002202719330134552 -869.598735802423
3.1999999999999966 -0.0002241598106940963 -884.947461669524
3.2499999999999964 -0.00022790568685364138 -899.7355880015967
3.2999999999999963 -0.00023150049084548125 -913.9273053211632
3.349999999999996 -0.0002349352499263253 -927.4871906575553
3.399999999999996 -0.00023820120778352257 -940.3806754740219
3.4499999999999957 -0.0002412896519998079 -952.5733645258493
3.4999999999999956 -0.0002441917181102969 -964.0302623083833
3.5499999999999954 -0.0002468983609969954 -974.7156601270777
3.599999999999995 -0.00024940037823863143 -984.5932282789388
3.649999999999995 -0.0002516883282926102 -993.6256930478273
3.699999999999995 -0.000253752628335937 -1001.7752229649423
3.7499999999999947 -0.00025558389299944705 -1009.0047660779576
3.7999999999999945 -0.00025717322630809816 -1015.2792024851019
3.8499999999999943 -0.0002585122524933494 -1020.5654659775537
3.899999999999994 -0.00025959298953457245 -1024.8320448009438
3.949999999999994 -0.0002604077274159445 -1028.0485010328334
3.999999999999994 -0.0002609489748849446 -1030.185260393682
4.049999999999994 -0.00026120945414818324 -1031.2135913068232
4.099999999999993 -0.00026118210327294303 -1031.1056143793653
4.149999999999993 -0.000260860067381459 -1029.8342676386055
4.199999999999993 -0.000260236683675083 -1027.3732474097992
4.249999999999993 -0.000259305471852981 -1023.6969704906934
4.299999999999993 -0.00025806013298161813 -1018.7805696884332
4.3499999999999925 -0.000256494550581767 -1012.5998981108977
4.399999999999992 -0.0002546049961605002 -1005.1402362580046
4.449999999999992 -0.00025238629974401195 -996.3811738912632
4.499999999999992 -0.00024982994577900326 -986.2890929537464
4.549999999999992 -0.0002469282024553174 -974.8334694824339
4.599999999999992 -0.00024367609677559073 -961.9946708706585
4.6499999999999915 -0.00024007013811575643 -947.7589166869598
4.699999999999991 -0.00023610672935634686 -932.1120060728858
4.749999999999991 -0.00023178155359198537 -915.036896569115
4.799999999999991 -0.00022708983488710003 -896.5147335377511
4.849999999999991 -0.00022202685793016837 -876.5269016750525
4.899999999999991 -0.00021658830308238092 -855.0563477305369
4.94999999999999 -0.000210770307257551 -832.0878208512326
4.99999999999999 -0.00020456937255336605 -807.607511872316
5.04999999999999 -0.00019798226203279447 -781.6026418785979
5.09999999999999 -0.00019100595044852417 -754.0612676724039
5.14999999999999 -0.0001836376305244309 -724.9723065718177
5.1999999999999895 -0.00017587474707670152 -694.3256711154763
5.249999999999989 -0.00016771503246000861 -662.1124089984581
5.299999999999989 -0.00015915652948534249 -628.3247935482577
5.349999999999989 -0.00015019760041340278 -592.9563592292723
5.399999999999989 -0.00014083692775521933 -556.0019048035266
5.449999999999989 -0.00013107351402165084 -517.4574923417331
5.4999999999999885 -0.00012090668532750187 -477.3204614517754
5.549999999999988 -0.00011033610037436164 -435.58946474153464
5.599999999999988 -9.93617636993474e-05 -392.2645201228319
5.649999999999988 -8.798404142569598e-05 -347.3470729922709
5.699999999999988 -7.620368559930126e-05 -300.84009230803736
5.749999999999988 -6.402208248260402e-05 -252.74905081488578
5.799999999999987 -5.1441506881880325e-05 -203.0829290880298
5.849999999999987 -3.846480950762296e-05 -151.8529812813997
5.899999999999987 -2.5095037369059974e-05 -99.07123650527048
5.949999999999987 -1.13353368178098e-05 -44.75011605795434
5.999999999999987 2.8109213323955076e-06 11.097072621330664
6.0499999999999865 1.7339987737206585e-05 68.45552771438784
6.099999999999986 3.224762902473049e-05 127.30853653887077
6.149999999999986 4.752907797297797e-05 187.637278856729
6.199999999999986 6.317902256241582e-05 249.42078365541715
6.249999999999986 7.91916138106828e-05 312.6359600781135
6.299999999999986 9.55604756522576e-05 377.2576364270856
6.349999999999985 0.00011227871068020732 443.2585828312051
6.399999999999985 0.00012933891539534256 510.6095714471988
6.449999999999985 0.0001467332146045286 579.2795122587379
6.499999999999985 0.00016445329666767657 649.2355922259817
6.549999999999985 0.00018249042797536952 720.4433324409549
6.5999999999999845 0.0002008354447202915 792.8665556424509
6.649999999999984 0.00021947873618744496 866.4673202484547
6.699999999999984 0.00023841023525043663 941.2058828369834
6.749999999999984 0.0002576194231577122 1017.0407170413831
6.799999999999984 0.00027709534599164374 1093.928578528202
6.849999999999984 0.000296826635240446 1171.8245862118604
6.8999999999999835 0.00031680152570296924 1250.6822929399393
6.949999999999983 0.00033700786804523796 1330.4537350644086
6.999999999999983 0.00035743313746217445 1411.0894666367417
7.049999999999983 0.00037806444188510734 1492.5385918098586
7.099999999999983 0.0003988885326267358 1574.7488068627629
7.149999999999983 0.00041989181828472035 1657.6664550897153
7.199999999999982 0.000441060380667749 1741.2365896738252
7.249999999999982 0.0004623799906764241 1825.4030363822765
7.299999999999982 0.00048383612274427646 1910.1084505771685
7.349999999999982 0.0005054139679532781 1995.2943689934834
7.399999999999982 0.0005270984472395328 2080.9012618730635
7.4499999999999815 0.0005488742257332125 2166.8685895764106
7.499999999999981 0.0005707257275477274 2253.1348609679903
7.549999999999981 0.0005926371493517547 2339.6376869964515
7.599999999999981 0.0006145924739023358 2426.3138341211557
7.649999999999981 0.000636575484830292 2513.0992826826564
7.699999999999981 0.000658569782918611 2599.929291167194
7.7499999999999805 0.0006805588034418373 2686.7384646598657
7.79999999999998 0.0007025258337931648 2773.460824433596
7.84999999999998 0.0007244540313902778 2860.029878638565
7.89999999999998 0.0007463264433827343 2946.378700103841
7.94999999999998 0.0007681260267099943 3032.4400055232963
7.99999999999998 0.0007898356655132049 3118.1462241945874
8.04999999999998 0.0008114381851714621 3203.429553432089
8.09999999999998 0.0008329163644582901 3288.222006558755
8.14999999999998 0.0008542529475387992 3372.455460268995
8.199999999999982 0.0008754306554648939 3456.061700009943
8.249999999999982 0.0008964321955513888 3538.972456996873
8.299999999999983 0.0009172402689141332 3621.1194379725257
8.349999999999984 0.0009378375784818583 3702.4343568366135
8.399999999999984 0.0009582068400811018 3782.848978407347
8.449999999999985 0.0009783307972905427 3862.295177064
8.499999999999986 0.0009981922382881294 3940.705003256703
8.549999999999986 0.0010177740120450034 4018.010747437495
8.599999999999987 0.0010370590421836209 4094.144994769991
8.649999999999988 0.001056030338534132 4169.0406707521415
8.699999999999989 0.0010746710075731304 4242.63108242676
8.74999999999999 0.0010929642622789662 4314.849957288747
8.79999999999999 0.0011108934296739908 4385.631473060668
8.84999999999999 0.0011284419539962143 4454.910270213964
8.899999999999991 0.0011455933963592153 4522.621450626326
8.949999999999992 0.0011623314355285307 4588.700580646759
8.999999999999993 0.00117863987635413 4653.083724385655
9.049999999999994 0.0011945026684769293 4715.707517565153
9.099999999999994 0.0012099039303958602 4776.509262532117
9.149999999999995 0.0012248279703372421 4835.427010647116
9.199999999999996 0.0012392592985087678 4892.399610661218
9.249999999999996 0.0012531826312873673 4947.366725249016
9.299999999999997 0.001266582891820493 5000.268833382409
9.349999999999998 0.0012794452121235335 5051.047238610853
9.399999999999999 0.0012917549395319735 5099.6440945334725
9.45 0.0013034984139865204 5146.005473397743
9.5 0.0013146602233985768 5190.0705307166845
9.55 0.0013252265872634617 5231.784863238436
9.600000000000001 0.0013351840499786737 5271.095350373532
9.650000000000002 0.0013445193994390489 5307.949832821462
9.700000000000003 0.0013532195172523325 5342.296521245454
9.750000000000004 0.001361271429763771 5374.084197709487
9.800000000000004 0.0013686624394049966 5403.2627342229
9.850000000000005 0.0013753801979532 5429.783381956022
9.900000000000006 0.0013814127088038223 5453.59878021239
9.950000000000006 0.0013867482987198316 5474.6628448993715
10.000000000000007 0.0013913756002094096 5492.930698958054
10.050000000000008 0.001395283557838571 5508.3586972844705
10.100000000000009 0.0013984614485658183 5520.904507007599
10.15000000000001 0.0014008989025075936 5530.527189468078
10.20000000000001 0.0014025859182629872 5537.187260717734
10.25000000000001 0.0014035128738507513 5540.846734697178
10.300000000000011 0.0014036705357355767 5541.469158870121
10.350000000000012 0.0014030500664428728 5539.019644285317
10.400000000000013 0.0014016430306651566 5533.464889683622
10.450000000000014 0.0013994414007210908 5524.773203049413
10.500000000000014 0.001396437562999741 5512.9145270514955
10.550000000000015 0.001392624326790528 5497.860473902359
10.600000000000016 0.0013879949358251388 5479.584370923812
10.650000000000016 0.0013825430817324305 5458.061313664815
10.700000000000017 0.0013762629182969225 5433.268222191756
10.750000000000018 0.001369149076045632 5405.183898674959
10.800000000000018 0.001361196675656851 5373.789080324424
10.85000000000002 0.001352401331683995 5339.066454090986
10.90000000000002 0.0013427591500778276 5301.000646884452
10.95000000000002 0.0013322667276993332 5259.578223650502
11.000000000000021 0.0013209211573078283 5214.787707062956
11.050000000000022 0.0013087200369405851 5166.61961455305
11.100000000000023 0.0012956614798389449 5115.06649749616
11.150000000000023 0.0012817441227844872 5060.122974121677
11.200000000000024 0.001266967133653443 5001.785759336635
11.250000000000025 0.0012513302176071477 4940.053689164643
11.300000000000026 0.001234833624192513 4874.927748777419
11.350000000000026 0.0012174781565992025 4806.411109040659
11.400000000000027 0.0011992651823496423 4734.509168716504
11.450000000000028 0.001180196644243679 4659.229597671321
11.500000000000028 0.0011602750731994262 4580.582387569333
11.55000000000003 0.001139503605602269 4498.579920363738
11.60000000000003 0.001117886004009227 4413.237050034265
11.65000000000003 0.0010954266734397595 4324.57116690069
11.700000000000031 0.0010721306668616724 4232.602219280331
11.750000000000032 0.0010480036822481508 4137.3527018696805
11.800000000000033 0.0010230520577859214 4038.847636826981
11.850000000000033 0.0009972827698944697 3937.1145659524173
11.900000000000034 0.0009707034371615391 3832.1835662248373
11.950000000000035 0.000943322328888248 3724.087283536526
12.000000000000036 0.0009151483700500377 3612.8609522782413
12.050000000000036 0.0008861911449117509 3498.542409610973
12.100000000000037 0.0008564609032330969 3381.1721199641356
12.150000000000038 0.0008259685724641791 3260.793223181582
12.200000000000038 0.0007947257812156614 3137.4516271781076
12.250000000000039 0.0007627448527952376 3011.1959824224523
12.30000000000004 0.0007300387719365681 2882.0775505884085
12.35000000000004 0.0006966211700198157 2750.1501462078363
12.400000000000041 0.0006625063380836903 2615.470188040153
12.450000000000042 0.000627709248584194 2478.0967849724216
12.500000000000043 0.0005922455676079228 2338.091784235528
12.550000000000043 0.0005561316494842025 2195.5197501337475
12.600000000000044 0.0005193845148884214 2050.4478776001697
12.650000000000045 0.00048202182972260747 1902.9459088205565
12.700000000000045 0.0004440618964495767 1753.0860990219314
12.750000000000046 0.0004055236577702557 1600.943230990068
12.800000000000047 0.00036642670630984925 1446.5946533089461
12.850000000000048 0.00032679128719981113 1290.1202905539649
12.900000000000048 0.0002866382719000899 1131.60253994631
12.950000000000049 0.00024598914011719205 971.1261999683301
13.00000000000005 0.0002048659799485097 808.7784709333181
13.05000000000005 0.00016329150768663547 644.6490331698136
13.100000000000051 0.00012128908671173905 478.83012160571536
13.150000000000052 7.888272296068965e-05 311.41650788109405
13.200000000000053 3.6097039273192585e-05 142.50539907079875
13.250000000000053 -7.042755880139645e-06 -27.803685772169676
13.300000000000054 -5.051089072173762e-05 -199.40900374808209
13.350000000000055 -9.428104586905766e-05 -372.2066500994236
13.400000000000055 -0.0001383263712429778 -546.0906249625656
13.450000000000056 -0.00018261950090088497 -720.9528919264465
13.500000000000057 -0.00022713255545072847 -896.6833875628729
13.550000000000058 -0.0002718371236518525 -1073.1699487895182
13.600000000000058 -0.00031670423749907315 -1250.2982145058006
13.650000000000059 -0.00036170435194785407 -1427.9515455510857
13.70000000000006 -0.00040680734133833306 -1606.0110105873089
13.75000000000006 -0.00045198250642450636 -1784.3554138490827
13.800000000000061 -0.0004971985790058267 -1962.8613134285126
13.850000000000062 -0.0005424237734470416 -2141.4032246673673
13.900000000000063 -0.0005876258551505889 -2319.85389047526
13.950000000000063 -0.0006327721922844313 -2498.0844855429536
14.000000000000064 -0.0006778297758894789 -2675.9646957232853
14.050000000000065 -0.000722765215148871 -2853.3626993550374
14.100000000000065 -0.000767544728291128 -3030.1451313500206
14.150000000000066 -0.0008121341391568223 -3206.1770696388357
14.200000000000067 -0.0008564988873045305 -3381.3220750675728
14.250000000000068 -0.0009006040113150519 -3555.442125485506
14.300000000000068 -0.0009444142021803116 -3728.397826516039
14.350000000000069 -0.000987893922868929 -3900.0488835826445
14.40000000000007 -0.0010310074838310048 -4070.2543999898194
14.45000000000007 -0.001073719045008639 -4238.8728848602905
14.500000000000071 -0.0011159925837627115 -4405.762126515016
14.550000000000072 -0.001157791871446922 -4570.7790999912095
14.600000000000072 -0.0011990804837682103 -4733.780007943634
14.650000000000073 -0.001239821844572952 -4894.620453505573
14.700000000000074 -0.0012799792773725623 -5053.155643703766
14.750000000000075 -0.0013195160440213347 -5209.240542152394
14.800000000000075 -0.0013583953719249074 -5362.729976467792
14.850000000000076 -0.0013965804812163499 -5513.478745555351
14.900000000000077 -0.001434034618847316 -5661.341754195988
14.950000000000077 -0.001470721097645863 -5806.174167240232
15.000000000000078 -0.001506603330473575 -5947.831544455152
15.050000000000079 -0.0015416448526689485 -6086.169929127283
15.10000000000008 -0.0015758093559392595 -6221.04598186236
15.15000000000008 -0.0016090607365882323 -6352.31717098052
15.200000000000081 -0.001641363150108148 -6479.841988037308
15.250000000000082 -0.0016726810627531697 -6603.480151427003
15.300000000000082 -0.0017029792948770508 -6723.092777473036
15.350000000000083 -0.0017322230585997001 -6838.542529129627
15.400000000000084 -0.00176037799895001 -6949.693778407158
15.450000000000085 -0.0017874102439708287 -7056.412804178677
15.500000000000085 -0.0018132864633205418 -7158.5680235296695
15.550000000000086 -0.0018379739299322552 -7256.030235178755
15.600000000000087 -0.0018614405830272415 -7348.6728682448
15.650000000000087 -0.0018836550911324533 -7436.372231030094
15.700000000000088 -0.0019045869164853995 -7519.007765280603
15.750000000000089 -0.001924206384993032 -7596.462322372588
15.80000000000009 -0.0019424847635947898 -7668.622468729663
15.85000000000009 -0.001959394332762646 -7735.378772041503
15.900000000000091 -0.0019749084479925693 -7796.626044022405
15.950000000000092 -0.0019890015977888625 -7852.263569324288
16.000000000000092 -0.0020016494674559566 -7902.19535737659
16.050000000000093 -0.002012829016773545 -7946.330449035418
16.100000000000094 -0.0020225208690098505 -7984.592348029876
16.150000000000095 -0.0020307098195594298 -8016.921028983649
16.200000000000095 -0.002037382684841261 -8043.264445205024
16.250000000000096 -0.002042515247188388 -8063.526989177053
16.300000000000097 -0.0020460808508770477 -8077.603428320306
16.350000000000097 -0.0020480587404511624 -8085.411823378527
16.400000000000098 -0.002048437125126981 -8086.905626203233
16.4500000000001 -0.0020472109997634828 -8082.065077289685
16.5000000000001 -0.0020443778644130377 -8070.880307240231
16.5500000000001 -0.002039934304927035 -8053.33783753641
16.6000000000001 -0.002033875000630523 -8029.416662995452
16.6500000000001 -0.002026193957826768 -7999.093121451093
16.700000000000102 -0.0020168866434031904 -7962.349316892188
16.750000000000103 -0.0020059516480908464 -7919.179685747947
16.800000000000104 -0.0019933912011397313 -7869.593028744597
16.850000000000104 -0.001979210661845512 -7813.610503533378
16.900000000000105 -0.001963417598039314 -7751.261986714044
16.950000000000106 -0.001946021057290855 -7682.5831966601545
17.000000000000107 -0.0019270313475581494 -7607.614827558827
17.050000000000107 -0.0019064602510979333 -7526.403393895233
17.100000000000108 -0.0018843213880868578 -7439.002665971543
17.15000000000011 -0.0018606305072051412 -7345.4748170851935
17.20000000000011 -0.0018354056165075703 -7245.890940186896
17.25000000000011 -0.0018086669704087813 -7140.330996500585
17.30000000000011 -0.0017804369792737288 -7028.883458600893
17.35000000000011 -0.001750740092606189 -6911.644849259852
17.400000000000112 -0.001719602692760779 -6788.719321838757
17.450000000000113 -0.0016870530284924352 -6660.218397952027
17.500000000000114 -0.001653121199543152 -6526.260906618084
17.550000000000114 -0.0016178391814732447 -6386.973082289255
17.600000000000115 -0.0015812408625069934 -6242.488710312541
17.650000000000116 -0.0015433620603821693 -6092.949193448878
17.700000000000117 -0.001504240496765439 -5938.503450869207
17.750000000000117 -0.0014639157427540565 -5779.307703003772
17.800000000000118 -0.0014224291618992577 -5615.5252466075035
17.85000000000012 -0.0013798238545106635 -5447.32623488261
17.90000000000012 -0.0013361445839763298 -5274.887386601797
17.95000000000012 -0.0012914377168413078 -5098.3917495479045
18.00000000000012 -0.0012457511849505007 -4918.028551059897
18.05000000000012 -0.0011991344555860105 -4733.993080139831
18.100000000000122 -0.0011516385051693796 -4546.486583633471
18.150000000000123 -0.0011033157922575797 -4355.71615962272
18.200000000000124 -0.001054220248961789 -4161.894723548316
18.250000000000124 -0.0010044072122789816 -3965.2407371178115
18.300000000000125 -0.0009539333048252745 -3765.977737459698
18.350000000000126 -0.0009028562898583297 -3564.3337647747917
18.400000000000126 -0.0008512349006269326 -3360.540688635374
18.450000000000127 -0.0007991287141686122 -3154.8337097581657
18.500000000000128 -0.0007465981103001547 -2947.4511981053615
18.55000000000013 -0.0006937042606716199 -2738.6346496716233
18.60000000000013 -0.0006405091025787993 -2528.628583099805
18.65000000000013 -0.0005870752758350984 -2317.680290461134
18.70000000000013 -0.0005334660411069325 -2106.039514856279
18.75000000000013 -0.0004797451807179812 -1893.9580588062386
18.800000000000132 -0.000425976812509068 -1681.6890494006054
18.850000000000133 -0.00037222523088251787 -1469.4863107658402
18.900000000000134 -0.00031855484994746617 -1257.6041396119488
18.950000000000134 -0.0002650302056591397 -1046.2973136780251
19.000000000000135 -0.00021171595285893738 -835.8210800469581
19.050000000000136 -0.0001586768112448225 -626.4309418450902
19.100000000000136 -0.00010597746147863543 -418.3822480903272
19.150000000000137 -5.36824310429989e-05 -211.92974307326315
19.200000000000138 -1.8559537439802252e-06 -7.3270116959222005
19.25000000000014 4.9438169787977084e-05 195.17407124848862
19.30000000000014 0.00010013668709277178 395.32379505653125
19.35000000000014 0.0001501769843254146 592.8749701761757
19.40000000000014 0.0001994971597347451 787.5832182891467
19.45000000000014 0.0002480360853344552 979.2072157783657
19.500000000000142 0.00029573346015501913 1167.5089039581444
19.550000000000143 0.0003425298653217674 1352.2537065137042
19.600000000000144 0.00038836683441761174 1533.2108072820809
19.650000000000144 0.0004331869624064381 1710.1535802644444
19.700000000000145 0.0004769340325867947 1882.8600908191695
19.750000000000146 0.0005195531328374672 2051.113554580972
19.800000000000146 0.0005609907444346553 2214.7026880970675
19.850000000000147 0.0006011948008227463 2373.4219408448866
19.900000000000148 0.0006401147359525503 2527.0716860637767
19.95000000000015 0.0006777015541913541 2675.4584967488345
20.00000000000015 0.0007139079354599357 2818.3955607151993
20.05000000000015 0.0007486883647108318 2955.703191757768
20.10000000000015 0.0007819992571651553 3087.20932406633
20.15000000000015 0.0008137990585134658 3212.749907802751
20.200000000000152 0.0008440483160622358 3332.169189975961
20.250000000000153 0.0008727097215040727 3445.319883292025
20.300000000000153 0.0008997481090617182 3552.0631588269443
20.350000000000154 0.0009251304622657475 3652.2686727839414
20.400000000000155 0.0009488259697003012 3745.814786568788
20.450000000000156 0.0009708060892269245 3832.5888203353607
20.500000000000156 0.0009910445835296091 3912.4871933118397
20.550000000000157 0.001009517523400111 3985.415436770625
20.600000000000158 0.0010262032989881188 4051.288238442222
20.65000000000016 0.0010410826825264566 4110.029690144412
20.70000000000016 0.0010541389440004985 4161.5737444268025
20.75000000000016 0.0010653579686484738 4205.864678443438
20.80000000000016 0.001074728388234155 4242.857612196594
20.85000000000016 0.001082241589948148 4272.518543677674
20.900000000000162 0.0010878916105188196 4294.8239308338925
20.950000000000163 0.0010916755899834606 4309.762482985033
21.000000000000163 0.0010935934856595414 4317.334031627224
21.050000000000164 0.0010936479800068544 4317.549166687254
21.100000000000165 0.001091844049119393 4310.427532996794
21.150000000000166 0.0010881887406561266 4295.996953598237
21.200000000000166 0.0010826910700415687 4274.293019960965
21.250000000000167 0.001075361655956963 4245.357652958232
21.300000000000168 0.0010662118070407644 4209.235497305186
21.35000000000017 0.001055254300831354 4165.976996701442
21.40000000000017 0.0010425072249649467 4115.653558272596
21.45000000000017 0.0010279951293293219 4058.362101090839
21.50000000000017 0.0010117476239799854 3994.2195209698257
21.55000000000017 0.0009937966441189296 3923.351893033608
21.600000000000172 0.0009741743576577866 3845.8862111070753
21.650000000000173 0.0009529127766072445 3761.948853542856
21.700000000000173 0.0009300448127475549 3671.6697508414377
21.750000000000174 0.0009056057673110866 3575.1882666821616
21.800000000000175 0.0008796343278505941 3472.6571334014006
21.850000000000176 0.0008521727032924187 3364.242985161228
21.900000000000176 0.0008232660741424915 3250.1241874497164
21.950000000000177 0.0007929617941431778 3130.487685348488
22.000000000000178 0.0007613088153507391 3005.5267338295116
22.05000000000018 0.0007283576296997458 2875.4406670606495
22.10000000000018 0.000694160479455252 2740.435729237541
22.15000000000018 0.0006587715333797967 2600.7257700630503
22.20000000000018 0.0006222469172008431 2456.53236502789
22.25000000000018 0.0005846446087230985 2308.0844013306632
22.300000000000182 0.0005460242697048985 2155.617414152427
22.350000000000183 0.0005064470914564541 1999.3729771030094
22.400000000000183 0.0004659756945258017 1839.598306197009
22.450000000000184 0.00042467407782741914 1676.546059021624
22.500000000000185 0.00038260758804455037 1510.474213941871
22.550000000000185 0.00033984288566876703 1341.645936030148
22.600000000000186 0.000296447893126239 1170.3293722769583
22.650000000000187 0.00025249170549362026 996.7972991113569
22.700000000000188 0.00020804446701434126 821.3266349068128
22.75000000000019 0.00016317718793050213 644.1977168625076
22.80000000000019 0.00011796151258138766 465.6933854929685
22.85000000000019 7.246958505232581e-05 286.0984542310217
22.90000000000019 2.6774035007900416e-05 105.69965349955778
22.95000000000019 -1.9052009014218676e-05 -75.2143168065307
23.000000000000192 -6.493500237501594e-05 -256.3531140900821
23.050000000000193 -0.00011080119484296838 -437.425584107248
23.100000000000193 -0.00015657672411851964 -618.1401301873182
23.150000000000194 -0.00020218761820129676 -798.2047225781172
23.200000000000195 -0.0002475598124272658 -977.3269657059993
23.250000000000195 -0.00029261922898688326 -1155.214412100927
23.300000000000196 -0.0003372919090379601 -1331.5750839571529
23.350000000000197 -0.0003815041614718311 -1506.1180604385156
23.400000000000198 -0.0004251826889749205 -1678.553975349553
23.4500000000002 -0.00046825467820043893 -1848.595373119093
23.5000000000002 -0.0005106478771381094 -2015.9570142436885
23.5500000000002 -0.000552290683038703 -2180.356222399772
23.6000000000002 -0.0005931122496000218 -2341.513307596954
23.6500000000002 -0.0006330426049893822 -2499.152032112111
23.700000000000202 -0.0006720127667240654 -2653.0000640192284
23.750000000000203 -0.000709954845241309 -2802.7893860673344
23.800000000000203 -0.0007468021377603234 -2948.2566662328913
23.850000000000204 -0.0007824892180608095 -3089.143612151174
23.900000000000205 -0.0008169520230654339 -3225.197312930184
23.950000000000205 -0.0008501279365178164 -3356.170569498102
24.000000000000206 -0.0008819558810688135 -3481.8222581453615
24.050000000000207 -0.000912376434153301 -3601.9177879878534
24.100000000000207 -0.000941331999567206 -3716.2297783258964
24.150000000000208 -0.0009687668584485896 -3824.538259909484
24.20000000000021 -0.0009946270647629625 -3926.6302623308493
24.25000000000021 -0.0010188603167170637 -4022.2993063864114
24.30000000000021 -0.0010414159305066474 -4111.34530043719
24.35000000000021 -0.0010622449538774247 -4193.574988729437
24.40000000000021 -0.0010813003669242068 -4268.802744117876
24.450000000000212 -0.0010985372845238055 -4336.851367238761
24.500000000000213 -0.0011139130947133546 -4397.552632805596
24.550000000000214 -0.0011273875077144374 -4450.747483148629
24.600000000000215 -0.0011389225399225029 -4496.285965007602
24.650000000000215 -0.0011484860673587275 -4534.041257997402
24.700000000000216 -0.0011560473869058827 -4563.89215106966
24.750000000000217 -0.001161570875400218 -4585.698009610884
24.800000000000217 -0.0011650227402469986 -4599.325425804384
24.850000000000218 -0.001166374870575912 -4604.663422382419
24.90000000000022 -0.0011656048948573555 -4601.623680086182
24.95000000000022 -0.001162694253090104 -4590.132926967757
25.00000000000022 -0.0011576265279039754 -4570.126349847547
25.05000000000022 -0.0011503867613389877 -4541.544897066482
25.10000000000022 -0.0011409615854161797 -4504.335793958967
25.150000000000222 -0.0011293397140591116 -4458.454484881121
25.200000000000223 -0.0011155124253793116 -4403.866537197407
25.250000000000224 -0.0010994738566832462 -4340.548805921462
25.300000000000225 -0.0010812210890510452 -4268.48976761953
25.350000000000225 -0.0010607540817076132 -4187.689261317983
25.400000000000226 -0.0010380755499549003 -4098.158006599256
25.450000000000227 -0.0010131909068086659 -3999.91737319301
25.500000000000227 -0.0009861082574242005 -3892.9993589697783
25.550000000000228 -0.0009568383415046268 -3777.446362578042
25.60000000000023 -0.0009253944592171366 -3653.3108909732628
25.65000000000023 -0.0008917924569826425 -3520.6555033176714
25.70000000000023 -0.0008560507333678817 -3379.552834241367
25.75000000000023 -0.000818190228944247 -3230.08555380658
25.80000000000023 -0.0007782343816380442 -3072.3461912375583
25.850000000000232 -0.0007362090630772378 -2906.436883627591
25.900000000000233 -0.0006921425285017453 -2732.4691781927763
25.950000000000234 -0.0006460653915787937 -2550.5639328470324
26.000000000000234 -0.0005980106101872057 -2360.851260080711
26.050000000000235 -0.0005480134632042942 -2163.470435318929
26.100000000000236 -0.0004961115106867769 -1958.569739722121
26.150000000000237 -0.0004423445430821222 -1746.3062596804696
26.200000000000237 -0.00038675451042302704 -1526.845607284907
26.250000000000238 -0.0003293854415157825 -1300.3616012955713
26.30000000000024 -0.0002702833709908924 -1067.0359791491917
26.35000000000024 -0.00020949627451894055 -827.0581412015839
26.40000000000024 -0.00014707402434475554 -580.624975183569
26.45000000000024 -8.30683889527786e-05 -327.9408548798985
26.50000000000024 -1.7533025096196463e-05 -69.2176086615323
26.550000000000242 4.9476604095993354e-05 195.32580381470868
26.600000000000243 0.00011790337106159502 465.46385197311594
26.650000000000244 0.0001876886148200079 740.964951544766
26.700000000000244 0.00025877223518431115 1021.591836501923
26.750000000000245 0.00033109274062635284 1307.1017480218356
26.800000000000246 0.00040458726187923177 1597.2464881871833
26.850000000000247 0.0004791915698091042 1891.772490541141
26.900000000000247 0.0005548401338151653 2190.4210506412655
26.950000000000248 0.0006314662401153776 2492.928793032832
27.00000000000025 0.0007090021525513161 2799.028306080919
27.05000000000025 0.0007873792592657877 3108.4487210304387
27.10000000000025 0.0008665281509430562 3420.916020886164
27.15000000000025 0.0009463786747042201 3736.1532531831535
27.20000000000025 0.0010268600936131202 4053.881159690832
27.250000000000252 0.00110790123396802 4373.81875789724
27.300000000000253 0.0011894305403907263 4695.683558492162
27.350000000000254 0.0012713760696522322 5019.191540991744
27.400000000000254 0.001353665546729066 5344.057375040088
27.450000000000255 0.0014362263686412723 5669.994435560995
27.500000000000256 0.0015189856918877457 5996.715147938823
27.550000000000257 0.0016018705387562883 6323.931407713777
27.600000000000257 0.00168480790556699 6651.355007909643
27.650000000000258 0.0017677248807872307 6978.698105333125
27.70000000000026 0.0018505487518510409 7305.673642279779
27.75000000000026 0.001933207072744714 7631.995613351321
27.80000000000026 0.00201562774902962 7957.379401112228
27.85000000000026 0.002097739335230049 8281.5429501299
27.90000000000026 0.002179471097480119 8604.207014294734
27.950000000000262 0.0022607528366144227 8925.094458409982
28.000000000000263 0.0023415147406075287 9243.929675646268
28.050000000000264 0.002421687377401402 9560.438559225367
28.100000000000264 0.0025012018131995457 9874.348969426766
28.150000000000265 0.0025799898139089645 10185.391528848651
28.200000000000266 0.002657984041918754 10493.300399258645
28.250000000000266 0.0027351181328881423 10797.813584740845
28.300000000000267 0.002811326712568492 11098.672998106425
28.350000000000268 0.0028865454199986213 11395.624552465088
28.40000000000027 0.0029607109444286218 11688.418306994461
28.45000000000027 0.0030337610870534875 11976.808710654694
28.50000000000027 0.0031056348239459543 12260.554850637345
28.55000000000027 0.0031762723396406064 12539.420584950127
28.60000000000027 0.0032456150470780458 12813.174621153328
28.650000000000272 0.0033136056157203717 13081.590627355276
28.700000000000273 0.0033801880147878716 13344.44740290395
28.750000000000274 0.0034453075739910664 13601.52911814749
28.800000000000274 0.0035089110565724056 13852.625602791248
28.850000000000275 0.0035709467357828155 14097.5326478151
28.900000000000276 0.003631364460726688 14336.052265419039
28.950000000000276 0.003690115606758791 14567.992493198035
29.000000000000277 0.003747152936436645 14793.166845204007
29.050000000000278 0.0038024305220579783 15011.39400613597
29.10000000000028 0.0038559037570073578 15222.497876134721
29.15000000000028 0.003907529443888872 15426.307918716742
29.20000000000028 0.003957265927242125 15622.659684715933
29.25000000000028 0.00400507318255655 15811.395163698035
29.30000000000028 0.004050912792113798 15992.362688590209
29.350000000000282 0.004094747839161039 16165.416517893971
29.400000000000283 0.004136542786881959 16330.416357881846
29.450000000000284 0.004176263365705527 16487.226917710206
29.500000000000284 0.004213876551163484 16635.717822004146
29.550000000000285 0.004249350599226131 16775.763750357568
29.600000000000286 0.004282655077517722 16907.244560566636
29.650000000000286 0.004313760848594657 17030.045222614714
29.700000000000287 0.00434264000587712 17144.055565740615
29.750000000000288 0.004369265786932203 17249.16993609409
29.80000000000029 0.004393612486128193 17345.286851908786
29.85000000000029 0.004415655383342792 17432.30872205357
29.90000000000029 0.0044353707081245895 17510.141704547706
29.95000000000029 0.004452735655735439 17578.6957698936
30.00000000000029 0.004467728424298651 17637.88484773199
30.050000000000292 0.004480328239856855 17687.62692576646
30.100000000000293 0.004490515363609593 17727.844078336242
30.150000000000293 0.00449827110256158 17758.462508453937
30.200000000000294 0.004503577762432211 17779.412361899642
30.250000000000295 0.004506418561603266 17790.627387500146
30.300000000000296 0.004506777571766806 17792.044702816187
30.350000000000296 0.004504639718881626 17783.604797918408
30.400000000000297 0.004499990826878096 17765.251707927117
30.450000000000298 0.004492817666752075 17736.933206827318
30.5000000000003 0.004483107996384128 17698.600964668673
30.5500000000003 0.00447085050605853 17650.21033248314
30.6000000000003 0.004456034707282492 17591.719903360885
30.6500000000003 0.004438650835892129 17523.09112992796
30.7000000000003 0.004418689847082574 17444.28830472601
30.750000000000302 0.0043961434884436995 17355.278848545702
30.800000000000303 0.004371004367988509 17256.033578992075
30.850000000000303 0.0043432659688712166 17146.526768589196
30.900000000000304 0.004312922602796339 17026.735960846607
30.950000000000305 0.004279969286809268 16896.641483848012
31.000000000000306 0.00424440168186386 16756.22620772585
31.050000000000306 0.004206216086497111 16605.475519689895
31.100000000000307 0.004165409433273549 16444.377309990297
31.150000000000308 0.004121979274062178 16272.921913793274
31.20000000000031 0.004075923762807529 16091.102043163954
31.25000000000031 0.0040272416271202914 15898.912674910676
31.30000000000031 0.003975932115981804 15696.350844130611
31.35000000000031 0.003921994952780499 15483.415458805064
31.40000000000031 0.0038654303386495012 15260.107312975777
31.450000000000312 0.003806239039696832 15026.429431115992
31.500000000000313 0.0037444224487098846 14782.387311729946
31.550000000000313 0.003679982585119026 14527.988927209171
31.600000000000314 0.0036129221021120326 14263.244751919172
31.650000000000315 0.003543244295805156 13988.167798405331
31.700000000000315 0.0034709531025855353 13702.773606901183
31.750000000000316 0.003396053121720779 13407.08033458746
31.800000000000317 0.0033185496844620964 13101.109028400322
31.850000000000318 0.00323844891567561 12784.883868342024
31.90000000000032 0.003155757763894398 12458.432286121624
31.95000000000032 0.0030704840466724377 12121.78514420518
32.00000000000032 0.002982636535640261 11774.977071602014
32.05000000000032 0.002892225000414977 11418.04663721453
32.100000000000314 0.00279926018332754 11051.036250065476
32.15000000000031 0.002703753767559975 10673.992033508743
32.20000000000031 0.0026057183867205327 10286.96386303057
32.250000000000306 0.002505167668438363 9890.005538354411
32.3000000000003 0.0024021163027806726 9483.175053541048
32.3500000000003 0.002296580067989664 9066.534698593954
32.4000000000003 0.002188575994295217 8640.151706165834
32.450000000000294 0.0020781225891661976 8204.099140815166
32.50000000000029 0.001965239963194231 7758.456395975388
32.55000000000029 0.0018499498644816157 7303.309329712965
32.600000000000286 0.0017322757097560026 6838.750387563213
32.65000000000028 0.0016122426003137061 6364.8786654719615
32.70000000000028 0.0014898772694346746 5881.799702198183
32.75000000000028 0.0013652079710549164 5389.625039810349
32.800000000000274 0.0012382643316270184 4888.471638855197
32.85000000000027 0.0011090772603713265 4378.461524043588
32.90000000000027 0.0009776789804653635 3859.7219073814026
32.950000000000266 0.0008441031427998462 3332.385637260288
33.00000000000026 0.0007083849898556882 2796.591845418136
33.05000000000026 0.0005705615410470722 2252.486678644204
33.10000000000026 0.0004306718149682416 1700.2241761742794
33.150000000000254 0.00028875694810291403 1139.9667383366605
33.20000000000025 0.00014486019758614286 571.8851374555478
33.25000000000025 -9.733165739440698e-07 -3.8424998167406423
33.300000000000246 -0.000148696809905354 -587.0314757879318
33.35000000000024 -0.0002982617468653158 -1177.4901798154083
33.40000000000024 -0.00044961754130509567 -1775.0189057886992
33.45000000000024 -0.0006027111816804656 -2379.408372519716
33.500000000000234 -0.0007574870738091481 -2990.4391029740264
33.55000000000023 -0.00091388724772332 -3607.882240891807
33.60000000000023 -0.0010718516162946583 -4231.5005717986005
33.650000000000226 -0.0012313183405489741 -4861.04996520968
33.70000000000022 -0.001392224211734454 -5496.280882975011
33.75000000000022 -0.0015545047852300938 -6136.93890792856
33.80000000000022 -0.0017180940055924656 -6782.763263632256
33.850000000000215 -0.0018829235568560967 -7433.484249464704
33.90000000000021 -0.0020489224237216384 -8088.821508261502
33.95000000000021 -0.002216016908925825 -8748.484094889103
34.000000000000206 -0.0023841310362675634 -9412.172067328029
34.0500000000002 -0.002553187088958924 -10079.57861199741
34.1000000000002 -0.002723105946817836 -10750.391374938365
34.1500000000002 -0.002893807266037444 -11424.293171515006
34.200000000000195 -0.003065209691186364 -12100.962823357875
34.25000000000019 -0.0032372310700703585 -12780.076006603847
34.30000000000019 -0.003409788875782212 -13461.30691808226
34.350000000000186 -0.0035828005632675426 -14144.329682980306
34.40000000000018 -0.0037561840510411627 -14828.820256583003
34.45000000000018 -0.003929858051993672 -15514.457730245276
34.50000000000018 -0.004103741676652018 -16200.92276512743
34.550000000000175 -0.004277753703852701 -16887.894712928366
34.60000000000017 -0.004451812139697874 -17575.049874714066
34.65000000000017 -0.004625834430724763 -18262.06234247672
34.700000000000166 -0.004799738089122706 -18948.606467392674
34.75000000000016 -0.004973441270345961 -19634.35914014638
34.80000000000016 -0.005146863246997508 -20319.001661748665
34.85000000000016 -0.0053199242906692805 -21002.21927706068
34.900000000000155 -0.005492545048014401 -21683.698711625795
34.95000000000015 -0.005664646004634016 -22363.12605517965
35.00000000000015 -0.005836146830663544 -23040.18417812825
35.050000000000146 -0.006006965761578748 -23714.55028706828
35.10000000000014 -0.006177019671259624 -24385.89621323181
35.15000000000014 -0.006346224613441727 -25053.89055005043
35.20000000000014 -0.006514496261894288 -25718.200390908813
35.250000000000135 -0.006681750184965718 -26378.492413006912
35.30000000000013 -0.00684790191427095 -27034.433148526718
35.35000000000013 -0.007012866712671642 -27685.688068654836
35.40000000000013 -0.0071765591889587305 -28331.92006241014
35.450000000000124 -0.007338893135736504 -28972.78879663579
35.50000000000012 -0.007499781821240191 -29607.951868048858
35.55000000000012 -0.007659138553471392 -30237.067030357768
35.600000000000115 -0.007816877158312764 -30859.79408178341
35.65000000000011 -0.007972912174694409 -31475.795635545142
35.70000000000011 -0.008127158836265625 -32084.73704750379
35.75000000000011 -0.008279532950646233 -32686.285939464964
35.800000000000104 -0.008429950811028902 -33280.11185019906
35.8500000000001 -0.008578329167324197 -33865.88612152644
35.9000000000001 -0.008724585194298237 -34443.28177252997
35.950000000000095 -0.008868636466452999 -35011.97340038643
36.00000000000009 -0.009010400878819096 -35571.636867668945
36.05000000000009 -0.009149796477948566 -36121.94863513322
36.10000000000009 -0.009286741260870876 -36662.58496802773
36.150000000000084 -0.009421153047659548 -37193.22143300683
36.20000000000008 -0.009552949430573724 -37713.532697349794
36.25000000000008 -0.009682047659994388 -38223.19207865501
36.300000000000075 -0.009808364364959663 -38721.87044155756
36.35000000000007 -0.009931815113368806 -39209.23446148422
36.40000000000007 -0.010052313874157783 -39684.94450140771
36.45000000000007 -0.01016977244340239 -40148.6523461926
36.500000000000064 -0.010284099876385153 -40599.99896048537
36.55000000000006 -0.010395202012315034 -41038.61261238296
36.60000000000006 -0.010502981262146783 -41464.10803577718
36.650000000000055 -0.010607336680511672 -41876.08671432582
36.70000000000005 -0.010708164294789152 -42274.138180575574
36.75000000000005 -0.010805357813696301 -42657.84281336091
36.80000000000005 -0.010898809203172852 -43026.77411130719
36.850000000000044 -0.010988408270795723 -43380.497052164865
36.90000000000004 -0.011074040552493216 -43718.559749891625
36.95000000000004 -0.011155584524819157 -44040.48244915179
37.000000000000036 -0.01123291047998715 -44345.753084129574
37.05000000000003 -0.01130588264885589 -44633.83565973916
37.10000000000003 -0.011374362151706816 -44904.18190082792
37.15000000000003 -0.011438208180501964 -45156.23591954339
37.200000000000024 -0.01149727706735876 -45389.4305378191
37.25000000000002 -0.011551420683866493 -45603.180968129345
37.30000000000002 -0.011600485580481615 -45796.881415957985
37.350000000000016 -0.011644313043078234 -45969.90530305086
37.40000000000001 -0.011682739693761364 -46121.60763933139
37.45000000000001 -0.011715597602868458 -46251.32546506498
37.50000000000001 -0.011742714547756022 -46358.37887250754
37.550000000000004 -0.011763915771179469 -46442.07794771095
37.6 -0.011779024694667704 -46501.72558681304
37.65 -0.01178791037687662 -46536.80485410736
37.699999999999996 -0.011790445796456283 -46546.814289404174
37.74999999999999 -0.011786472142399348 -46531.12693197669
37.79999999999999 -0.011775704726516664 -46488.61887790304
37.84999999999999 -0.011757810347517477 -46417.97470121299
37.899999999999984 -0.01173257752718281 -46318.359519362224
37.94999999999998 -0.011699907180312842 -46189.382159661036
37.99999999999998 -0.011659711893383804 -46030.69752734988
38.049999999999976 -0.01161185417059279 -45841.76281075616
38.09999999999997 -0.011556149426002377 -45621.849293807725
38.14999999999997 -0.011492399124622342 -45370.17319177926
38.19999999999997 -0.011420418237713078 -45086.00404048566
38.249999999999964 -0.011340043218037435 -44768.69618131431
38.29999999999996 -0.011251125297305492 -44417.66230059763
38.34999999999996 -0.011153521505905043 -44032.33797693008
38.399999999999956 -0.011047092288642523 -43612.17226849061
38.44999999999995 -0.010931703816874618 -43156.63684097242
38.49999999999995 -0.010807231403350794 -42665.23944884084
38.54999999999995 -0.010673563282541935 -42137.53885947266
38.599999999999945 -0.010530603981819504 -41573.15816203795
38.64999999999994 -0.010378272469065771 -40971.77745455842
38.69999999999994 -0.010216497729964144 -40333.11638374942
38.749999999999936 -0.010045218083486563 -39656.931442672554
38.79999999999993 -0.009864382381439326 -38943.020706352756
38.84999999999993 -0.009673951723601384 -38191.23060287288
38.89999999999993 -0.009473900717321744 -37401.46088606492
38.949999999999925 -0.009264217598522802 -36573.66511321205
38.99999999999992 -0.00904490280776756 -35707.84502358727
39.04999999999992 -0.00881596689685615 -34804.042274027815
39.099999999999916 -0.008577430003486661 -33862.33636497914
39.14999999999991 -0.008329324048495377 -32882.85331485176
39.19999999999991 -0.008071693390694048 -31865.76824521514
39.24999999999991 -0.007804593915702055 -30811.301783651288
39.299999999999905 -0.007528092113637346 -29719.716422624493
39.3499999999999 -0.007242264555830061 -28591.31445362953
39.3999999999999 -0.006947198141177367 -27426.438939761574
39.449999999999896 -0.006642990898955139 -26225.476885089673
39.49999999999989 -0.00632975270867644 -24988.86207654411
39.54999999999989 -0.006007605343258047 -23717.075254331023
39.59999999999989 -0.005676681647363229 -22410.640868159724
39.649999999999885 -0.005337124580418158 -21070.123299222898
39.69999999999988 -0.0049890863612785845 -19696.123483476
39.74999999999988 -0.004632726505209253 -18289.271161942623
39.799999999999876 -0.004268211344265855 -16850.22298725832
39.84999999999987 -0.003895716723309051 -15379.673167107368
39.89999999999987 -0.0035154323887899566 -13878.370790453371
39.94999999999987 -0.0031275643796926573 -12347.129266601982
39.999999999999865 -0.0027323344488161074 -10786.824040513406
40.04999999999986 -0.0023299779433517374 -9198.384225658174
40.09999999999986 -0.0019207419012900568 -7582.785088931633
40.14999999999986 -0.0015048852347553415 -5941.048774430284
40.199999999999854 -0.0010826804261836955 -4274.250999694361
40.24999999999985 -0.0006544153640086974 -2583.5283027042933
40.29999999999985 -0.00022039401665675289 -870.0807027076997
40.349999999999845 0.00021906499923924098 864.8339522464997
40.39999999999984 0.0006636307890313635 2619.9093424489392
40.44999999999984 0.0011129622783839761 4393.798960393971
40.49999999999984 0.0015667085173843346 6185.117311360244
40.549999999999834 0.0020245074635488838 7992.4351089121255
40.59999999999983 0.0024859847161335024 9814.274278156836
40.64999999999983 0.002950752729453561 11649.10485005652
40.699999999999825 0.0034184113174479808 13495.346953367303
40.74999999999982 0.0038885494098351656 15351.377747665028
40.79999999999982 0.004360746431973863 17215.53687081758
40.84999999999982 0.004834572741096549 19086.128161165256
40.899999999999814 0.005309589621043157 20961.419636730367
40.94999999999981 0.005785349154041993 22839.642989028576
40.99999999999981 0.0062613953495933685 24718.998039722857
41.049999999999805 0.006737265992758963 26597.660037377405
41.0999999999998 0.00721249274414638 28473.780052180868
41.1499999999998 0.007686599957703677 30345.48030878619
41.1999999999998 0.008159102307195139 32210.844816012588
41.249999999999794 0.008629505589261094 34067.922537198596
41.29999999999979 0.009097310328370214 35914.74162198333
41.34999999999979 0.009562013453507113 37749.31602560378
41.399999999999785 0.010023109194974641 39569.64904932837
41.44999999999978 0.010480087867594247 41373.72853672454
41.49999999999978 0.010932436025167334 43159.52748344774
41.54999999999978 0.01137963945014045 44925.0158399665
41.599999999999774 0.011821184029457137 46668.16396928695
41.64999999999977 0.012256555350102963 48386.941050228605
41.69999999999977 0.012685238987182849 50079.31621470806
41.749999999999766 0.013106723536895432 51743.270521441846
41.79999999999976 0.013520505189839877 53376.815010638056
41.84999999999976 0.013926089153241526 54977.99631871813
41.89999999999976 0.014322988815237867 56544.89337905011
41.949999999999754 0.014710724165730481 58075.61118772205
41.99999999999975 0.015088820876177507 59568.27717070819
42.04999999999975 0.015456810601676292 61021.04237644358
42.099999999999746 0.015814228891883542 62432.07322846731
42.14999999999974 0.016160611158329338 63799.5356050164
42.19999999999974 0.01649549315251923 65121.59672649726
42.24999999999974 0.016818414875182215 66396.44058857804
42.299999999999734 0.0171289229579815 67622.2773648059
42.34999999999973 0.017426570979042752 68797.34465226256
42.39999999999973 0.017710919546830874 69919.9078026966
42.449999999999726 0.017981534594821404 70988.25319015594
42.49999999999972 0.018237985917801104 72000.6824325342
42.54999999999972 0.018479848609102765 72955.51806554628
42.59999999999972 0.018706704448662678 73851.10902255961
42.649999999999714 0.01891814327394153 74685.83604677294
42.69999999999971 0.01911376473913805 75458.11863631339
42.74999999999971 0.019293177950192655 76166.41360328863
42.799999999999706 0.019455999126701214 76809.2058433924
42.8499999999997 0.01960184991085981 77385.001659886
42.8999999999997 0.019730358448509303 77892.3330313912
42.9499999999997 0.019841163953112716 78329.7756297507
42.999999999999694 0.019933923553280938 78695.97585297613
43.04999999999969 0.020008314775725414 78989.66062755231
43.09999999999969 0.020064035869131993 79209.63868703993
43.149999999999686 0.020100806245839833 79354.8023157541
43.19999999999968 0.020118366902163516 79424.1290081294
43.24999999999968 0.020116549469947488 79416.9540733302
43.29999999999968 0.020095099345540116 79332.27237642823
43.349999999999675 0.020053754757253794 79169.05048422347
43.39999999999967 0.01999232621462167 78926.54031833766
43.44999999999967 0.019910692667191515 78604.26399074038
43.499999999999666 0.019808766697743434 78201.87639208036
43.54999999999966 0.01968647220317612 77719.07707935612
43.59999999999966 0.019543745395747394 77155.61422865534
43.64999999999966 0.0193805466214806 76511.33129235296
43.699999999999655 0.019196870814288843 75786.2082703396
43.74999999999965 0.018992748833022533 74980.36698847357
43.79999999999965 0.018768242867646806 74094.05296289634
43.849999999999646 0.018523443000638164 73127.62182497051
43.89999999999964 0.018258465590841978 72081.53294100503
43.94999999999964 0.01797345135787582 70956.34184978268
43.99999999999964 0.017668562890257488 69752.69042504375
44.049999999999635 0.017343983765680554 68471.30340247326
44.09999999999963 0.016999922327676276 67113.0032893644
44.14999999999963 0.01663661406679421 65678.7197651429
44.199999999999626 0.016254321848374775 64169.49058057703
44.24999999999962 0.015853333627541093 62586.45253692699
44.29999999999962 0.0154339611292746 60930.83627509226
44.34999999999962 0.014996540417405032 59203.96852189405
44.399999999999615 0.01454143144814098 57407.270327484555
44.44999999999961 0.014069016277588931 55542.249988915806
44.49999999999961 0.013579697165992713 53610.49556597694
44.549999999999606 0.013073892107525688 51613.657233521175
44.5999999999996 0.012552035944395003 49553.45167977309
44.6499999999996 0.012014585001112525 47431.68040169694
44.6999999999996 0.011462020622332042 45250.24367181811
44.749999999999595 0.010894849295076102 43011.14102075535
44.79999999999959 0.010313599375893712 40716.45831655721
44.84999999999959 0.009718815007516507 38368.34374862329
44.89999999999959 0.00911105469417686 35969.00220328551
44.949999999999584 0.008490892849500832 33520.701374644625
44.99999999999958 0.007858920451515624 31025.774350435902
45.04999999999958 0.007215744493893643 28486.617445627595
45.099999999999575 0.006561986838237605 25905.68567142412
45.14999999999957 0.005898281017668796 23285.480116338305
45.19999999999957 0.005225271011597025 20628.54310917705
45.24999999999957 0.004543612234925621 17937.462124266145
45.299999999999564 0.003853972591961736 15214.873942121321
45.34999999999956 0.0031570322355239013 12463.463698443067
45.39999999999956 0.002453481728259924 9685.957625290588
45.449999999999555 0.0017440197335655287 6885.113935194012
45.49999999999955 0.0010293521128108395 4063.719257147396
45.54999999999955 0.0003101908112150866 1224.5842382183587
45.59999999999955 -0.00041274765982226934 -1629.462447968481
45.649999999999544 -0.0011387435514700487 -4495.579346920367
45.69999999999954 -0.00186707401579846 -7370.912769393624
45.74999999999954 -0.0025970135733078604 -10252.598637123223
45.799999999999535 -0.0033278323249497995 -13137.755424164787
45.84999999999953 -0.00405879367925806 -16023.475183967606
45.89999999999953 -0.0047891547039221605 -18906.82493733118
45.94999999999953 -0.005518170681529229 -21784.864657753253
45.999999999999524 -0.006245100559156714 -24654.668785559483
46.04999999999952 -0.0069692093558547255 -27513.335732262767
46.09999999999952 -0.007689765829406797 -30357.97866930395
46.149999999999515 -0.008406042039056346 -33185.72380176507
46.19999999999951 -0.009117313243612774 -35993.70996610837
46.24999999999951 -0.009822857076784926 -38779.085374523296
46.29999999999951 -0.010521952188610491 -41539.00225150476
46.349999999999504 -0.011213878075057434 -44270.61616114652
46.3999999999995 -0.011897916539395152 -46971.09177640329
46.4499999999995 -0.012573354251165033 -49637.612981501596
46.499999999999496 -0.013239486229659207 -52267.396624162575
46.54999999999949 -0.013895617555519381 -54857.69927272345
46.59999999999949 -0.014541062419131317 -57405.813459349396
46.64999999999949 -0.015175141312244561 -59909.05659299274
46.699999999999484 -0.015797178252376184 -62364.76000177803
46.74999999999948 -0.0164065013822481 -64770.271299485794
46.79999999999948 -0.017002448084202704 -67122.97457645612
46.849999999999476 -0.01758436838978211 -69420.30386006803
46.89999999999947 -0.018151622917242587 -71659.73497237275
46.94999999999947 -0.018703580514637393 -73838.77622535774
46.99999999999947 -0.01923961911546603 -75954.97179891457
47.049999999999464 -0.019759128533508835 -78005.91277440364
47.09999999999946 -0.020261513918093783 -79989.25077550067
47.14999999999946 -0.02074619745441603 -81902.7046807893
47.199999999999456 -0.02121261929839278 -83744.06431442017
47.24999999999945 -0.021660237832050847 -85511.1914543405
47.29999999999945 -0.0220885277916959 -87202.01244260257
47.34999999999945 -0.022496978088072463 -88814.50957970033
47.399999999999444 -0.02288509470961096 -90346.73258612923
47.44999999999944 -0.023252405162777823 -91796.81613218595
47.49999999999944 -0.02359845960883672 -93162.98432572173
47.549999999999436 -0.023922831124381656 -94443.55174068586
47.59999999999943 -0.024225114370899123 -95636.9181647676
47.64999999999943 -0.024504923557379325 -96741.5605561077
47.69999999999943 -0.02476189185345275 -97756.03072645438
47.749999999999424 -0.024995672451651303 -98678.95953480228
47.79999999999942 -0.02520594084481863 -99509.06587824797
47.84999999999942 -0.025392396763045433 -100245.16433870414
47.899999999999416 -0.025554764947763153 -100886.1682388989
47.94999999999941 -0.02569279469905668 -101431.08785523805
47.99999999999941 -0.025806258956857266 -101879.02679050004
48.04999999999941 -0.025894954889608576 -102229.18429779647
48.099999999999405 -0.025958705791388655 -102480.86277010929
48.1499999999994 -0.025997363638505626 -102633.47783332622
48.1999999999994 -0.026010810538616945 -102686.5640671341
48.249999999999396 -0.02599897402481999 -102639.8353836685
48.29999999999939 -0.025961788679683146 -102493.03352526105
48.34999999999939 -0.02589920761393957 -102245.97338050598
48.39999999999939 -0.02581122120048717 -101898.61694312764
48.449999999999385 -0.02569785734300761 -101451.07437244574
48.49999999999938 -0.025559174778837155 -100903.57755416931
48.54999999999938 -0.025395257429494594 -100256.45779717481
48.599999999999376 -0.025206211682746123 -99510.13510352845
48.64999999999937 -0.024992167425180754 -98665.12224493042
48.69999999999937 -0.024753280646877873 -97722.03504553034
48.74999999999937 -0.024489735176029395 -96681.59922994101
48.799999999999365 -0.02420174315006279 -95544.65228315756
48.84999999999936 -0.023889544335047763 -94312.14076368269
48.89999999999936 -0.023553403623121968 -92985.11042375943
48.949999999999356 -0.02319360507037273 -91564.68267187165
48.99999999999935 -0.022810449557502797 -90052.04533742255
49.04999999999935 -0.022404256649399497 -88448.46001201951
49.09999999999935 -0.02197536743832744 -86755.2732739489
49.149999999999345 -0.021524145766261552 -84973.92151375355
49.19999999999934 -0.021050977729051082 -83105.92897675064
49.24999999999934 -0.020556270064455873 -81152.90139925403
49.299999999999336 -0.020040447573395574 -79116.51582807419
49.34999999999933 -0.01950395208519358 -76998.516535465
49.39999999999933 -0.018947241742825836 -74800.71219739915
49.44999999999933 -0.018370787672366676 -72524.9627450673
49.499999999999325 -0.017775073492349237 -70173.17742791072
49.54999999999932 -0.017160596613707686 -67747.3199455874
49.59999999999932 -0.01652787224912232 -65249.424276232116
49.64999999999932 -0.015877435928030703 -62681.60460532244
49.699999999999314 -0.015209841461277417 -60046.04729043799
49.74999999999931 -0.014525660070749107 -57345.007425197335
49.79999999999931 -0.013825475528759531 -54580.78965031931
49.849999999999305 -0.013109881890753657 -51755.73920269758
49.8999999999993 -0.012379481003816422 -48872.23207938746
49.9499999999993 -0.011634881890891317 -45932.672606598324
49.9999999999993 -0.01087670326772112 -42939.50337617734
50.049999999999294 -0.010105574907130137 -39895.21063157991
