# (1): time [s] (2): displacement/rotation [m/rad] (3): support force/ moment [N]/[N m]
0.05 0.0 0.0
0.1 -9.505123959239656e-09 -1.6088725974263491
0.15000000000000002 -2.451150485947807e-08 -4.148908384489039
0.2 -4.646411239090516e-08 -7.864688299703696
0.25 -1.6534279716669704e-07 -27.98653617607332
0.3 -4.3501896581592703e-07 -73.63292645769778
0.35 -8.072293302650872e-07 -136.63463568403714
0.39999999999999997 -1.159154815291138e-06 -196.20285085118394
0.44999999999999996 -1.4097141708677012e-06 -238.61345832401736
0.49999999999999994 -1.5562289915678116e-06 -263.413101248411
0.5499999999999999 -1.6551354623540934e-06 -280.15437797858084
0.6 -1.7873743565162168e-06 -302.5376245352541
0.65 -2.0213752475461956e-06 -342.14548477631064
0.7000000000000001 -2.3796345787074427e-06 -402.785790273571
0.7500000000000001 -2.8284409315371373e-06 -478.7524210839617
0.8000000000000002 -3.2983982448188497e-06 -558.2991420464035
0.8500000000000002 -3.7214238593887287e-06 -629.9020293111543
0.9000000000000002 -4.0605573587330725e-06 -687.3050254534653
0.9500000000000003 -4.318803821369021e-06 -731.0167812284527
1.0000000000000002 -4.528255677373856e-06 -766.469380589737
1.0500000000000003 -4.729088730074245e-06 -800.4631292807309
1.1000000000000003 -4.949979470561732e-06 -837.8519167304804
1.1500000000000004 -5.1981409361581195e-06 -879.8566484359602
1.2000000000000004 -5.460672264418661e-06 -924.293676486893
1.2500000000000004 -5.714131527489306e-06 -967.1951330767192
1.3000000000000005 -5.935993951396128e-06 -1004.7483912722944
1.3500000000000005 -6.112759100846307e-06 -1034.6683172353762
1.4000000000000006 -6.242367596290212e-06 -1056.6063327318134
1.4500000000000006 -6.33165350711534e-06 -1071.719197737973
1.5000000000000007 -6.3913596136567074e-06 -1081.825275167931
1.5500000000000007 -6.431352567444754e-06 -1088.5946311190628
1.6000000000000008 -6.457623786668562e-06 -1093.0413952950396
1.6500000000000008 -6.471505415144442e-06 -1095.3910513077617
1.7000000000000008 -6.4707094908754975e-06 -1095.2563302087606
1.7500000000000009 -6.451326963715211e-06 -1091.9755716462441
1.800000000000001 -6.409868045117551e-06 -1084.9580810446757
1.850000000000001 -6.344597467112193e-06 -1073.9101405000479
1.900000000000001 -6.256078004148933e-06 -1058.927007306709
1.950000000000001 -6.146990522396736e-06 -1040.462454833119
2.000000000000001 -6.021399060371783e-06 -1019.2043773383756
2.0500000000000007 -5.883738314071397e-06 -995.903407944004
2.1000000000000005 -5.737887779569043e-06 -971.2162045695837
2.1500000000000004 -5.586646470380291e-06 -945.6165386424353
2.2 -5.431695423118435e-06 -919.3889486655806
2.25 -5.273945671610471e-06 -892.6876396095038
2.3 -5.114075855609544e-06 -865.6274805602935
2.3499999999999996 -4.953049975895718e-06 -838.371641871708
2.3999999999999995 -4.792456572769459e-06 -811.1890057771915
2.4499999999999993 -4.634557373413813e-06 -784.4624006231456
2.499999999999999 -4.482050370883871e-06 -758.6484987384109
2.549999999999999 -4.337709138905454e-06 -734.2167655169736
2.5999999999999988 -4.20404753407503e-06 -711.5927056665325
2.6499999999999986 -4.083096969579193e-06 -691.1201637307232
2.6999999999999984 -3.976314509915911e-06 -673.0457678601636
2.7499999999999982 -3.8846364142201195e-06 -657.5279927546836
2.799999999999998 -3.8086457111642585e-06 -644.6655240136114
2.849999999999998 -3.7487465237052673e-06 -634.5267649901484
2.8999999999999977 -3.7053379103473415e-06 -627.1792618094083
2.9499999999999975 -3.6789125282037993e-06 -622.7064034448483
2.9999999999999973 -3.6699512597992572e-06 -621.1895858592939
3.049999999999997 -3.6787676235997296e-06 -622.6818763531735
3.099999999999997 -3.705422468965021e-06 -627.1935745152125
3.149999999999997 -3.7496229621032907e-06 -634.6751142097861
3.1999999999999966 -3.8106479892413213e-06 -645.0044370403565
3.2499999999999964 -3.887332363026926e-06 -657.9843190664641
3.2999999999999963 -3.978115805948332e-06 -673.3506619192881
3.349999999999996 -4.081151158053535e-06 -690.790808442269
3.399999999999996 -4.194426332933479e-06 -709.9641854139459
3.4499999999999957 -4.3158522703062044e-06 -730.5171907291352
3.4999999999999956 -4.443312961627174e-06 -752.091660919604
3.5499999999999954 -4.574692611815279e-06 -774.3294686487324
3.599999999999995 -4.707889387298927e-06 -796.8748497568745
3.649999999999995 -4.840816227742902e-06 -819.3745406572637
3.699999999999995 -4.971397497653579e-06 -841.4772115742695
3.7499999999999947 -5.097576948931225e-06 -862.8348143145853
3.7999999999999945 -5.217341558636653e-06 -883.1066171361803
3.8499999999999943 -5.328752847083162e-06 -901.9645057649036
3.899999999999994 -5.429978040113712e-06 -919.0982580373013
3.949999999999994 -5.519318712543131e-06 -934.2203921960687
3.999999999999994 -5.595235893344143e-06 -947.0704162871148
4.049999999999994 -5.6563700058291285e-06 -957.4182033088152
4.099999999999993 -5.701554401163924e-06 -965.0662819448403
4.149999999999993 -5.729822786882858e-06 -969.8510939422117
4.199999999999993 -5.740412122022709e-06 -971.6434841524317
4.249999999999993 -5.732762541112593e-06 -970.3486876657307
4.299999999999993 -5.706515669525527e-06 -965.906044661212
4.3499999999999925 -5.661513328642165e-06 -958.2887812380561
4.399999999999992 -5.598027445272156e-06 -947.542924738402
4.449999999999992 -5.516353821410076e-06 -933.718543706898
4.499999999999992 -5.4166178213960575e-06 -916.8368577775433
4.549999999999992 -5.299247079435736e-06 -896.9702499048495
4.599999999999992 -5.165145393219387e-06 -874.271700243914
4.6499999999999915 -5.015512429788672e-06 -848.9442688955453
4.699999999999991 -4.851622717063952e-06 -821.2036871910253
4.749999999999991 -4.674728386306955e-06 -791.261895519981
4.799999999999991 -4.4860670859216354e-06 -759.328382849722
4.849999999999991 -4.286887532987716e-06 -725.6145116727439
4.899999999999991 -4.078580863789846e-06 -690.3557508853236
4.94999999999999 -3.86293252135998e-06 -653.8543112088253
4.99999999999999 -3.64195519583754e-06 -616.4508680543547
5.04999999999999 -3.4175624769601664e-06 -578.469322730807
5.09999999999999 -3.191400184154144e-06 -540.188252749282
5.14999999999999 -2.964881659423851e-06 -501.8468856286827
5.1999999999999895 -2.7393150268690717e-06 -463.66663931444606
5.249999999999989 -2.516001008929959e-06 -425.8676789195987
5.299999999999989 -2.296254498867352e-06 -388.6725681629281
5.349999999999989 -2.081372467282737e-06 -352.30083710730855
5.399999999999989 -1.8725913170446584e-06 -316.9617638960984
5.449999999999989 -1.6710596638966433e-06 -282.84976749770425
5.4999999999999885 -1.4778286235620583e-06 -250.1427636648612
5.549999999999988 -1.293848683221889e-06 -219.00163538933782
5.599999999999988 -1.1199611016657189e-06 -189.56877725953802
5.649999999999988 -9.568760426893461e-07 -161.96439423813712
5.699999999999988 -8.051391261070325e-07 -136.28083996213581
5.749999999999988 -6.650962631498077e-07 -112.57666465172399
5.799999999999987 -5.368585858064462e-07 -90.87067892023016
5.849999999999987 -4.2033341155994335e-07 -71.1471949804662
5.899999999999987 -3.1530147972699413e-07 -53.36909995451751
5.949999999999987 -2.2147503886528552e-07 -37.487687964123836
5.999999999999987 -1.3850450973013946e-07 -23.443787927476738
6.0499999999999865 -6.594531874922473e-08 -11.1621496699198
6.099999999999986 -3.2296673672099865e-09 -0.5466654983342167
6.149999999999986 5.033580023468712e-08 8.52002456931588
6.199999999999986 9.555289927784634e-08 16.17363875652859
6.249999999999986 1.333105132797799e-07 22.56463279010579
6.299999999999986 1.6456878992701734e-07 27.85552483487773
6.349999999999985 1.9034956564422577e-07 32.219274720695026
6.399999999999985 2.1172828239252006e-07 35.837915749677656
6.449999999999985 2.2982287591469717e-07 38.90067387931785
6.499999999999985 2.4577828988630114e-07 41.60134653015202
6.549999999999985 2.607482977648185e-07 44.135225684415026
6.5999999999999845 2.758773990750227e-07 46.696033584033586
6.649999999999984 2.9228473801052095e-07 49.47320073337407
6.699999999999984 3.11050439700699e-07 52.649553125018194
6.749999999999984 3.332036161091616e-07 56.399282073569275
6.799999999999984 3.597110150264897e-07 60.886022901991836
6.849999999999984 3.914656915227713e-07 66.26093742957605
6.8999999999999835 4.2927574210607023e-07 72.66080707374215
6.949999999999983 4.7385367235015977e-07 80.20623317520628
6.999999999999983 5.258071480702285e-07 89.00007150761662
7.049999999999983 5.85631695467848e-07 99.12619667696825
7.099999999999983 6.537054871367801e-07 110.64861958157348
7.149999999999983 7.302859916538321e-07 123.61092030936173
7.199999999999982 8.155079799771651e-07 138.03591069344995
7.249999999999982 9.093825145877442e-07 153.92546321046876
7.299999999999982 1.011796793079111e-06 171.26048450598603
7.349999999999982 1.1225149952574588e-06 190.0010587778131
7.399999999999982 1.2411804051485618e-06 210.08680695478202
7.4499999999999815 1.3673189386423143e-06 231.4374837989668
7.499999999999981 1.500343852993982e-06 253.95377505336361
7.549999999999981 1.6395624979570843e-06 277.51844016372587
7.599999999999981 1.7841848424464563e-06 301.9977555332349
7.649999999999981 1.933332896287866e-06 327.2431092828465
7.699999999999981 2.086050695100377e-06 353.09269132957803
7.7499999999999805 2.241315007037299e-06 379.37330564926265
7.79999999999998 2.398046912862601e-06 405.9023303633082
7.84999999999998 2.5551241609007665e-06 432.48980898341466
7.89999999999998 2.711394022265752e-06 458.94062633539073
7.94999999999998 2.8656863561734334e-06 485.05672004248237
7.99999999999998 3.016826738630022e-06 510.63930273595366
8.04999999999998 3.163649430945161e-06 535.4910571537974
8.09999999999998 3.3050102249003096e-06 559.4183103616624
8.14999999999998 3.439798977372922e-06 582.2331554099133
8.199999999999982 3.5669516777513375e-06 603.7554939091116
8.249999999999982 3.6854619035341026e-06 623.8149750473199
8.299999999999983 3.7943916340601334e-06 642.2528259622476
8.349999999999984 3.892881558447734e-06 658.9235965013073
8.399999999999984 3.980160963818054e-06 673.6968329390577
8.449999999999985 4.055556872667068e-06 686.458624602734
8.499999999999986 4.11850182019349e-06 697.1129202916669
8.549999999999986 4.168539874375165e-06 705.5825472577808
8.599999999999987 4.2053309086360515e-06 711.8099344130819
8.649999999999988 4.22865336759008e-06 715.7575804697399
8.699999999999989 4.23840574727615e-06 717.4083044901629
8.74999999999999 4.234606873823087e-06 716.7652930548642
8.79999999999999 4.217394944506741e-06 713.8519379482229
8.84999999999999 4.187025245107391e-06 708.7114497899182
8.899999999999991 4.143866490632347e-06 701.4062386520401
8.949999999999992 4.088395942413306e-06 692.0170875608458
8.999999999999993 4.021193577764184e-06 680.6421656313821
9.049999999999994 3.942935475879714e-06 667.3959085401075
9.099999999999994 3.854386291749037e-06 652.4077446315431
9.149999999999995 3.7563906703237364e-06 635.8206416484543
9.199999999999996 3.6498636155650627e-06 617.7894765610001
9.249999999999996 3.5357800268554692e-06 598.4792644608725
9.299999999999997 3.4151637257595674e-06 578.0633011900846
9.349999999999998 3.2890762806217822e-06 556.7212717508486
9.399999999999999 3.1586058277190757e-06 534.6373581323501
9.45 3.0249108929036386e-06 512.0076567248088
9.5 2.88906111078395e-06 489.0132178562609
9.55 2.752102228770387e-06 465.83104861883874
9.600000000000001 2.6151155966213126e-06 442.6441822903749
9.650000000000002 2.47919065262818e-06 419.6370212438654
9.700000000000003 2.3453750985646196e-06 396.9869033742287
9.750000000000004 2.214646373726496e-06 374.8592736883375
9.800000000000004 2.087909287189445e-06 353.407283532133
9.850000000000005 1.966002933230228e-06 332.77296112053654
9.900000000000006 1.8497018402720714e-06 313.0874060122073
9.950000000000006 1.7397079180229514e-06 294.4694260522479
10.000000000000007 1.6366385872038618e-06 277.02352816590735
10.050000000000008 1.541017640265204e-06 260.8383714094802
10.100000000000009 1.4532717542853005e-06 245.98617673055287
10.15000000000001 1.3737315543174974e-06 232.52290695408513
10.20000000000001 1.3026344349383814e-06 220.48874436814452
10.25000000000001 1.2401271981522724e-06 209.90853722542192
10.300000000000011 1.1862682457192748e-06 200.79217082482313
10.350000000000012 1.1410296900706428e-06 193.13492481284655
10.400000000000013 1.1042997188166441e-06 186.91787340896954
10.450000000000014 1.075885662883226e-06 182.10840472986007
10.500000000000014 1.055518268027978e-06 178.66094380203938
10.550000000000015 1.0428574026147442e-06 176.5179186810199
10.600000000000016 1.0374990195717326e-06 175.6109388582018
10.650000000000016 1.0389829314326845e-06 175.8621112932294
10.700000000000017 1.0468009855768535e-06 177.18542418548495
10.750000000000018 1.0604054387194792e-06 179.4881644714614
10.800000000000018 1.0792174166574516e-06 182.67234975274562
10.85000000000002 1.1026349956684435e-06 186.63609618366172
10.90000000000002 1.1300411715825587e-06 191.27496734594723
10.95000000000002 1.1608120822993442e-06 196.48336602253315
11.000000000000021 1.1943254741797783e-06 202.15596725050855
11.050000000000022 1.2299691648198286e-06 208.1891507616162
11.100000000000023 1.2671491524160148e-06 214.482373603598
11.150000000000023 1.3052970875654675e-06 220.93943484483418
11.200000000000024 1.3438769949791698e-06 227.469613316501
11.250000000000025 1.3823912728890907e-06 233.98868309451277
11.300000000000026 1.4203860490842568e-06 240.41982008208757
11.350000000000026 1.4574559123169735e-06 246.69440286514381
11.400000000000027 1.4932479297501579e-06 252.75269272036238
11.450000000000028 1.527464837499315e-06 258.544373658176
11.500000000000028 1.5598673980947677e-06 264.0289514555855
11.55000000000003 1.5902760270300754e-06 269.17602897178824
11.60000000000003 1.6185718950490227e-06 273.9654927253697
11.65000000000003 1.6446975771138473e-06 278.3876227410767
11.700000000000031 1.6686571978648285e-06 282.4431171708479
11.750000000000032 1.6905159293385142e-06 286.14300727573476
11.800000000000033 1.710398606411078e-06 289.50842307069973
11.850000000000033 1.7284872059907237e-06 292.5701666433567
11.900000000000034 1.7450172270939562e-06 295.36809943223085
11.950000000000035 1.7602731862125663e-06 297.95037975583773
12.000000000000036 1.7745834104811648e-06 300.3725814848739
12.050000000000036 1.788314348636623e-06 302.6967310940748
12.100000000000037 1.8018645935242336e-06 304.99029588939777
12.150000000000038 1.8156587032943438e-06 307.3251381608074
12.200000000000038 1.8301408262672733e-06 309.7764361032246
12.250000000000039 1.8457679151585478e-06 312.42153523107737
12.30000000000004 1.8630025850008607e-06 315.33873948363566
12.35000000000004 1.8823060244497684e-06 318.60611136627557
12.400000000000041 1.9041312596353593e-06 322.3003317649848
12.450000000000042 1.9289168126672645e-06 326.49562656135896
12.500000000000043 1.9570806341567766e-06 331.2627396287521
12.550000000000043 1.989014124466193e-06 336.6679208467264
12.600000000000044 2.025076177821818e-06 342.77191798549
12.650000000000045 2.0655874751080405e-06 349.6290106830175
12.700000000000045 2.110825570124399e-06 357.28617872666405
12.750000000000046 2.161020832185495e-06 365.7824152825513
12.800000000000047 2.216353210603627e-06 375.14817923987675
12.850000000000048 2.276949427860312e-06 385.4049201166967
12.900000000000048 2.3428801137833554e-06 396.5645929800891
12.950000000000049 2.4141576655011515e-06 408.6292962140672
13.00000000000005 2.4907351567760026e-06 421.5910869092849
13.05000000000005 2.5725065244929447e-06 435.43201242882816
13.100000000000051 2.659307675379304e-06 450.124297735679
13.150000000000052 2.750917846277506e-06 465.6305756375458
13.200000000000053 2.847061022059394e-06 481.90412678830825
13.250000000000053 2.9474077286300032e-06 498.8891831784987
13.300000000000054 3.0515776213251753e-06 516.5213662570992
13.350000000000055 3.159142781607263e-06 534.7282449425053
13.400000000000055 3.269631497824221e-06 553.4299755678574
13.450000000000056 3.3825324665760803e-06 572.5400130199397
13.500000000000057 3.4972994302225607e-06 591.9658957009499
13.550000000000058 3.6133563779982898e-06 611.6101258885852
13.600000000000058 3.7301032962428856e-06 631.3711430413515
13.650000000000059 3.846922336512956e-06 651.1443678361173
13.70000000000006 3.963184059703441e-06 670.823259071293
13.75000000000006 4.078253598107024e-06 690.3003566799005
13.800000000000061 4.1914965835662945e-06 709.468285150635
13.850000000000062 4.3022844389795826e-06 728.2206491878031
13.900000000000063 4.409999426075278e-06 746.4528881163588
13.950000000000063 4.514039386012586e-06 764.0630782936009
14.000000000000064 4.61382231817401e-06 780.9527081326008
14.050000000000065 4.70879092797995e-06 797.0274478821995
14.100000000000065 4.798417202090981e-06 812.1979240427435
14.150000000000066 4.882206964275023e-06 826.3804905090897
14.200000000000067 4.959704022034502e-06 839.4979304441251
14.250000000000068 5.030494177748989e-06 851.4801352196737
14.300000000000068 5.094207613605635e-06 862.2645080986823
14.350000000000069 5.150519329126039e-06 871.7960382926444
14.40000000000007 5.199149111370941e-06 880.0272959183359
14.45000000000007 5.2398619921251955e-06 886.9185093826416
14.500000000000071 5.272469419768743e-06 892.4377637377906
14.550000000000072 5.296830609842108e-06 896.5612292830907
14.600000000000072 5.312853233182314e-06 899.2732780413696
14.650000000000073 5.320492830015361e-06 900.5663845860902
14.700000000000074 5.31975101817727e-06 900.4408227581889
14.750000000000075 5.310672986480124e-06 898.9042413838968
14.800000000000075 5.293344688884287e-06 895.9711893499051
14.850000000000076 5.267889895103525e-06 891.6626163778295
14.900000000000077 5.234467065847935e-06 886.0053441162188
14.950000000000077 5.193265995055227e-06 879.0314977921448
15.000000000000078 5.144504445347638e-06 870.7779367161398
15.050000000000079 5.088425014043637e-06 861.2857238116932
15.10000000000008 5.025291002605627e-06 850.5994264626219
15.15000000000008 4.955381447251222e-06 838.7662753758726
15.200000000000081 4.878985980963545e-06 825.8352949062939
15.250000000000082 4.796400048453364e-06 811.8564931233491
15.300000000000082 4.707920699994853e-06 796.8801498601285
15.350000000000083 4.613842859877245e-06 780.9561850976128
15.400000000000084 4.514455842173703e-06 764.1335692107656
15.450000000000085 4.410039619364524e-06 746.459691381834
15.500000000000085 4.300860757629989e-06 727.9796715929132
15.550000000000086 4.187168282292217e-06 708.7356607952736
15.600000000000087 4.06918995740676e-06 688.76621117921
15.650000000000087 3.9471293320357354e-06 668.1057762152587
15.700000000000088 3.821163453589802e-06 646.784323605964
15.750000000000089 3.691440891269199e-06 624.8270007261638
15.80000000000009 3.5580798608590355e-06 602.2538172188739
15.85000000000009 3.4211667929474946e-06 579.0794026465813
15.900000000000091 3.280755630131447e-06 555.3128875336549
15.950000000000092 3.136867826398909e-06 530.957903261818
16.000000000000092 2.9894928827185174e-06 506.0126727260135
16.050000000000093 2.83858912457358e-06 480.47014194270486
16.100000000000094 2.6843146567989813e-06 454.35707232368
16.150000000000095 2.527157547810086e-06 427.7560761423314
16.200000000000095 2.3675144295081888e-06 400.73428878794937
16.250000000000096 2.203914609504682e-06 373.04277540251206
16.300000000000097 2.0348439882400524e-06 344.42525386897177
16.350000000000097 1.8599667608907664e-06 314.8248846152214
16.400000000000098 1.6798244162918071e-06 284.33332205336035
16.4500000000001 1.4950285510615043e-06 253.0540872993814
16.5000000000001 1.3057402985719678e-06 221.01445438653548
16.5500000000001 1.1116415188031978e-06 188.16057375299496
16.6000000000001 9.121993281621366e-07 154.40224754188122
16.6500000000001 7.06938699570673e-07 119.6590709050002
16.700000000000102 4.955623143255706e-07 83.8807185739608
16.750000000000103 2.779183122528539e-07 47.0414861314827
16.800000000000104 5.390415081815287e-08 9.124016847203817
16.850000000000104 -1.7660759213510868e-07 -29.89325722653224
16.900000000000105 -4.1378615798127145e-07 -70.03898251355909
16.950000000000106 -6.5781520281435e-07 -111.34424532671996
17.000000000000107 -9.08854021208746e-07 -153.83600845753364
17.050000000000107 -1.1670130280427758e-06 -197.53296113854813
17.100000000000108 -1.4323503470026027e-06 -242.44494160084068
17.15000000000011 -1.7048819281885979e-06 -288.57464961766243
17.20000000000011 -1.984593565724618e-06 -335.91968064963567
17.25000000000011 -2.2714472226052507e-06 -384.4735964118987
17.30000000000011 -2.5653804405755223e-06 -434.22582498815234
17.35000000000011 -2.866301306870662e-06 -485.16080888233154
17.400000000000112 -3.174082784503807e-06 -537.2570453420367
17.450000000000113 -3.4885595375769387e-06 -590.4865489988671
17.500000000000114 -3.8095283764236365e-06 -644.8149272149376
17.550000000000114 -4.1367515824576585e-06 -700.2019428591027
17.600000000000115 -4.469961461952424e-06 -756.6022850965907
17.650000000000116 -4.808864497076072e-06 -813.9662720086218
17.700000000000117 -5.153143917949254e-06 -872.2402859484657
17.750000000000117 -5.502461557791766e-06 -931.3670875504536
17.800000000000118 -5.856460211432068e-06 -991.2862149400622
17.85000000000012 -6.214766386386146e-06 -1051.9344493917445
17.90000000000012 -6.576992449350033e-06 -1113.246178652227
17.95000000000012 -6.942739198666303e-06 -1175.1538323657492
18.00000000000012 -7.311599110199409e-06 -1237.588431482981
18.05000000000012 -7.683159928653687e-06 -1300.480196140852
18.100000000000122 -8.057008507019478e-06 -1363.7591955414694
18.150000000000123 -8.432734923888996e-06 -1427.3560448642963
18.200000000000124 -8.809938081048462e-06 -1491.2028527353968
18.250000000000124 -9.188229702649028e-06 -1555.2338981419646
18.300000000000125 -9.567235600892126e-06 -1619.3858446669267
18.350000000000126 -9.946595208732796e-06 -1683.5976613925745
18.400000000000126 -1.032596083106367e-05 -1747.8104961531808
18.450000000000127 -1.0704998491412085e-05 -1811.9678188501005
18.500000000000128 -1.1083391236341886e-05 -1876.015980767096
18.55000000000013 -1.1460842651435188e-05 -1939.9048096984748
18.60000000000013 -1.1837079062674107e-05 -2003.5879825631396
18.65000000000013 -1.2211850457878455e-05 -2067.0231813705573
18.70000000000013 -1.258493109070394e-05 -2130.172195455737
18.75000000000013 -1.295611983355489e-05 -2193.00098121455
18.800000000000132 -1.3325239357793796e-05 -2255.479523342951
18.850000000000133 -1.3692134991135327e-05 -2317.581641435243
18.900000000000134 -1.4056674294312373e-05 -2379.2849183289995
18.950000000000134 -1.4418747601834009e-05 -2440.570791635767
19.000000000000135 -1.4778268970926723e-05 -2501.4247143623825
19.050000000000136 -1.5135176673897534e-05 -2561.836238250184
19.100000000000136 -1.5489432607848253e-05 -2621.7989138610537
19.150000000000137 -1.5841020544333415e-05 -2681.309994308015
19.200000000000138 -1.6189943109916206e-05 -2740.3699241729128
19.25000000000014 -1.6536218242319167e-05 -2798.9817396613107
19.30000000000014 -1.687987584573174e-05 -2857.1505024674225
19.35000000000014 -1.7220955052672863e-05 -2914.882836306799
19.40000000000014 -1.7559502217474976e-05 -2972.1865872859785
19.45000000000014 -1.7895569593520713e-05 -3029.0706000066516
19.500000000000142 -1.8229214539876998e-05 -3085.544583277602
19.550000000000143 -1.8560497411589502e-05 -3141.6187530181082
19.600000000000144 -1.888947763544168e-05 -3197.3031680263366
19.650000000000144 -1.921621267665147e-05 -3252.6075550785863
19.700000000000145 -1.9540757921529675e-05 -3307.54128906761
19.750000000000146 -1.9863165256906913e-05 -3362.113152551143
19.800000000000146 -2.018348045399159e-05 -3416.330892933982
19.850000000000147 -2.0501740664870977e-05 -3470.2007987164557
19.900000000000148 -2.081797257039906e-05 -3523.727385999043
19.95000000000015 -2.1132190519783943e-05 -3576.9130835820206
20.00000000000015 -2.1444394178202692e-05 -3629.7578347920157
20.05000000000015 -2.1754565905890445e-05 -3682.258653856887
20.10000000000015 -2.206266866064933e-05 -3734.4092708765934
20.15000000000015 -2.236864477668325e-05 -3786.199925124231
20.200000000000152 -2.2672415583837697e-05 -3837.617300597151
20.250000000000153 -2.2973881993305385e-05 -3888.6446251556695
20.300000000000153 -2.3272926231845244e-05 -3939.2619640634193
20.350000000000154 -2.356941367365442e-05 -3989.4465300568104
20.400000000000155 -2.3863193662498146e-05 -4039.172822501785
20.450000000000156 -2.4154099747375693e-05 -4088.412667283516
20.500000000000156 -2.4441950338344767e-05 -4137.135327813676
20.550000000000157 -2.4726550431320928e-05 -4185.307796976399
20.600000000000158 -2.5007693935724546e-05 -4232.895191114453
20.65000000000016 -2.5285165519458978e-05 -4279.861062317097
20.70000000000016 -2.55587413888897e-05 -4326.167530442252
20.75000000000016 -2.5828189665438998e-05 -4371.775346860314
20.80000000000016 -2.6093270116214263e-05 -4416.643848859299
20.85000000000016 -2.635373611542967e-05 -4460.731291642366
20.900000000000162 -2.660933917713266e-05 -4503.995615553942
20.950000000000163 -2.6859526365265503e-05 -4546.343228582471
21.000000000000163 -2.7103299353956965e-05 -4587.605150381731
21.050000000000164 -2.7339743309584985e-05 -4627.626532813806
21.100000000000165 -2.7568391884918617e-05 -4666.328440213684
21.150000000000166 -2.7789290655274135e-05 -4703.7185868287315
21.200000000000166 -2.8002876373794027e-05 -4739.870899118592
21.250000000000167 -2.8210899648472976e-05 -4775.081691496794
21.300000000000168 -2.841549868516046e-05 -4809.7128846298765
21.35000000000017 -2.8617141198482103e-05 -4843.843645633157
21.40000000000017 -2.881452035243068e-05 -4877.252774588533
21.45000000000017 -2.9005740223818277e-05 -4909.619360492953
21.50000000000017 -2.9189404297085717e-05 -4940.707023934148
21.55000000000017 -2.936501141090723e-05 -4970.4309364840665
21.600000000000172 -2.9532747906976098e-05 -4998.822639030058
21.650000000000173 -2.9693047461363715e-05 -5025.955537195283
21.700000000000173 -2.98462394435182e-05 -5051.885381276295
21.750000000000174 -2.9992415267067403e-05 -5076.62764428339
21.800000000000175 -3.0131475706107084e-05 -5100.165530871343
21.850000000000176 -3.0263252058732063e-05 -5122.470485928876
21.900000000000176 -3.0387609093571284e-05 -5143.519619691674
21.950000000000177 -3.0504490020121198e-05 -5163.303319588104
22.000000000000178 -3.061390948815187e-05 -5181.824065292676
22.05000000000018 -3.07159212160697e-05 -5199.090949382449
22.10000000000018 -3.081058667760529e-05 -5215.114377129467
22.15000000000018 -3.089795841168654e-05 -5229.903241467875
22.20000000000018 -3.097807822302041e-05 -5243.464618417696
22.25000000000018 -3.1050983676065274e-05 -5255.804866278727
22.300000000000182 -3.111671564208607e-05 -5266.930903073126
22.350000000000183 -3.1175322477035986e-05 -5276.850913709194
22.400000000000183 -3.122685982473999e-05 -5285.57431666749
22.450000000000184 -3.127138734023566e-05 -5293.111209381322
22.500000000000185 -3.130896436789276e-05 -5299.471636699208
22.550000000000185 -3.1339646151600086e-05 -5304.664949407023
22.600000000000186 -3.136348133835424e-05 -5308.699381676161
22.650000000000187 -3.138051092022476e-05 -5311.581871976613
22.700000000000188 -3.139076810099964e-05 -5313.318040504906
22.75000000000019 -3.139427902362064e-05 -5313.912312312494
22.80000000000019 -3.139106411011452e-05 -5313.368144107505
22.85000000000019 -3.138113807928152e-05 -5311.688027248756
22.90000000000019 -3.1364507879506544e-05 -5308.8731378456905
22.95000000000019 -3.1341169769935804e-05 -5304.922842707499
23.000000000000192 -3.13111076874714e-05 -5299.834422934547
23.050000000000193 -3.1274294034591e-05 -5293.603207267668
23.100000000000193 -3.123069040803783e-05 -5286.222695428934
23.150000000000194 -3.1180247403230575e-05 -5277.684525015348
23.200000000000195 -3.112290374065126e-05 -5267.978323628018
23.250000000000195 -3.105858539258152e-05 -5257.091561060283
23.300000000000196 -3.0987205970077426e-05 -5245.009614798517
23.350000000000197 -3.090866857527033e-05 -5231.7160835494515
23.400000000000198 -3.082286819072238e-05 -5217.193191671367
23.4500000000002 -3.0729693657991395e-05 -5201.4221240733295
23.5000000000002 -3.062902896652997e-05 -5184.3832443790525
23.5500000000002 -3.052075412528017e-05 -5166.056242456248
23.6000000000002 -3.040474604074454e-05 -5146.420283042182
23.6500000000002 -3.02808796179885e-05 -5125.454192103441
23.700000000000202 -3.0149029082998192e-05 -5103.1366806631295
23.750000000000203 -3.000906944044428e-05 -5079.446591547387
23.800000000000203 -2.986087802429069e-05 -5054.363161847182
23.850000000000204 -2.9704336135032415e-05 -5027.866300043273
23.900000000000205 -2.953933067674675e-05 -4999.93686309958
23.950000000000205 -2.9365755627248083e-05 -4970.5569053070385
24.000000000000206 -2.9183513193705513e-05 -4939.709873887747
24.050000000000207 -2.8992514694291496e-05 -4907.380758226077
24.100000000000207 -2.8792682145737254e-05 -4873.556358584212
24.150000000000208 -2.8583947773449384e-05 -4838.2252031826565
24.20000000000021 -2.8366250747173312e-05 -4801.376995666508
24.25000000000021 -2.8139533323831935e-05 -4763.001962227993
24.30000000000021 -2.7903738759571966e-05 -4723.090498191674
24.35000000000021 -2.7658811945481832e-05 -4681.633275618421
24.40000000000021 -2.7404701809765234e-05 -4638.6216499062375
24.450000000000212 -2.7141364146583076e-05 -4594.048138610552
24.500000000000213 -2.6868764341925053e-05 -4547.906882835372
24.550000000000214 -2.658687858559762e-05 -4500.193852378872
24.600000000000215 -2.6295692658421706e-05 -4450.906640449972
24.650000000000215 -2.59956255276744e-05 -4400.116163006655
24.700000000000216 -2.5687068049708768e-05 -4347.8885778474605
24.750000000000217 -2.5369408065967e-05 -4294.120268740431
24.800000000000217 -2.504190806170586e-05 -4238.686401199906
24.850000000000218 -2.4704346052413463e-05 -4181.5494013026255
24.90000000000022 -2.435695362623855e-05 -4122.748468519106
24.95000000000022 -2.400009134685642e-05 -4062.3446331966948
25.00000000000022 -2.36340002080385e-05 -4000.3786868365514
25.05000000000022 -2.325873658696645e-05 -3936.860172049912
25.10000000000022 -2.287423536134385e-05 -3871.7780659949235
25.150000000000222 -2.24804014181705e-05 -3805.116269491782
25.200000000000223 -2.207716404548141e-05 -3736.8628135705644
25.250000000000224 -2.1664486506098633e-05 -3667.011479960035
25.300000000000225 -2.1242350842838323e-05 -3595.559229160537
25.350000000000225 -2.08107387196382e-05 -3522.5029575420413
25.400000000000226 -2.036961901877636e-05 -3447.837398003321
25.450000000000227 -1.991894313849973e-05 -3371.554324031073
25.500000000000227 -1.945864282572089e-05 -3293.6421828541265
25.550000000000228 -1.898863077194418e-05 -3214.0861963121147
25.60000000000023 -1.8508805049997893e-05 -3132.869111833245
25.65000000000023 -1.8019053890660494e-05 -3049.9720109438044
25.70000000000023 -1.7519257574946584e-05 -2965.3746295635115
25.75000000000023 -1.7009287126919845e-05 -2879.055136746177
25.80000000000023 -1.648900135444376e-05 -2790.9896337861787
25.850000000000232 -1.5958244404691267e-05 -2701.1517404549395
25.900000000000233 -1.5416845405309806e-05 -2609.5125342631923
25.950000000000234 -1.4864619499171278e-05 -2516.040725606603
26.000000000000234 -1.4301368454930882e-05 -2420.7027611112258
26.050000000000235 -1.3726880685514765e-05 -2323.462826762793
26.100000000000236 -1.3140931777120511e-05 -2224.2829374473035
26.150000000000237 -1.2543286227966016e-05 -2123.1232312581164
26.200000000000237 -1.1933699843720296e-05 -2019.9423749554699
26.250000000000238 -1.1311921766687329e-05 -1914.6979074336793
26.30000000000024 -1.0677696382888007e-05 -1807.3465625209126
26.35000000000024 -1.0030767093254594e-05 -1697.8449073055765
26.40000000000024 -9.370881929644884e-06 -1586.1502927237386
26.45000000000024 -8.697799418331931e-06 -1472.221846035186
26.50000000000024 -8.011293185105093e-06 -1356.0212502999366
26.550000000000242 -7.31115492270293e-06 -1237.5132466569576
26.600000000000243 -6.59719661616967e-06 -1116.66601099627
26.650000000000244 -5.869251320545362e-06 -993.4512855936715
26.700000000000244 -5.127175431490985e-06 -867.8447634451812
26.750000000000245 -4.370853972628716e-06 -739.8269832218961
26.800000000000246 -3.600207217032601e-06 -609.3844500481055
26.850000000000247 -2.8151964231621924e-06 -476.51060638673
26.900000000000247 -2.0158270943492737e-06 -341.2063837521547
26.950000000000248 -1.202150199877706e-06 -203.4804093947413
27.00000000000025 -3.7424491879565907e-07 -63.34608545437107
27.05000000000025 4.677798698295784e-07 79.17815879348889
27.10000000000025 1.3237594808487502e-06 224.0644481285913
27.15000000000025 2.193450045248062e-06 371.27150437557117
27.20000000000025 3.076522928080839e-06 520.7437015623183
27.250000000000252 3.972574820800613e-06 672.412774185773
27.300000000000253 4.881142111349299e-06 826.2002495464433
27.350000000000254 5.8017104276363704e-06 982.0190631131479
27.400000000000254 6.733718067834166e-06 1139.7741391475458
27.450000000000255 7.676557335078407e-06 1299.3626166205045
27.500000000000256 8.629576613138621e-06 1460.6742005477881
27.550000000000257 9.592080573915398e-06 1623.5911971118132
27.600000000000257 1.0563331520851294e-05 1787.9887410523718
27.650000000000258 1.1542553816490955e-05 1953.7355450919058
27.70000000000026 1.2528940408730774e-05 2120.695004592774
27.75000000000026 1.3521659360482287e-05 2288.7263027923377
27.80000000000026 1.4519860415244835e-05 2457.6855221161863
27.85000000000026 1.552268247877501e-05 2627.426910553303
27.90000000000026 1.6529259327331646e-05 2797.8038478548224
27.950000000000262 1.753872335492358e-05 2968.6694798071085
28.000000000000263 1.85502106471635e-05 3139.8775770511093
28.050000000000264 1.956286839600566e-05 3311.283790128412
28.100000000000264 2.0575863514340008e-05 3482.747107619451
28.150000000000265 2.1588391507962504e-05 3654.1313578461704
28.200000000000266 2.2599684687616694e-05 3825.3065988726894
28.250000000000266 2.3609019332194967e-05 3996.1503309753634
28.300000000000267 2.4615721503667796e-05 4166.548480899312
28.350000000000268 2.5619171042697163e-05 4336.396078170794
28.40000000000027 2.661880418178163e-05 4505.597697407849
28.45000000000027 2.7614116163237436e-05 4674.067901449509
28.50000000000027 2.8604665319101714e-05 4841.731931935369
28.55000000000027 2.9590076258678476e-05 5008.526248841471
28.60000000000027 3.057003855215027e-05 5174.398307663518
28.650000000000272 3.154430241515881e-05 5339.305828972957
28.700000000000273 3.2512674173637716e-05 5503.216030777722
28.750000000000274 3.3475012702120504e-05 5666.105025657007
28.800000000000274 3.443122657236982e-05 5827.957338127658
28.850000000000275 3.538127110412948e-05 5988.7654054435025
28.900000000000276 3.632514381946757e-05 6148.52880818058
28.950000000000276 3.7262877172781374e-05 6307.253039690759
29.000000000000277 3.819453055448194e-05 6464.948152615676
29.050000000000278 3.912018473511347e-05 6621.627818477744
29.10000000000028 4.0039938472768546e-05 6777.308753438648
29.15000000000028 4.095390466974406e-05 6932.010067760644
29.20000000000028 4.186220188390949e-05 7085.751828989222
29.25000000000028 4.276494017094325e-05 7238.552665557417
29.30000000000028 4.366220516117239e-05 7390.427071572545
29.350000000000282 4.455404197382596e-05 7541.382684082954
29.400000000000283 4.544043786193795e-05 7691.417345489816
29.450000000000284 4.632130920059216e-05 7840.516901129108
29.500000000000284 4.719649773862508e-05 7988.654564820918
29.550000000000285 4.8065772516751565e-05 8135.791243538513
29.600000000000286 4.89288296966622e-05 8281.875508480742
29.650000000000286 4.978527965896392e-05 8426.841411221507
29.700000000000287 5.0634627756172806e-05 8570.605225889833
29.750000000000288 5.147625772983384e-05 8713.062642289926
29.80000000000029 5.230941885025119e-05 8854.086589124148
29.85000000000029 5.313321823531878e-05 8993.525933849742
29.90000000000029 5.394662160115626e-05 9131.20560973426
29.95000000000029 5.4748466081619444e-05 9266.928785733533
30.00000000000029 5.5537473258100325e-05 9400.479071964031
30.050000000000292 5.6312249363553344e-05 9531.620554237112
30.100000000000293 5.7071277168440234e-05 9660.096420643895
30.150000000000293 5.7812913345016806e-05 9785.62851542465
30.200000000000294 5.8535370780365396e-05 9907.914345206953
30.250000000000295 5.923674903244658e-05 10026.632234110159
30.300000000000296 5.991508020775306e-05 10141.449089167554
30.350000000000296 6.0568344931368665e-05 10252.023103477886
30.400000000000297 6.119447385791609e-05 10358.004011953983
30.450000000000298 6.179134232945195e-05 10459.032187098224
30.5000000000003 6.235681538100941e-05 10554.74625680791
30.5500000000003 6.288878572943084e-05 10644.78953450621
30.6000000000003 6.338516081362525e-05 10728.807825528
30.6500000000003 6.38438239499845e-05 10806.442852141272
30.7000000000003 6.426260711097045e-05 10877.327645949661
30.750000000000302 6.463930465093382e-05 10941.08887117554
30.800000000000303 6.49717044286698e-05 10997.35209257942
30.850000000000303 6.525761189611872e-05 11045.745852802926
30.900000000000304 6.549486411303515e-05 11085.904044543753
30.950000000000305 6.568133648380955e-05 11117.467050855146
31.000000000000306 6.581495404327154e-05 11140.083655422877
31.050000000000306 6.589370781585061e-05 11153.413811577575
31.100000000000307 6.591566961909521e-05 11157.131147993367
31.150000000000308 6.587900113050718e-05 11150.92450337397
31.20000000000031 6.578195776862153e-05 11134.498583378661
31.25000000000031 6.562289112628263e-05 11107.574372487661
31.30000000000031 6.540025615581916e-05 11069.890350191528
31.35000000000031 6.511262703014666e-05 11021.205175700316
31.40000000000031 6.475870012531366e-05 10961.298192780412
31.450000000000312 6.433729405434898e-05 10889.969435483656
31.500000000000313 6.384735925226247e-05 10807.041250540182
31.550000000000313 6.328798134127568e-05 10712.358866969853
31.600000000000314 6.265840317346038e-05 10605.794127101173
31.650000000000315 6.195800627338485e-05 10487.242345484638
31.700000000000315 6.118623177255263e-05 10356.608925962071
31.750000000000316 6.0342504943054253e-05 10213.796587952127
31.800000000000317 5.942621048964432e-05 10058.701184295453
31.850000000000318 5.843671002846797e-05 9891.214659768873
31.90000000000032 5.7373365420464864e-05 9711.229000584046
31.95000000000032 5.62355435525447e-05 9518.637043666984
32.00000000000032 5.502260419303321e-05 9313.330421025736
32.05000000000032 5.373388523882981e-05 9095.197062629466
32.100000000000314 5.236869834294285e-05 8864.12045630883
32.15000000000031 5.0926342848374406e-05 8619.982006257082
32.20000000000031 4.9406129333515646e-05 8362.66501841118
32.250000000000306 4.780740219704259e-05 8092.058523255157
32.3000000000003 4.612956024714483e-05 7808.060760829465
32.3500000000003 4.437207681403634e-05 7510.582585049291
32.4000000000003 4.2534525804038455e-05 7199.551873715443
32.450000000000294 4.061660353275609e-05 6874.917224078878
32.50000000000029 3.861815241800825e-05 6536.651963194143
32.55000000000029 3.653918666896069e-05 6184.75849615743
32.600000000000286 3.4379917337639184e-05 5819.2725464187815
32.65000000000028 3.214078073860275e-05 5440.267966201574
32.70000000000028 2.9822462801478472e-05 5047.860858503044
32.75000000000028 2.7425915141745064e-05 4642.212297294826
32.800000000000274 2.4952366358947967e-05 4223.530239900817
32.85000000000027 2.240334075233878e-05 3792.072694875844
32.90000000000027 1.9780680124244037e-05 3348.1514125248723
32.950000000000266 1.7086560106622428e-05 2892.1346483967454
33.00000000000026 1.43235037678959e-05 2424.4494664269682
33.05000000000026 1.1494371633128283e-05 1945.5800497160647
33.10000000000026 8.602347337977024e-06 1456.0652722641448
33.150000000000254 5.6509114247660925e-06 956.4942635968441
33.20000000000025 2.643816313524368e-06 447.5021722702878
33.25000000000025 -4.149252277425601e-07 -70.23178569354423
33.300000000000246 -3.5210423345850155e-06 -595.984707909594
33.35000000000024 -6.670008330621988e-06 -1128.9903923148422
33.40000000000024 -9.857047277787146e-06 -1668.4404458872853
33.45000000000024 -1.307714376187431e-05 -2213.485940983721
33.500000000000234 -1.632505056438287e-05 -2763.2387139048074
33.55000000000023 -1.959531958036251e-05 -3316.776598164336
33.60000000000023 -2.288234661331811e-05 -3873.1510066412707
33.650000000000226 -2.618040423922436e-05 -4431.392494264965
33.70000000000022 -2.948365944591304e-05 -4990.513743723394
33.75000000000022 -3.2786193606934495e-05 -5549.512946313159
33.80000000000022 -3.6082035271815936e-05 -6107.379352140439
33.850000000000215 -3.9365199925250956e-05 -6663.099999909131
33.90000000000021 -4.2629724570578126e-05 -7215.6655706489355
33.95000000000021 -4.5869692321156e-05 -7764.074550142856
34.000000000000206 -4.9079232678275826e-05 -8307.333275967736
34.0500000000002 -5.225250185212429e-05 -8844.452606547296
34.1000000000002 -5.5383685206254625e-05 -9374.4483349124
34.1500000000002 -5.846704057885411e-05 -9896.348521419744
34.200000000000195 -6.149698530643945e-05 -10409.208223705884
34.25000000000019 -6.446811328186132e-05 -10912.112383988446
34.30000000000019 -6.737517017506805e-05 -11404.171634840532
34.350000000000186 -7.021307743520991e-05 -11884.526361876071
34.40000000000018 -7.297692019404926e-05 -12352.344656236071
34.45000000000018 -7.566190798119185e-05 -12806.815665102713
34.50000000000018 -7.826331808669531e-05 -13247.14000504402
34.550000000000175 -8.07764690798481e-05 -13672.525279704001
34.60000000000017 -8.319678388033081e-05 -14082.196755461751
34.65000000000017 -8.55199002286682e-05 -14475.416060070607
34.700000000000166 -8.774171905015824e-05 -14851.48936891648
34.75000000000016 -8.98583801717403e-05 -15209.763294764734
34.80000000000016 -9.186621412331479e-05 -15549.616729472476
34.85000000000016 -9.376164844071693e-05 -15870.444984481765
34.900000000000155 -9.554116371122829e-05 -16171.652350919569
34.95000000000015 -9.720132602397421e-05 -16452.657592272626
35.00000000000015 -9.873881776284191e-05 -16712.899156511154
35.050000000000146 -0.00010015050488589983 -16951.84656405335
35.10000000000014 -0.00010143350059780425 -17169.011185193507
35.15000000000014 -0.0001025851140257832 -17363.937552808366
35.20000000000014 -0.00010360271525832127 -17536.18051830345
35.250000000000135 -0.00010448380231021488 -17685.31658636712
35.30000000000013 -0.00010522625482304367 -17810.986857255004
35.35000000000013 -0.00010582838730759195 -17912.906038800058
35.40000000000013 -0.00010628896124163948 -17990.864494129575
35.450000000000124 -0.0001066072700701702 -18044.74262911635
35.50000000000012 -0.00010678309025056128 -18074.502606105478
35.55000000000012 -0.0001068165868008615 -18080.17235666501
35.600000000000115 -0.00010670828126088198 -18061.840158561154
35.65000000000011 -0.00010645904617869497 -18019.653702522548
35.70000000000011 -0.00010607009398266938 -17953.818208679662
35.75000000000011 -0.00010554294782632804 -17864.591491657022
35.800000000000104 -0.0001048794158507431 -17752.279604130603
35.8500000000001 -0.0001040815713611639 -17617.233481450236
35.9000000000001 -0.00010315159196422185 -17459.8217134052
35.950000000000095 -0.00010209177433748424 -17280.43304417379
36.00000000000009 -0.00010090460362202791 -17079.48811796817
36.05000000000009 -9.959269724320049e-05 -16857.429969927653
36.10000000000009 -9.815872158290202e-05 -16614.70992175954
36.150000000000084 -9.660542874495317e-05 -16351.793804781888
36.20000000000008 -9.493579511361365e-05 -16069.185412853196
36.25000000000008 -9.315305381131952e-05 -15767.431996289586
36.300000000000075 -9.126058038142652e-05 -15447.104912101211
36.35000000000007 -8.926175096680782e-05 -15108.775618774771
36.40000000000007 -8.715989148422539e-05 -14753.007073338766
36.45000000000007 -8.495836685442467e-05 -14380.368834780866
36.500000000000064 -8.266062876573059e-05 -13991.445148691619
36.55000000000006 -8.027019952815504e-05 -13586.832214350708
36.60000000000006 -7.77906072781237e-05 -13167.127217238258
36.650000000000055 -7.522536267293353e-05 -12732.924384252123
36.70000000000005 -7.25780051622845e-05 -12284.82281579927
36.75000000000005 -6.985216066784239e-05 -11823.43624885289
36.80000000000005 -6.705161758987027e-05 -11349.405922117223
36.850000000000044 -6.418034975473571e-05 -10863.404460207916
36.90000000000004 -6.124248062579926e-05 -10366.12981585401
36.95000000000004 -5.824228083842404e-05 -9858.304852664527
37.000000000000036 -5.518425119360024e-05 -9340.691392937695
37.05000000000003 -5.207312120094714e-05 -8814.089971044066
37.10000000000003 -4.891378226867078e-05 -8279.328524910516
37.15000000000003 -4.5711255867202713e-05 -7737.257007279456
37.200000000000024 -4.247069082558314e-05 -7188.746928084595
37.25000000000002 -3.919732814906073e-05 -6634.685399347168
37.30000000000002 -3.5896522771627626e-05 -6075.978817090825
37.350000000000016 -3.257376611863909e-05 -5513.556680374475
37.40000000000001 -2.92346042307516e-05 -4948.357732645826
37.45000000000001 -2.5884411597607076e-05 -4381.291679990473
37.50000000000001 -2.2528275782868335e-05 -3813.219662336719
37.550000000000004 -1.9171229554462935e-05 -3244.993544683123
37.6 -1.5818403757552897e-05 -2677.4817929453557
37.65 -1.2483523356358394e-05 -2113.0075455621345
37.699999999999996 -9.181109772874053e-06 -1554.028752374305
37.74999999999999 -5.919423722904782e-06 -1001.9436528315184
37.79999999999999 -2.6847017706030165e-06 -454.4225966444641
37.84999999999999 5.452815126107784e-07 92.2963748063364
37.899999999999984 3.7723194168863827e-06 638.5168004745661
37.94999999999998 6.979281291701235e-06 1181.3390828042095
37.99999999999998 1.0146849763131106e-05 1717.4934913115603
38.049999999999976 1.326429364669611e-05 2245.1636258400663
38.09999999999997 1.632983476173541e-05 2764.048504924281
38.14999999999997 1.9345754543257647e-05 3274.5342927303914
38.19999999999997 2.2313870423330954e-05 3776.928614562879
38.249999999999964 2.5233927703835715e-05 4271.188359271692
38.29999999999996 2.8104513868559392e-05 4757.074439114523
38.34999999999996 3.0924599261614965e-05 5234.41257071027
38.399999999999956 3.369434833201823e-05 5703.230589310354
38.44999999999995 3.641493938903174e-05 6163.727939918536
38.49999999999995 3.9087766569811006e-05 6616.140599369647
38.54999999999995 4.17138973230841e-05 7060.649248001482
38.599999999999945 4.4294131455936624e-05 7497.389264133017
38.64999999999994 4.682933010899086e-05 7926.506407625528
38.69999999999994 4.9320655552014855e-05 8348.197408578344
38.749999999999936 5.1769485791312056e-05 8762.69551345834
38.79999999999993 5.4177203256286286e-05 9170.234717402793
38.84999999999993 5.654503168878748e-05 9571.02215550401
38.89999999999993 5.887391537890547e-05 9965.217661811084
38.949999999999925 6.116438812289937e-05 10352.911588662144
38.99999999999992 6.341655342244199e-05 10734.12145513489
39.04999999999992 6.563025978903099e-05 11108.821619722557
39.099999999999916 6.780526842239895e-05 11476.97166220463
39.14999999999991 6.994119777714961e-05 11838.507000789712
39.19999999999991 7.203734135249827e-05 12193.308050529995
39.24999999999991 7.40925155508776e-05 12541.174471303604
39.299999999999905 7.610500806750998e-05 12881.816432041844
39.3499999999999 7.807260350426062e-05 13214.85894622516
39.3999999999999 7.999259090854864e-05 13539.843147947222
39.449999999999896 8.18616842291521e-05 13856.212827968951
39.49999999999989 8.367615324916498e-05 14163.336595917293
39.54999999999989 8.543207016716454e-05 14460.549617529776
39.59999999999989 8.71254604774051e-05 14747.179153196692
39.649999999999885 8.875230475143278e-05 15022.544859523838
39.69999999999988 9.03084857436285e-05 15285.949836220188
39.74999999999988 9.178986798969498e-05 15536.694099233557
39.799999999999876 9.319246194084004e-05 15774.102362712296
39.84999999999987 9.451238816313303e-05 15997.517979255348
39.89999999999987 9.574579538103084e-05 16206.289067654956
39.94999999999987 9.688888423506668e-05 16399.77253421133
39.999999999999865 9.793802910459383e-05 16577.354692902893
40.04999999999986 9.888992365900633e-05 16738.47590192668
40.09999999999986 9.974169307430031e-05 16882.649557890443
40.14999999999986 0.00010049094937783365 17009.471463672322
40.199999999999854 0.00010113576498713843 17118.615349501895
40.24999999999985 0.00010167458161610092 17209.817454081785
40.29999999999985 0.00010210614378288245 17282.86526989126
40.349999999999845 0.00010242951718340587 17337.600653150832
40.39999999999984 0.00010264415777138346 17373.931516564444
40.44999999999984 0.00010274997395643917 17391.842357204754
40.49999999999984 0.00010274734305229104 17391.397040593576
40.549999999999834 0.00010263710342759155 17372.737472123965
40.59999999999983 0.00010242060979172398 17336.09295493953
40.64999999999983 0.00010209958435190573 17281.754996232714
40.699999999999825 0.0001016758879135802 17210.03856284665
40.74999999999982 0.00010115148241442333 17121.275739641907
40.79999999999982 0.00010052852447068065 17015.83156349706
40.84999999999982 9.980943510580877e-05 16894.115825837638
40.899999999999814 9.899687136292818e-05 16756.578267654408
40.94999999999981 9.80936311895971e-05 16603.692479946778
40.99999999999981 9.71025877137911e-05 16435.944779030946
41.049999999999805 9.602661565892653e-05 16253.821751273335
41.0999999999998 9.486850728990045e-05 16057.796025805024
41.1499999999998 9.363095878407435e-05 15848.323967623806
41.1999999999998 9.231660742984856e-05 15625.851973963112
41.249999999999794 9.092802996084471e-05 15390.816192329536
41.29999999999979 8.94677372545964e-05 15143.641623183528
41.34999999999979 8.793817399602172e-05 14884.742062977495
41.399999999999785 8.634201240876155e-05 14614.569822213489
41.44999999999978 8.468229739542377e-05 14333.640292420185
41.49999999999978 8.296217639404795e-05 14042.4862206544
41.54999999999978 8.118452970778617e-05 13741.595137729364
41.599999999999774 7.935176088737114e-05 13431.373877572434
41.64999999999977 7.746597032156308e-05 13112.177959789115
41.69999999999977 7.552930358895136e-05 12784.370552983295
41.749999999999766 7.354413079817149e-05 12448.352830548709
41.79999999999976 7.15128900687297e-05 12104.537477651762
41.84999999999976 6.943783716211611e-05 11753.306312863508
41.89999999999976 6.732094500483999e-05 11394.993281055267
41.949999999999754 6.516395623114087e-05 11029.893346973147
41.99999999999975 6.29684811881821e-05 10658.279083961224
42.04999999999975 6.073606173625998e-05 10280.411473022004
42.099999999999746 5.8468100369624446e-05 9896.527905543162
42.14999999999974 5.616581469414542e-05 9506.834478018234
42.19999999999974 5.3830266910824136e-05 9111.510982535274
42.24999999999974 5.14623460301015e-05 8710.707896304606
42.299999999999734 4.9062765013200715e-05 8304.545897791864
42.34999999999973 4.6632047309626475e-05 7893.113588005077
42.39999999999973 4.4170401091409284e-05 7476.4462029155875
42.449999999999726 4.167763410826469e-05 7054.511201525947
42.49999999999972 3.915327451270576e-05 6627.228717177379
42.54999999999972 3.659716550848399e-05 6194.572209954286
42.59999999999972 3.400967343250999e-05 5756.603687403278
42.649999999999714 3.1391389192532434e-05 5313.423168765398
42.69999999999971 2.874282895533634e-05 4865.118022348487
42.74999999999971 2.606430766339264e-05 4411.741556485335
42.799999999999706 2.3355907481817833e-05 3953.3076787488453
42.8499999999997 2.0617505197569497e-05 3489.7955336416608
42.8999999999997 1.7848751841343766e-05 3021.1460533228214
42.9499999999997 1.5049105893262869e-05 2547.26757812581
42.999999999999694 1.221792423887121e-05 2068.0512521083947
43.04999999999969 9.354524637872576e-06 1583.381596743189
43.09999999999969 6.458156791223349e-06 1093.13161362635
43.149999999999686 3.5279963676085775e-06 597.1617733767235
43.19999999999968 5.632531419684386e-07 95.33831956461975
43.24999999999968 -2.427481676072599e-06 -410.88456774846765
43.29999999999968 -5.449550824228565e-06 -922.4112201988435
43.349999999999675 -8.512108619086191e-06 -1440.791131424646
43.39999999999967 -1.1618011848971924e-05 -1966.5078520323457
43.44999999999967 -1.4764486423263464e-05 -2499.091829136137
43.499999999999666 -1.7947399078175548e-05 -3037.8434511506744
43.54999999999966 -2.1163965892236792e-05 -3582.2915011841087
43.59999999999966 -2.4413024453016724e-05 -4132.239224989541
43.64999999999966 -2.769398487443558e-05 -4687.586776257401
43.699999999999655 -3.1005726075223754e-05 -5248.14439660664
43.74999999999965 -3.434607889960515e-05 -5813.544926671147
43.79999999999965 -3.77118947971792e-05 -6383.2554311117465
43.849999999999646 -4.1099427551616006e-05 -6956.641811433456
43.89999999999964 -4.450465400732183e-05 -7533.023093372529
43.94999999999964 -4.792337549714663e-05 -8111.688594927091
43.99999999999964 -5.135113319153686e-05 -8691.883598040224
44.049999999999635 -5.478300157172435e-05 -9272.774391104567
44.09999999999963 -5.8213368337852196e-05 -9853.411015393958
44.14999999999963 -6.163594943789212e-05 -10432.729808913831
44.199999999999626 -6.504400616179117e-05 -11009.59015256309
44.24999999999962 -6.843055676153875e-05 -11582.810289732926
44.29999999999962 -7.178844905829355e-05 -12151.179616058891
44.34999999999962 -7.511034433073193e-05 -12713.455952302882
44.399999999999615 -7.838872547812503e-05 -13268.366926065903
44.44999999999961 -8.161594720894589e-05 -13814.618466898188
44.49999999999961 -8.478428983522564e-05 -14350.903911731784
44.549999999999606 -8.7886099039481e-05 -14875.927662350021
44.5999999999996 -9.091393269547074e-05 -15388.430036814249
44.6499999999996 -9.3860620649091e-05 -15887.19738820029
44.6999999999996 -9.671923690320369e-05 -16371.057396499156
44.749999999999595 -9.948304182966626e-05 -16838.8692872105
44.79999999999959 -0.00010214536748877578 -17289.50442008561
44.84999999999959 -0.0001046995702869549 -17721.838275791455
44.89999999999959 -0.00010713917165634679 -18134.774267861605
44.949999999999584 -0.00010945800065945751 -18527.267880487856
44.99999999999958 -0.0001116502302137395 -18898.3328000278
45.04999999999958 -0.00011371033669709995 -19247.034077683114
45.099999999999575 -0.00011563307227864778 -19572.483446098966
45.14999999999957 -0.00011741351187119599 -19873.847266719025
45.19999999999957 -0.00011904713308072858 -20150.36006232929
45.24999999999957 -0.00012052986084154534 -20401.332072168523
45.299999999999564 -0.0001218580796947749 -20626.151330234996
45.34999999999956 -0.00012302867889659786 -20824.29130047193
45.39999999999956 -0.000124039102736576 -20995.319393834867
45.449999999999555 -0.00012488737874116583 -21138.90174212315
45.49999999999955 -0.0001255722373916648 -21254.823461884323
45.54999999999955 -0.00012609326577167135 -21343.014661354075
45.59999999999955 -0.00012645084176240746 -21403.539302112036
45.649999999999544 -0.00012664599982635766 -21436.572481121875
45.69999999999954 -0.00012668029931606605 -21442.37814018894
45.74999999999954 -0.0001265557849994073 -21421.302384320992
45.799999999999535 -0.00012627500710059045 -21373.776873942952
45.84999999999953 -0.0001258410462389393 -21300.323046127545
45.89999999999953 -0.00012525750944626342 -21201.551440480715
45.94999999999953 -0.0001245285220897403 -21078.16033197863
45.999999999999524 -0.00012365871545586156 -20930.93362938031
46.04999999999952 -0.00012265315242488204 -20760.728294608707
46.09999999999952 -0.00012151722753547026 -20568.45742732216
46.149999999999515 -0.0001202566260533832 -20355.08333672617
46.19999999999951 -0.00011887729169089563 -20121.612077644106
46.24999999999951 -0.00011738536696960279 -19869.08335610358
46.29999999999951 -0.00011578708980035278 -19598.55302407157
46.349999999999504 -0.00011408867929626444 -19311.07375174156
46.3999999999995 -0.00011229625231006261 -19007.68090033278
46.4499999999995 -0.00011041577874885717 -18689.384958503717
46.499999999999496 -0.00010845307533665502 -18357.170486571693
46.54999999999949 -0.00010641378033937694 -18011.991838375314
46.59999999999949 -0.00010430323575919214 -17654.75322104984
46.64999999999949 -0.00010212631707032578 -17286.27987547734
46.699999999999484 -9.988729579533442e-05 -16907.294815436482
46.74999999999948 -9.758981631840682e-05 -16518.4149029357
46.79999999999948 -9.523694604981053e-05 -16120.159339233764
46.849999999999476 -9.283122385611989e-05 -15712.957862320158
46.89999999999947 -9.03746555084113e-05 -15297.149976459676
46.94999999999947 -8.786866566740772e-05 -14872.976825019576
46.99999999999947 -8.531404450753057e-05 -14440.57215585831
47.049999999999464 -8.271092085559231e-05 -13999.957774680803
47.09999999999946 -8.005884709296797e-05 -13551.057915895477
47.14999999999946 -7.735694078430034e-05 -13093.723215215103
47.199999999999456 -7.460397793470696e-05 -12627.746494718145
47.24999999999945 -7.179841289365296e-05 -12152.866131852243
47.29999999999945 -6.893832051346486e-05 -11668.756268969337
47.34999999999945 -6.602137382942717e-05 -11175.023035375894
47.399999999999444 -6.304518886000854e-05 -10671.262909500289
47.44999999999944 -6.000755555005169e-05 -10157.101809195185
47.49999999999944 -5.69063882511494e-05 -9632.186709861991
47.549999999999436 -5.373967628723203e-05 -9096.177276998542
47.59999999999943 -5.0505548275865516e-05 -8548.756753460964
47.64999999999943 -4.720232029258455e-05 -7989.6401119376715
47.69999999999943 -4.382842948523728e-05 -7418.5628182667015
47.749999999999424 -4.0382440077529296e-05 -6835.281847617864
47.79999999999942 -3.6863140787119345e-05 -6239.592173841585
47.84999999999942 -3.326954289273876e-05 -5631.3264423023575
47.899999999999416 -2.9600774057154875e-05 -5010.336997959029
47.94999999999941 -2.5856248357641084e-05 -4376.524665353912
47.99999999999941 -2.2035927447839103e-05 -3729.8829538399277
48.04999999999941 -1.8140592295415793e-05 -3070.5440529060384
48.099999999999405 -1.4171955242500001e-05 -2398.7977999431428
48.1499999999994 -1.0132458945286989e-05 -1715.0576480144882
48.1999999999994 -6.025028492764471e-06 -1019.8187085502407
48.249999999999396 -1.8579662841280654e-06 -314.4862764856378
48.29999999999939 2.36768949986029e-06 400.7639218462162
48.34999999999939 6.652335248692807e-06 1125.9989808035498
48.39999999999939 1.0992126080440532e-05 1860.5681013854917
48.449999999999385 1.5379691588472606e-05 2603.2237411811134
48.49999999999938 1.980675419923948e-05 3352.564807336271
48.54999999999938 2.4265631486305012e-05 4107.290943808491
48.599999999999376 2.874923870691753e-05 4866.202960716414
48.64999999999937 3.325047911572718e-05 5628.09963657432
48.69999999999937 3.776182372246506e-05 6391.706586515489
48.74999999999937 4.22752304727016e-05 7155.662582527091
48.799999999999365 4.678223929984199e-05 7918.535642304092
48.84999999999936 5.1274096396592915e-05 8678.844063899442
48.89999999999936 5.574182142536222e-05 9435.067802006039
48.949999999999356 6.017624842622111e-05 10185.655392190405
48.99999999999935 6.456791051415529e-05 10929.004434321012
49.04999999999935 6.890686951633848e-05 11663.432756340217
49.09999999999935 7.318294338248944e-05 12387.216906586222
49.149999999999345 7.738604022873223e-05 13098.64869529801
49.19999999999934 8.15063499119346e-05 13796.067621199634
49.24999999999934 8.553432485700764e-05 14477.85762625774
49.299999999999336 8.946056233776975e-05 15142.427170103198
49.34999999999933 9.327574994998937e-05 15788.200000595734
49.39999999999933 9.697073841088258e-05 16413.62747613738
49.44999999999933 0.00010053675999543577 17017.225539016028
49.499999999999325 0.00010396550260650389 17597.587252785495
49.54999999999932 0.0001072490679151245 18153.37571693953
49.59999999999932 0.00011037994969529436 18683.32039977559
49.64999999999932 0.0001133510816311689 19186.225230419084
49.699999999999314 0.00011615591691920746 19660.982072578212
49.74999999999931 0.00011878843234139825 20106.57141399316
49.79999999999931 0.00012124297570998217 20522.036544363233
49.849999999999305 0.00012351422605253704 20906.476816126302
49.8999999999993 0.00012559737455308134 21259.078271222275
49.9499999999993 0.0001274883168655158 21579.146192780783
49.9999999999993 0.00012918368237746906 21866.110058428414
50.049999999999294 0.0001306808971921999 22119.53420083948
