# Body fitted drag for model part FluidModelPart.Drag_InterfaceFluid
# Time Fx Fy Fz
0.05 -0.00000000 -0.00000000 -0.00000000
0.1 41831.67850172 -23931.04120662 -0.00000000
0.15000000000000002 98645.28342182 -56385.55794210 -0.00000000
0.2 165076.32388602 -94037.48322643 -0.00000000
0.25 235057.18063413 -133214.01614030 -0.00000000
0.3 302100.88057225 -170218.50598670 -0.00000000
0.35 359716.51108115 -201644.32228517 -0.00000000
0.39999999999999997 402024.82886712 -224670.53186272 -0.00000000
0.44999999999999996 424515.40412571 -237320.75397156 -0.00000000
0.49999999999999994 424791.63680250 -238659.17927583 -0.00000000
0.5499999999999999 403105.01017491 -228894.54797717 -0.00000000
0.6 362499.81183935 -209366.54675707 -0.00000000
0.65 308474.90453659 -182401.75411552 -0.00000000
0.7000000000000001 248196.08535652 -151047.13419472 -0.00000000
0.7500000000000001 189413.22375577 -118712.97712771 -0.00000000
0.8000000000000002 139313.92825493 -88777.12806162 -0.00000000
0.8500000000000002 103542.26105314 -64207.16526651 -0.00000000
0.9000000000000002 85545.04796222 -47253.61929448 -0.00000000
0.9500000000000003 86309.08759550 -39247.88203797 -0.00000000
1.0000000000000002 104460.01518550 -40518.24335945 -0.00000000
1.0500000000000003 136637.07927849 -50419.10195255 -0.00000000
1.1000000000000003 178044.36114703 -67456.33511755 -0.00000000
1.1500000000000004 223095.29470492 -89486.12053072 -0.00000000
1.2000000000000004 266090.75941186 -113963.04914053 -0.00000000
1.2500000000000004 301883.09013483 -138213.51173718 -0.00000000
1.3000000000000005 326473.77148448 -159710.35240051 -0.00000000
1.3500000000000005 337480.11020154 -176324.53947669 -0.00000000
1.4000000000000006 334401.30288783 -186530.25607272 -0.00000000
1.4500000000000006 318629.35598838 -189542.78532669 -0.00000000
1.5000000000000007 293187.71931774 -185374.58751819 -0.00000000
1.5500000000000007 262231.57705316 -174803.68773960 -0.00000000
1.6000000000000008 230393.25856099 -159258.71331363 -0.00000000
1.6500000000000008 202087.77161533 -140635.09868543 -0.00000000
1.7000000000000008 180897.62211253 -121065.53461618 -0.00000000
1.7500000000000009 169132.47915965 -102673.26291648 -0.00000000
1.800000000000001 167617.07156518 -87338.27489855 -0.00000000
1.850000000000001 175713.68836764 -76503.52247255 -0.00000000
1.900000000000001 191546.35632900 -71041.49159075 -0.00000000
1.950000000000001 212369.20572356 -71192.35365562 -0.00000000
2.000000000000001 235012.16737536 -76575.24728014 -0.00000000
2.0500000000000007 256339.03098422 -86265.69899432 -0.00000000
2.1000000000000005 273660.90878443 -98925.83994675 -0.00000000
2.1500000000000004 285059.02980676 -112970.16761526 -0.00000000
2.2 289583.34852155 -126747.89734676 -0.00000000
2.25 287308.34687794 -138722.92388017 -0.00000000
2.3 279244.98589956 -147633.64957210 -0.00000000
2.3499999999999996 267127.01617258 -152617.26981725 -0.00000000
2.3999999999999995 253108.07255489 -153286.58374422 -0.00000000
2.4499999999999993 239419.29483946 -149752.07018564 -0.00000000
2.499999999999999 228041.80162312 -142587.65585940 -0.00000000
2.549999999999999 220442.75317075 -132744.94795195 -0.00000000
2.5999999999999988 217410.60696792 -121427.17629720 -0.00000000
2.6499999999999986 219006.68152450 -109939.28067025 -0.00000000
2.6999999999999984 224625.93370820 -99532.55755714 -0.00000000
2.7499999999999982 233152.82550193 -91264.02201467 -0.00000000
2.799999999999998 243172.11650875 -85885.46130110 -0.00000000
2.849999999999998 253196.14601987 -83774.02104927 -0.00000000
2.8999999999999977 261885.12312071 -84911.64575572 -0.00000000
2.9499999999999975 268222.46767306 -88910.42130371 -0.00000000
2.9999999999999973 271626.91573423 -95078.05441062 -0.00000000
3.049999999999997 271993.39206864 -102513.69206511 -0.00000000
3.099999999999997 269663.72568979 -110221.61925079 -0.00000000
3.149999999999997 265336.73507193 -117229.37041977 -0.00000000
3.1999999999999966 259934.81605295 -122697.22906920 -0.00000000
3.2499999999999964 254449.29364556 -126007.59740389 -0.00000000
3.2999999999999963 249788.72709572 -126825.18621163 -0.00000000
3.349999999999996 246652.51984517 -125122.24519820 -0.00000000
3.399999999999996 245446.84457821 -121166.96640994 -0.00000000
3.4499999999999957 246252.28392430 -115477.51881681 -0.00000000
3.4999999999999956 248843.86417702 -108748.30009185 -0.00000000
3.5499999999999954 252755.59316956 -101758.30363774 -0.00000000
3.599999999999995 257375.12842679 -95273.53022439 -0.00000000
3.649999999999995 262050.70285825 -89955.73307220 -0.00000000
3.699999999999995 266192.56299619 -86288.48680728 -0.00000000
3.7499999999999947 269354.29536590 -84528.81735767 -0.00000000
3.7999999999999945 271284.12629002 -84688.88502704 -0.00000000
3.8499999999999943 271941.93245792 -86548.20201782 -0.00000000
3.899999999999994 271483.20911328 -89693.18225568 -0.00000000
3.949999999999994 270215.63359997 -93577.74686481 -0.00000000
3.999999999999994 268537.60089256 -97596.56307403 -0.00000000
4.049999999999994 266869.68449634 -101161.54401508 -0.00000000
4.099999999999993 265589.71480020 -103772.38528878 -0.00000000
4.149999999999993 264980.59612278 -105073.02420031 -0.00000000
4.199999999999993 265198.35270180 -104887.98344709 -0.00000000
4.249999999999993 266261.22731628 -103234.57243268 -0.00000000
4.299999999999993 268058.95781886 -100310.35571046 -0.00000000
4.3499999999999925 270383.82110138 -96459.30586863 -0.00000000
4.399999999999992 272972.77565287 -92120.96608909 -0.00000000
4.449999999999992 275553.96164165 -87770.00424057 -0.00000000
4.499999999999992 277889.35050883 -83854.37333859 -0.00000000
4.549999999999992 279807.10474324 -80740.72388531 -0.00000000
4.599999999999992 281222.35447225 -78671.49423030 -0.00000000
4.6499999999999915 282138.69447228 -77740.94557863 -0.00000000
4.699999999999991 282635.48421991 -77892.10455675 -0.00000000
4.749999999999991 282854.48941244 -78933.30174004 -0.00000000
4.799999999999991 282969.67750248 -80570.57873385 -0.00000000
4.849999999999991 283156.77703604 -82451.25472750 -0.00000000
4.899999999999991 283563.82754940 -84211.92696491 -0.00000000
4.94999999999999 284290.92623911 -85525.62253356 -0.00000000
4.99999999999999 285382.14635908 -86141.95872629 -0.00000000
5.04999999999999 286825.75089858 -85915.44142895 -0.00000000
5.09999999999999 288562.22945583 -84818.62490837 -0.00000000
5.14999999999999 290498.38692424 -82938.90553374 -0.00000000
5.1999999999999895 292524.58648960 -80460.29599274 -0.00000000
5.249999999999989 294533.04652306 -77633.55488989 -0.00000000
5.299999999999989 296434.14227058 -74739.18832187 -0.00000000
5.349999999999989 298168.17642666 -72048.60630201 -0.00000000
5.399999999999989 299711.39968321 -69788.76249423 -0.00000000
5.449999999999989 301075.94858787 -68114.77748674 -0.00000000
5.4999999999999885 302304.25412873 -67093.68380465 -0.00000000
5.549999999999988 303459.29606742 -66700.84312720 -0.00000000
5.599999999999988 304612.58571326 -66828.86759029 -0.00000000
5.649999999999988 305832.11148393 -67307.19028612 -0.00000000
5.699999999999988 307172.25650295 -67929.03910693 -0.00000000
5.749999999999988 308667.09255141 -68481.75731712 -0.00000000
5.799999999999987 310327.88634317 -68776.29745652 -0.00000000
5.849999999999987 312144.96427386 -68671.99027157 -0.00000000
5.899999999999987 314092.70773457 -68092.22069218 -0.00000000
5.949999999999987 316135.90193073 -67029.88653652 -0.00000000
5.999999999999987 318237.12675939 -65545.14942667 -0.00000000
6.0499999999999865 320364.32240732 -63752.33151069 -0.00000000
6.099999999999986 322496.27416330 -61799.33273270 -0.00000000
6.149999999999986 324624.45375922 -59846.24258128 -0.00000000
6.199999999999986 326752.19785704 -58043.67082423 -0.00000000
6.249999999999986 328891.75010311 -56512.79011785 -0.00000000
6.299999999999986 331059.03622550 -55329.72608161 -0.00000000
6.349999999999985 333269.73275713 -54517.55959279 -0.00000000
6.399999999999985 335536.26355805 -54046.60567402 -0.00000000
6.449999999999985 337867.44148162 -53841.94495162 -0.00000000
6.499999999999985 340280.21347708 -53805.16149227 -0.00000000
6.549999999999985 342802.46479482 -53835.13558595 -0.00000000
6.5999999999999845 345442.39594859 -53809.93213835 -0.00000000
6.649999999999984 348212.88421371 -53616.73525927 -0.00000000
6.699999999999984 351123.38119914 -53175.78173347 -0.00000000
6.749999999999984 354171.32609791 -52450.80066828 -0.00000000
6.799999999999984 357347.47662933 -51454.29952089 -0.00000000
6.849999999999984 360648.52938053 -50245.40089591 -0.00000000
6.8999999999999835 364054.80326408 -48907.35341786 -0.00000000
6.949999999999983 367522.63264476 -47529.49625445 -0.00000000
6.999999999999983 371002.57390386 -46199.20704565 -0.00000000
7.049999999999983 374461.59261444 -44992.01581326 -0.00000000
7.099999999999983 377895.73008397 -43962.51216460 -0.00000000
7.149999999999983 381325.07910337 -43140.43479009 -0.00000000
7.199999999999982 384785.19445898 -42526.60403521 -0.00000000
7.249999999999982 388316.59118974 -42092.51763312 -0.00000000
7.299999999999982 391953.07199773 -41785.65819067 -0.00000000
7.349999999999982 395709.91837112 -41538.49429220 -0.00000000
7.399999999999982 399581.93157820 -41280.60845272 -0.00000000
7.4499999999999815 403580.15231721 -40954.53960475 -0.00000000
7.499999999999981 407727.36026371 -40524.22844531 -0.00000000
7.549999999999981 411986.14464906 -39971.70109065 -0.00000000
7.599999999999981 416310.61117127 -39301.63022109 -0.00000000
7.649999999999981 420675.45651349 -38542.28841636 -0.00000000
7.699999999999981 425095.08739764 -37737.74428017 -0.00000000
7.7499999999999805 429579.96706343 -36935.90918136 -0.00000000
7.79999999999998 434107.21283059 -36171.16417831 -0.00000000
7.84999999999998 438601.94941116 -35457.58011641 -0.00000000
7.89999999999998 443081.70042498 -34857.90385002 -0.00000000
7.94999999999998 447601.94507661 -34436.83872940 -0.00000000
7.99999999999998 452191.66958445 -34210.62154444 -0.00000000
8.04999999999998 456855.95246839 -34147.36774842 -0.00000000
8.09999999999998 461610.70022438 -34184.94773813 -0.00000000
8.14999999999998 466534.27846005 -34282.16860460 -0.00000000
8.199999999999982 471689.56382821 -34403.91426541 -0.00000000
8.249999999999982 477075.45495974 -34510.64142936 -0.00000000
8.299999999999983 482662.76370822 -34583.05867459 -0.00000000
8.349999999999984 488396.21827635 -34603.48720075 -0.00000000
8.399999999999984 494202.49290737 -34567.34239851 -0.00000000
8.449999999999985 499973.12201357 -34475.06390404 -0.00000000
8.499999999999986 505629.45959748 -34333.48964144 -0.00000000
8.549999999999986 511244.75593678 -34197.38460693 -0.00000000
8.599999999999987 516880.24489265 -34106.40271776 -0.00000000
8.649999999999988 522550.88076024 -34102.25061055 -0.00000000
8.699999999999989 528039.39788875 -34189.19935182 -0.00000000
8.74999999999999 533228.84493512 -34388.98192839 -0.00000000
8.79999999999999 538133.51345234 -34699.94200919 -0.00000000
8.84999999999999 542928.58249368 -35114.32088539 -0.00000000
8.899999999999991 547795.78534402 -35635.29144388 -0.00000000
8.949999999999992 552826.46265991 -36253.32418650 -0.00000000
8.999999999999993 557971.86571902 -36889.76220512 -0.00000000
9.049999999999994 563304.13581382 -37489.13165909 -0.00000000
9.099999999999994 568846.63266545 -38033.35815630 -0.00000000
9.149999999999995 574577.70183004 -38539.28125401 -0.00000000
9.199999999999996 580410.08614117 -39033.94146294 -0.00000000
9.249999999999996 586171.37602901 -39529.23388174 -0.00000000
9.299999999999997 591629.29459946 -40013.95731027 -0.00000000
9.349999999999998 596571.62175906 -40476.91693884 -0.00000000
9.399999999999999 600932.96066668 -40923.73955629 -0.00000000
9.45 604868.98838420 -41433.61435732 -0.00000000
9.5 608275.87925131 -41927.17242080 -0.00000000
9.55 611143.83790356 -42361.82170292 -0.00000000
9.600000000000001 613508.31767587 -42755.15009209 -0.00000000
9.650000000000002 615469.14581143 -43167.34582067 -0.00000000
9.700000000000003 617199.14285581 -43537.88841666 -0.00000000
9.750000000000004 618850.25768225 -43829.94290684 -0.00000000
9.800000000000004 620519.31285557 -44030.10554952 -0.00000000
9.850000000000005 622307.72026702 -44139.22092950 -0.00000000
9.900000000000006 624202.81473916 -44160.98014125 -0.00000000
9.950000000000006 626144.15734261 -44105.65588221 -0.00000000
10.000000000000007 628089.72963731 -43990.34049843 -0.00000000
10.050000000000008 567169.19711185 -21191.34695027 -0.00000000
10.100000000000009 470568.08915445 17866.48820371 -0.00000000
10.15000000000001 370143.23716532 64433.10123305 -0.00000000
10.20000000000001 293340.13229393 109249.61054917 -0.00000000
10.25000000000001 256591.90598776 144415.74505183 -0.00000000
10.300000000000011 262901.22442652 164764.18678740 -0.00000000
10.350000000000012 303490.63736675 168446.66861559 -0.00000000
10.400000000000013 362263.31179199 156760.90093377 -0.00000000
10.450000000000014 421251.59766460 133434.79948831 -0.00000000
10.500000000000014 465452.10450801 103621.10111348 -0.00000000
10.550000000000015 486055.99295396 72846.23874528 -0.00000000
10.600000000000016 481593.18022135 46087.38109857 -0.00000000
10.650000000000016 457106.28703402 27077.69680831 -0.00000000
10.700000000000017 421881.72935509 17895.07758258 -0.00000000
10.750000000000018 386503.71813157 18842.28087365 -0.00000000
10.800000000000018 360047.90475919 28595.79434306 -0.00000000
10.85000000000002 348073.02153465 44585.76771510 -0.00000000
10.90000000000002 351783.12111458 63527.96560821 -0.00000000
10.95000000000002 368425.05717948 82015.75721283 -0.00000000
11.000000000000021 392555.26595727 97060.88592741 -0.00000000
11.050000000000022 417765.12784833 106520.05436422 -0.00000000
11.100000000000023 438378.41262189 109338.15310166 -0.00000000
11.150000000000023 450677.49421452 105610.08079529 -0.00000000
11.200000000000024 453459.22212180 96445.77661293 -0.00000000
11.250000000000025 447908.37020289 83694.71578742 -0.00000000
11.300000000000026 436929.15399493 69586.58218123 -0.00000000
11.350000000000026 424180.61971565 56357.46393426 -0.00000000
11.400000000000027 413123.99594817 45893.89990273 -0.00000000
11.450000000000028 406283.20680698 39491.35964783 -0.00000000
11.500000000000028 404833.14433088 37717.95540618 -0.00000000
11.55000000000003 408553.20561863 40358.57664330 -0.00000000
11.60000000000003 416137.31640544 46503.02555079 -0.00000000
11.65000000000003 425591.61523634 54758.34268354 -0.00000000
11.700000000000031 434746.61520072 63516.36312753 -0.00000000
11.750000000000032 441794.59713928 71226.32955888 -0.00000000
11.800000000000033 445618.42569953 76634.56040778 -0.00000000
11.850000000000033 445870.15901768 78971.70439949 -0.00000000
11.900000000000034 442965.72975224 78027.64397784 -0.00000000
11.950000000000035 437864.74536143 74145.47956344 -0.00000000
12.000000000000036 431778.38517133 68116.95666608 -0.00000000
12.050000000000036 425880.89616577 61014.22965631 -0.00000000
12.100000000000037 421080.54410071 53990.92243966 -0.00000000
12.150000000000038 417872.97480199 48089.51619314 -0.00000000
12.200000000000038 416327.73514291 44083.75318588 -0.00000000
12.250000000000039 416142.37575687 42383.92924572 -0.00000000
12.30000000000004 416770.21573874 42994.81867086 -0.00000000
12.35000000000004 417579.75251747 45548.40738605 -0.00000000
12.400000000000041 418022.32073606 49383.64804884 -0.00000000
12.450000000000042 417750.77509291 53648.07249209 -0.00000000
12.500000000000043 416603.61154960 57536.54306026 -0.00000000
12.550000000000043 414622.52328028 60379.72665621 -0.00000000
12.600000000000044 412002.72305643 61738.00188278 -0.00000000
12.650000000000045 409028.86479784 61452.10841110 -0.00000000
12.700000000000045 406012.68885888 59646.13859614 -0.00000000
12.750000000000046 403236.56561045 56672.98216535 -0.00000000
12.800000000000047 400904.70302338 53044.95805053 -0.00000000
12.850000000000048 399134.67452511 49352.16347301 -0.00000000
12.900000000000048 397949.77526923 46146.00325077 -0.00000000
12.950000000000049 397290.08058247 43840.38213316 -0.00000000
13.00000000000005 397034.88167611 42670.34460411 -0.00000000
13.05000000000005 397033.62604445 42674.74714444 -0.00000000
13.100000000000051 397142.06262643 43708.54309355 -0.00000000
13.150000000000052 397250.26045764 45473.94963380 -0.00000000
13.200000000000053 397303.65291398 47577.52808305 -0.00000000
13.250000000000053 397306.38544050 49603.49496908 -0.00000000
13.300000000000054 397315.28202460 51182.35374615 -0.00000000
13.350000000000055 397435.99655751 52056.11236890 -0.00000000
13.400000000000055 397765.69070506 52102.68675541 -0.00000000
13.450000000000056 398356.94429603 51344.02255847 -0.00000000
13.500000000000057 399219.98268833 49934.07609580 -0.00000000
13.550000000000058 400324.40824563 48123.60012699 -0.00000000
13.600000000000058 401610.76207178 46207.32257303 -0.00000000
13.650000000000059 403010.32860896 44469.21625645 -0.00000000
13.70000000000006 404462.79300586 43136.17037269 -0.00000000
13.75000000000006 405926.32466099 42346.37003646 -0.00000000
13.800000000000061 407378.81662269 42135.67946838 -0.00000000
13.850000000000062 408812.35679914 42442.02250533 -0.00000000
13.900000000000063 410223.85588254 43125.24691701 -0.00000000
13.950000000000063 411604.63152300 43997.79855141 -0.00000000
14.000000000000064 412932.53473432 44859.74211580 -0.00000000
14.050000000000065 414168.11917197 45533.30860392 -0.00000000
14.100000000000065 415254.02753842 45894.26022560 -0.00000000
14.150000000000066 416142.06036915 45871.91584413 -0.00000000
14.200000000000067 416796.03341182 45464.93452842 -0.00000000
14.250000000000068 417184.05160899 44742.84352308 -0.00000000
14.300000000000068 417301.72596202 43821.36095686 -0.00000000
14.350000000000069 417188.70110470 42832.39212647 -0.00000000
14.40000000000007 416895.73854257 41909.06188797 -0.00000000
14.45000000000007 416478.09612615 41164.44716121 -0.00000000
14.500000000000071 415976.96878921 40676.82812112 -0.00000000
14.550000000000072 415419.45135832 40478.79179648 -0.00000000
14.600000000000072 414831.06103513 40550.46587651 -0.00000000
14.650000000000073 414220.32532168 40830.80162873 -0.00000000
14.700000000000074 413580.09738460 41228.40081433 -0.00000000
14.750000000000075 412897.30494877 41635.52370028 -0.00000000
14.800000000000075 412149.61179494 41951.61207964 -0.00000000
14.850000000000076 411308.06868711 42102.00901711 -0.00000000
14.900000000000077 410340.76832043 42049.09344818 -0.00000000
14.950000000000077 409226.36118780 41794.88635041 -0.00000000
15.000000000000078 407964.29147270 41376.25317007 -0.00000000
15.050000000000079 406570.15299064 40853.77313616 -0.00000000
15.10000000000008 405069.44808342 40298.09465019 -0.00000000
15.15000000000008 403506.36858533 39779.35403909 -0.00000000
15.200000000000081 401930.28597437 39353.51000142 -0.00000000
15.250000000000082 400383.90501243 39054.97946301 -0.00000000
15.300000000000082 398893.94825090 38895.47089407 -0.00000000
15.350000000000083 397466.96371664 38865.80565416 -0.00000000
15.400000000000084 396092.23713679 38939.74063888 -0.00000000
15.450000000000085 394750.88288004 39079.17899590 -0.00000000
15.500000000000085 393424.27556629 39240.60902536 -0.00000000
15.550000000000086 392096.26982974 39382.75341815 -0.00000000
15.600000000000087 390756.41165897 39472.55290948 -0.00000000
15.650000000000087 389403.89248833 39488.63524060 -0.00000000
15.700000000000088 388046.91483971 39423.28000571 -0.00000000
15.750000000000089 386699.12796855 39282.47629875 -0.00000000
15.80000000000009 385384.89626675 39085.20098593 -0.00000000
15.85000000000009 384135.59080413 38860.06190057 -0.00000000
15.900000000000091 382977.81327584 38637.80335299 -0.00000000
15.950000000000092 381927.74870502 38447.28750517 -0.00000000
16.000000000000092 380988.69930430 38310.69958427 -0.00000000
16.050000000000093 380153.10122983 38239.82249217 -0.00000000
16.100000000000094 379406.82000317 38234.90799924 -0.00000000
16.150000000000095 378734.06004375 38285.79215693 -0.00000000
16.200000000000095 378121.53186656 38374.52471693 -0.00000000
16.250000000000096 377560.93655935 38478.83849171 -0.00000000
16.300000000000097 377049.40744277 38575.86574649 -0.00000000
16.350000000000097 376588.03070807 38645.55227792 -0.00000000
16.400000000000098 376179.18517546 38673.34052747 -0.00000000
16.4500000000001 375824.89036878 38651.87094963 -0.00000000
16.5000000000001 375527.79720798 38581.47303799 -0.00000000
16.5500000000001 375291.28463694 38469.57634980 -0.00000000
16.6000000000001 375117.56485186 38329.20903888 -0.00000000
16.6500000000001 375005.57296577 38176.70186900 -0.00000000
16.700000000000102 374949.51690422 38028.92995595 -0.00000000
16.750000000000103 374940.96046014 37900.21107678 -0.00000000
16.800000000000104 374970.59215474 37800.78268494 -0.00000000
16.850000000000104 375028.49511303 37735.84954615 -0.00000000
16.900000000000105 375105.18956080 37704.57541692 -0.00000000
16.950000000000106 375193.91511991 37699.71829831 -0.00000000
17.000000000000107 375297.62924930 37708.61895568 -0.00000000
17.050000000000107 375419.01189389 37717.15071409 -0.00000000
17.100000000000108 375557.46500971 37713.00888147 -0.00000000
17.15000000000011 375707.27841254 37686.70782061 -0.00000000
17.20000000000011 375862.90863940 37631.04498044 -0.00000000
17.25000000000011 376021.09317407 37544.74198386 -0.00000000
17.30000000000011 376180.40832540 37427.83458957 -0.00000000
17.35000000000011 376336.97810042 37283.55368800 -0.00000000
17.400000000000112 376483.13695949 37118.80708748 -0.00000000
17.450000000000113 376610.28749005 36943.86036115 -0.00000000
17.500000000000114 376709.31560917 36770.58888956 -0.00000000
17.550000000000114 376768.44049468 36610.52340629 -0.00000000
17.600000000000115 376776.44275113 36471.27516665 -0.00000000
17.650000000000116 376728.83777747 36352.38422449 -0.00000000
17.700000000000117 376626.54408706 36248.41376145 -0.00000000
17.750000000000117 376475.01454920 36151.17753952 -0.00000000
17.800000000000118 376282.27520601 36052.05663363 -0.00000000
17.85000000000012 376056.42700212 35943.90735632 -0.00000000
17.90000000000012 375803.43836053 35822.25699191 -0.00000000
17.95000000000012 375525.90963275 35685.73172867 -0.00000000
18.00000000000012 375223.05583644 35535.84162049 -0.00000000
18.05000000000012 374891.49902034 35376.38700573 -0.00000000
18.100000000000122 374525.71333787 35212.68735597 -0.00000000
18.150000000000123 374117.26239454 35050.47321614 -0.00000000
18.200000000000124 373660.44966108 34894.66593733 -0.00000000
18.250000000000124 373158.51245197 34748.73287111 -0.00000000
18.300000000000125 372620.78426589 34614.55843638 -0.00000000
18.350000000000126 372059.79521699 34492.64410186 -0.00000000
18.400000000000126 371488.69546214 34382.41335790 -0.00000000
18.450000000000127 370918.74928801 34282.61960702 -0.00000000
18.500000000000128 370357.53073934 34191.79145037 -0.00000000
18.55000000000013 369808.57102875 34108.58288759 -0.00000000
18.60000000000013 369271.63469431 34031.57808363 -0.00000000
18.65000000000013 368743.13611384 33958.89825682 -0.00000000
18.70000000000013 368218.13201543 33888.79896016 -0.00000000
18.75000000000013 367692.30779831 33820.26488335 -0.00000000
18.800000000000132 367163.18952952 33753.23551168 -0.00000000
18.850000000000133 366630.55496117 33688.52380169 -0.00000000
18.900000000000134 366096.24420121 33627.51979097 -0.00000000
18.950000000000134 365563.79451774 33571.82550809 -0.00000000
19.000000000000135 365037.88661615 33522.94811694 -0.00000000
19.050000000000136 364523.32098947 33482.06962719 -0.00000000
19.100000000000136 364024.91005715 33449.72909449 -0.00000000
19.150000000000137 363548.17887490 33425.46572568 -0.00000000
19.200000000000138 363098.44163062 33407.60336210 -0.00000000
19.25000000000014 362679.12301075 33393.01168040 -0.00000000
19.30000000000014 362290.58169020 33379.51779497 -0.00000000
19.35000000000014 361930.64847989 33367.21529509 -0.00000000
19.40000000000014 361595.58821558 33356.49704668 -0.00000000
19.45000000000014 361280.91581015 33347.20602018 -0.00000000
19.500000000000142 360982.37129299 33338.80686320 -0.00000000
19.550000000000143 360696.71353250 33330.61426019 -0.00000000
19.600000000000144 360422.19135195 33322.02131437 -0.00000000
19.650000000000144 360158.61511948 33312.71018635 -0.00000000
19.700000000000145 359907.03602520 33302.74956205 -0.00000000
19.750000000000146 359669.15334495 33292.54251081 -0.00000000
19.800000000000146 359446.64236248 33282.66766560 -0.00000000
19.850000000000147 359240.58665564 33273.68586062 -0.00000000
19.900000000000148 359051.13368267 33265.97276041 -0.00000000
19.95000000000015 358877.47391444 33259.60335268 -0.00000000
20.00000000000015 358718.27781568 33254.28744172 -0.00000000
20.05000000000015 358572.35109404 33249.38954593 -0.00000000
20.10000000000015 358438.85286105 33244.06998052 -0.00000000
20.15000000000015 358316.98910838 33237.49203229 -0.00000000
20.200000000000152 358205.32612355 33229.16782442 -0.00000000
20.250000000000153 358100.87980557 33219.43424264 -0.00000000
20.300000000000153 358001.40165957 33207.88680061 -0.00000000
20.350000000000154 357905.65418567 33193.48102807 -0.00000000
20.400000000000155 357812.72068664 33175.33253369 -0.00000000
20.450000000000156 357721.96049586 33152.92447855 -0.00000000
20.500000000000156 357632.78583049 33126.01685261 -0.00000000
20.550000000000157 357544.00666445 33094.22428100 -0.00000000
20.600000000000158 357453.40905813 33057.58861116 -0.00000000
20.65000000000016 357358.29644985 33017.05263654 -0.00000000
20.70000000000016 357257.74968324 32973.90147725 -0.00000000
20.75000000000016 357152.09162108 32929.42859394 -0.00000000
20.80000000000016 357043.26508647 32883.67759067 -0.00000000
20.85000000000016 356932.58960621 32836.14738184 -0.00000000
20.900000000000162 356819.67585123 32786.26575434 -0.00000000
20.950000000000163 356702.04495623 32733.68107967 -0.00000000
21.000000000000163 356575.40015797 32678.38023689 -0.00000000
21.050000000000164 356434.48441707 32620.64119005 -0.00000000
21.100000000000165 356274.27216297 32560.89895113 -0.00000000
21.150000000000166 356091.14018501 32499.61942282 -0.00000000
21.200000000000166 355883.68864952 32437.23256965 -0.00000000
21.250000000000167 355652.99771820 32374.12437233 -0.00000000
21.300000000000168 355402.26689578 32310.65951325 -0.00000000
21.35000000000017 355135.96198641 32247.20025862 -0.00000000
21.40000000000017 354858.73710610 32184.09451059 -0.00000000
21.45000000000017 354574.44996134 32121.62997462 -0.00000000
21.50000000000017 354285.52495788 32059.98595778 -0.00000000
21.55000000000017 353992.77993404 31999.22441458 -0.00000000
21.600000000000172 353695.69231324 31939.32984926 -0.00000000
21.650000000000173 353392.97675442 31880.27281472 -0.00000000
21.700000000000173 353083.28503614 31822.06629965 -0.00000000
21.750000000000174 352766.04231072 31765.30905546 -0.00000000
21.800000000000175 352441.56672041 31711.36634328 -0.00000000
21.850000000000176 352110.01323361 31659.64277561 -0.00000000
21.900000000000176 351772.25420615 31609.66524749 -0.00000000
21.950000000000177 351429.87920997 31561.19454970 -0.00000000
22.000000000000178 351085.07285337 31514.24593905 -0.00000000
22.05000000000018 350740.32526011 31469.02543916 -0.00000000
22.10000000000018 350398.04955387 31425.82657677 -0.00000000
22.15000000000018 350060.22249056 31384.93384632 -0.00000000
22.20000000000018 349728.14960854 31346.55988106 -0.00000000
22.25000000000018 349402.40505977 31310.82062844 -0.00000000
22.300000000000182 349082.93820617 31277.73781207 -0.00000000
22.350000000000183 348769.29633312 31247.25410752 -0.00000000
22.400000000000183 348460.89410797 31219.25083539 -0.00000000
22.450000000000184 348157.26273309 31193.56476559 -0.00000000
22.500000000000185 347858.22882400 31170.00577351 -0.00000000
22.550000000000185 347563.99740986 31148.37878237 -0.00000000
22.600000000000186 347275.13546594 31128.51034431 -0.00000000
22.650000000000187 346992.46848871 31110.27414646 -0.00000000
22.700000000000188 346716.91605927 31093.60576146 -0.00000000
22.75000000000019 346449.30571521 31078.49942877 -0.00000000
22.80000000000019 346190.21222786 31064.98699785 -0.00000000
22.85000000000019 345939.86292288 31053.10578096 -0.00000000
22.90000000000019 345698.12899275 31042.86485299 -0.00000000
22.95000000000019 345464.59701823 31034.21885686 -0.00000000
23.000000000000192 345238.69346057 31027.05550825 -0.00000000
23.050000000000193 345019.82344560 31021.19855488 -0.00000000
23.100000000000193 344807.48660393 31016.42381399 -0.00000000
23.150000000000194 344601.34436300 31012.48325736 -0.00000000
23.200000000000195 344401.22928595 31009.13111932 -0.00000000
23.250000000000195 344207.10285640 31006.14651208 -0.00000000
23.300000000000196 344018.97983978 31003.34859863 -0.00000000
23.350000000000197 343836.84289433 31000.60243585 -0.00000000
23.400000000000198 343660.57011166 30997.81567323 -0.00000000
23.4500000000002 343489.89175951 30994.92798123 -0.00000000
23.5000000000002 343324.38279193 30991.89607254 -0.00000000
23.5500000000002 343163.48783679 30988.67756899 -0.00000000
23.6000000000002 343006.56826972 30985.21699183 -0.00000000
23.6500000000002 342852.95748908 30981.43657504 -0.00000000
23.700000000000202 342702.01061686 30977.23339908 -0.00000000
23.750000000000203 342553.13821545 30972.48292108 -0.00000000
23.800000000000203 342405.81905545 30967.04770415 -0.00000000
23.850000000000204 342259.59290577 30960.78927182 -0.00000000
23.900000000000205 342114.03929527 30953.58067567 -0.00000000
23.950000000000205 341968.75115131 30945.31756380 -0.00000000
24.000000000000206 341823.31245940 30935.92611877 -0.00000000
24.050000000000207 341677.28634164 30925.36696337 -0.00000000
24.100000000000207 341530.21493966 30913.63484615 -0.00000000
24.150000000000208 341381.62750880 30900.75449146 -0.00000000
24.20000000000021 341231.05138697 30886.77349622 -0.00000000
24.25000000000021 341078.02292600 30871.75384107 -0.00000000
24.30000000000021 340922.09873979 30855.76420150 -0.00000000
24.35000000000021 340762.86855884 30838.87537512 -0.00000000
24.40000000000021 340599.96975389 30821.16070084 -0.00000000
24.450000000000212 340433.10102871 30802.70117394 -0.00000000
24.500000000000213 340262.02755941 30783.58622563 -0.00000000
24.550000000000214 340086.56605592 30763.88830176 -0.00000000
24.600000000000215 339906.56133245 30743.61518403 -0.00000000
24.650000000000215 339721.89531054 30722.69580645 -0.00000000
24.700000000000216 339532.53014401 30701.01722231 -0.00000000
24.750000000000217 339338.54806221 30678.47734013 -0.00000000
24.800000000000217 339140.16398068 30655.02750437 -0.00000000
24.850000000000218 338937.70737781 30630.69671056 -0.00000000
24.90000000000022 338731.58106685 30605.59632261 -0.00000000
24.95000000000022 338522.20971885 30579.90748885 -0.00000000
25.00000000000022 338309.99184327 30553.85589984 -0.00000000
25.05000000000022 338095.26616181 30527.68012122 -0.00000000
25.10000000000022 337878.29824498 30501.60018076 -0.00000000
25.150000000000222 337659.28754819 30475.79232098 -0.00000000
25.200000000000223 337438.39009439 30450.37405281 -0.00000000
25.250000000000224 337215.74919209 30425.40135710 -0.00000000
25.300000000000225 336991.52608456 30400.87754422 -0.00000000
25.350000000000225 336765.92348207 30376.77103852 -0.00000000
25.400000000000226 336539.19706835 30353.03764909 -0.00000000
25.450000000000227 336311.65321888 30329.64233223 -0.00000000
25.500000000000227 336083.63449713 30306.57605310 -0.00000000
25.550000000000228 335855.49707948 30283.86478925 -0.00000000
25.60000000000023 335627.58560596 30261.56960556 -0.00000000
25.65000000000023 335400.21093487 30239.77865206 -0.00000000
25.70000000000023 335173.63506502 30218.59350037 -0.00000000
25.75000000000023 334948.06549249 30198.11316337 -0.00000000
25.80000000000023 334723.65901798 30178.41930890 -0.00000000
25.850000000000232 334500.53297111 30159.56557909 -0.00000000
25.900000000000233 334278.78030063 30141.57269004 -0.00000000
25.950000000000234 334058.48442934 30124.42953093 -0.00000000
26.000000000000234 333839.73042845 30108.09928177 -0.00000000
26.050000000000235 333622.61047951 30092.52874795 -0.00000000
26.100000000000236 333407.22348175 30077.65846787 -0.00000000
26.150000000000237 333193.66863989 30063.43283129 -0.00000000
26.200000000000237 332982.03816855 30049.80598242 -0.00000000
26.250000000000238 332772.40896432 30036.74549012 -0.00000000
26.30000000000024 332564.83691883 30024.23226922 -0.00000000
26.35000000000024 332359.35464354 30012.25744629 -0.00000000
26.40000000000024 332155.97238609 30000.81706116 -0.00000000
26.45000000000024 331954.68097668 29989.90583126 -0.00000000
26.50000000000024 331755.45530781 29979.51132317 -0.00000000
26.550000000000242 331558.25716045 29969.60975527 -0.00000000
26.600000000000243 331363.03686493 29960.16429112 -0.00000000
26.650000000000244 331169.73384959 29951.12605940 -0.00000000
26.700000000000244 330978.27643956 29942.43744399 -0.00000000
26.750000000000245 330788.58145222 29934.03672169 -0.00000000
26.800000000000246 330600.55418198 29925.86297489 -0.00000000
26.850000000000247 330414.08919765 29917.86030882 -0.00000000
26.900000000000247 330229.07203314 29909.98067486 -0.00000000
26.950000000000248 330045.38146801 29902.18495999 -0.00000000
27.00000000000025 329862.89182015 29894.44237067 -0.00000000
27.05000000000025 329681.47462647 29886.72845285 -0.00000000
27.10000000000025 329500.99930817 29879.02231244 -0.00000000
27.15000000000025 329321.33283484 29871.30371587 -0.00000000
27.20000000000025 329142.33881915 29863.55072469 -0.00000000
27.250000000000252 328963.87662838 29855.73829242 -0.00000000
27.300000000000253 328785.80096302 29847.83790138 -0.00000000
27.350000000000254 328607.96221714 29839.81810825 -0.00000000
27.400000000000254 328430.20783384 29831.64581947 -0.00000000
27.450000000000255 328252.38461242 29823.28804703 -0.00000000
27.500000000000256 328074.34161215 29814.71380664 -0.00000000
27.550000000000257 327895.93312665 29805.89580574 -0.00000000
27.600000000000257 327717.02123093 29796.81164345 -0.00000000
27.650000000000258 327537.47757976 29787.44437480 -0.00000000
27.70000000000026 327357.18437784 29777.78243673 -0.00000000
27.75000000000026 327176.03466187 29767.81905594 -0.00000000
27.80000000000026 326993.93216111 29757.55132955 -0.00000000
27.85000000000026 326810.79100765 29746.97917432 -0.00000000
27.90000000000026 326626.53549262 29736.10430569 -0.00000000
27.950000000000262 326441.10002763 29724.92940725 -0.00000000
28.000000000000263 326254.42947647 29713.45767878 -0.00000000
28.050000000000264 326066.47989305 29701.69286598 -0.00000000
28.100000000000264 325877.21945818 29689.63968488 -0.00000000
28.150000000000265 325686.62929631 29677.30443388 -0.00000000
28.200000000000266 325494.70392258 29664.69558512 -0.00000000
28.250000000000266 325301.45120861 29651.82419958 -0.00000000
28.300000000000267 325106.89188216 29638.70407549 -0.00000000
28.350000000000268 324911.05866609 29625.35160482 -0.00000000
28.40000000000027 324713.99520624 29611.78536971 -0.00000000
28.45000000000027 324515.75493926 29598.02555383 -0.00000000
28.50000000000027 324316.40002081 29584.09326727 -0.00000000
28.55000000000027 324116.00038744 29570.00988844 -0.00000000
28.60000000000027 323914.63298047 29555.79651708 -0.00000000
28.650000000000272 323712.38112610 29541.47361256 -0.00000000
28.700000000000273 323509.33403496 29527.06085451 -0.00000000
28.750000000000274 323305.58633931 29512.57719738 -0.00000000
28.800000000000274 323101.23754807 29498.04102116 -0.00000000
28.850000000000275 322896.39132766 29483.47026694 -0.00000000
28.900000000000276 322691.15459576 29468.88249514 -0.00000000
28.950000000000276 322485.63652639 29454.29485560 -0.00000000
29.000000000000277 322279.94749304 29439.72398141 -0.00000000
29.050000000000278 322074.19804591 29425.18582492 -0.00000000
29.10000000000028 321868.49796536 29410.69545793 -0.00000000
29.15000000000028 321662.95540374 29396.26686158 -0.00000000
29.20000000000028 321457.67612472 29381.91273145 -0.00000000
29.25000000000028 321252.76283698 29367.64432030 -0.00000000
29.30000000000028 321048.31461432 29353.47133344 -0.00000000
29.350000000000282 320844.42639267 29339.40188202 -0.00000000
29.400000000000283 320641.18853269 29325.44248932 -0.00000000
29.450000000000284 320438.68643414 29311.59813341 -0.00000000
29.500000000000284 320237.00018208 29297.87229942 -0.00000000
29.550000000000285 320036.20420350 29284.26701064 -0.00000000
29.600000000000286 319836.36692748 29270.78282116 -0.00000000
29.650000000000286 319637.55047948 29257.41878822 -0.00000000
29.700000000000287 319439.81047214 29244.17247596 -0.00000000
29.750000000000288 319243.19594066 29231.04003723 -0.00000000
29.80000000000029 319047.74941748 29218.01637965 -0.00000000
29.85000000000029 318853.50709734 29205.09538372 -0.00000000
29.90000000000029 318660.49903728 29192.27012946 -0.00000000
29.95000000000029 318468.74935417 29179.53309511 -0.00000000
30.00000000000029 318278.27640493 29166.87630544 -0.00000000
30.050000000000292 318089.09295094 29154.29141975 -0.00000000
30.100000000000293 317901.20631597 29141.76976141 -0.00000000
30.150000000000293 317714.61854808 29129.30229909 -0.00000000
30.200000000000294 317529.32659272 29116.87959670 -0.00000000
30.250000000000295 317345.32247949 29104.49175168 -0.00000000
30.300000000000296 317162.59352107 29092.12834142 -0.00000000
30.350000000000296 316981.12252205 29079.77839485 -0.00000000
30.400000000000297 316800.88800079 29067.43040605 -0.00000000
30.450000000000298 316621.86444500 29055.07241608 -0.00000000
30.5000000000003 316444.02264936 29042.69221034 -0.00000000
30.5500000000003 316267.33018320 29030.27767505 -0.00000000
30.6000000000003 316091.75194429 29017.81725906 -0.00000000
30.6500000000003 315917.25063663 29005.30035569 -0.00000000
30.7000000000003 315743.78705594 28992.71745043 -0.00000000
30.750000000000302 315571.32023115 28980.06004471 -0.00000000
30.800000000000303 315399.80754327 28967.32045850 -0.00000000
30.850000000000303 315229.20490582 28954.49160370 -0.00000000
30.900000000000304 315059.46703324 28941.56678658 -0.00000000
30.950000000000305 314890.54778558 28928.53957287 -0.00000000
31.000000000000306 314722.40056038 28915.40373362 -0.00000000
31.050000000000306 314554.97869793 28902.15327638 -0.00000000
31.100000000000307 314388.23587034 28888.78255389 -0.00000000
31.150000000000308 314222.12643384 28875.28643134 -0.00000000
31.20000000000031 314056.60573529 28861.66048601 -0.00000000
31.25000000000031 313891.63037515 28847.90120865 -0.00000000
31.30000000000031 313727.15843791 28834.00617526 -0.00000000
31.35000000000031 313563.14970282 28819.97415664 -0.00000000
31.40000000000031 313399.56584113 28805.80513161 -0.00000000
31.450000000000312 313236.37060520 28791.50017923 -0.00000000
31.500000000000313 313073.53004207 28777.06126960 -0.00000000
31.550000000000313 312911.01280328 28762.49103332 -0.00000000
31.600000000000314 312748.79059985 28747.79259611 -0.00000000
31.650000000000315 312586.83876486 28732.96950747 -0.00000000
31.700000000000315 312425.13682070 28718.02574185 -0.00000000
31.750000000000316 312263.66894190 28702.96573918 -0.00000000
31.800000000000317 312102.42423380 28687.79445829 -0.00000000
31.850000000000318 311941.39678676 28672.51742375 -0.00000000
31.90000000000032 311780.58550647 28657.14075302 -0.00000000
31.95000000000032 311619.99376043 28641.67116251 -0.00000000
32.00000000000032 311459.62891544 28626.11596828 -0.00000000
32.05000000000032 311299.50185754 28610.48310978 -0.00000000
32.100000000000314 311139.62655810 28594.78120076 -0.00000000
32.15000000000031 310980.01968124 28579.01954998 -0.00000000
32.20000000000031 310820.70018863 28563.20806894 -0.00000000
32.250000000000306 310661.68893378 28547.35704352 -0.00000000
32.3000000000003 310503.00828758 28531.47682247 -0.00000000
32.3500000000003 310344.68183964 28515.57749988 -0.00000000
32.4000000000003 310186.73419077 28499.66865167 -0.00000000
32.450000000000294 310029.19082157 28483.75916071 -0.00000000
32.50000000000029 309872.07800617 28467.85714259 -0.00000000
32.55000000000029 309715.42273542 28451.96996722 -0.00000000
32.600000000000286 309559.25261995 28436.10435814 -0.00000000
32.65000000000028 309403.59575316 28420.26654239 -0.00000000
32.70000000000028 309248.48052659 28404.46242001 -0.00000000
32.75000000000028 309093.93540006 28388.69772190 -0.00000000
32.800000000000274 308939.98863582 28372.97812932 -0.00000000
32.85000000000027 308786.66800785 28357.30933350 -0.00000000
32.90000000000027 308634.00049390 28341.69701865 -0.00000000
32.950000000000266 308482.01195212 28326.14675680 -0.00000000
33.00000000000026 308330.72678575 28310.66381604 -0.00000000
33.05000000000026 308180.16761838 28295.25291662 -0.00000000
33.10000000000026 308030.35502589 28279.91800550 -0.00000000
33.150000000000254 307881.30736543 28264.66212041 -0.00000000
33.20000000000025 307733.04070356 28249.48737098 -0.00000000
33.25000000000025 307585.56881133 28234.39502027 -0.00000000
33.300000000000246 307438.90318779 28219.38563045 -0.00000000
33.35000000000024 307293.05308402 28204.45923672 -0.00000000
33.40000000000024 307148.02551335 28189.61551912 -0.00000000
33.45000000000024 307003.82524378 28174.85394851 -0.00000000
33.500000000000234 306860.45477411 28160.17389004 -0.00000000
33.55000000000023 306717.91429882 28145.57465552 -0.00000000
33.60000000000023 306576.20166726 28131.05550457 -0.00000000
33.650000000000226 306435.31234353 28116.61560217 -0.00000000
33.70000000000022 306295.23937322 28102.25394623 -0.00000000
33.75000000000022 306155.97336285 28087.96928243 -0.00000000
33.80000000000022 306017.50247775 28073.76002373 -0.00000000
33.850000000000215 305879.81246282 28059.62418953 -0.00000000
33.90000000000021 305742.88668935 28045.55937451 -0.00000000
33.95000000000021 305606.70622923 28031.56275111 -0.00000000
34.000000000000206 305471.24995580 28017.63110331 -0.00000000
34.0500000000002 305336.49466936 28003.76088472 -0.00000000
34.1000000000002 305202.41524617 27989.94829300 -0.00000000
34.1500000000002 305068.98481351 27976.18935609 -0.00000000
34.200000000000195 304936.17496199 27962.48003772 -0.00000000
34.25000000000019 304803.95601737 27948.81638439 -0.00000000
34.30000000000019 304672.29739695 27935.19474297 -0.00000000
34.350000000000186 304541.16805287 27921.61204978 -0.00000000
34.40000000000018 304410.53695329 27908.06612541 -0.00000000
34.45000000000018 304280.37351083 27894.55585462 -0.00000000
34.50000000000018 304150.64788426 27881.08115673 -0.00000000
34.550000000000175 304021.33113937 27867.64274576 -0.00000000
34.60000000000017 303892.39529672 27854.24176027 -0.00000000
34.65000000000017 303763.81329235 27840.87936715 -0.00000000
34.700000000000166 303635.55885475 27827.55642400 -0.00000000
34.75000000000016 303507.60628997 27814.27325271 -0.00000000
34.80000000000016 303379.93017924 27801.02954599 -0.00000000
34.85000000000016 303252.50502366 27787.82440515 -0.00000000
34.900000000000155 303125.30490293 27774.65648897 -0.00000000
34.95000000000015 302998.30323211 27761.52424138 -0.00000000
35.00000000000015 302871.47269443 27748.42615792 -0.00000000
35.050000000000146 302744.78539757 27735.36104912 -0.00000000
35.10000000000014 302618.21325656 27722.32826239 -0.00000000
35.15000000000014 302491.72855945 27709.32783277 -0.00000000
35.20000000000014 302365.30463545 27696.36054556 -0.00000000
35.250000000000135 302253.73470617 27686.05391007 -0.00000000
35.30000000000013 302154.60163600 27677.44495510 -0.00000000
35.35000000000013 302059.37309792 27668.82666935 -0.00000000
35.40000000000013 301958.89393824 27658.45476137 -0.00000000
35.450000000000124 301846.80197134 27645.33506368 -0.00000000
35.50000000000012 301720.93219792 27629.43892587 -0.00000000
35.55000000000012 301583.11851066 27611.58894748 -0.00000000
35.600000000000115 301437.92790351 27593.14173667 -0.00000000
35.65000000000011 301290.96038555 27575.59448636 -0.00000000
35.70000000000011 301147.26853460 27560.21717372 -0.00000000
35.75000000000011 301010.25614546 27547.77768369 -0.00000000
35.800000000000104 300881.19576845 27538.39568030 -0.00000000
35.8500000000001 300759.32547224 27531.53639874 -0.00000000
35.9000000000001 300642.37294995 27526.13541861 -0.00000000
35.950000000000095 300527.30769376 27520.82683437 -0.00000000
36.00000000000009 300411.12356842 27514.23001545 -0.00000000
36.05000000000009 300291.48800135 27505.23785877 -0.00000000
36.10000000000009 300167.14750149 27493.24696504 -0.00000000
36.150000000000084 300038.04265735 27478.28066564 -0.00000000
36.20000000000008 299905.14966625 27460.97852083 -0.00000000
36.25000000000008 299770.11925064 27442.45589533 -0.00000000
36.300000000000075 299634.81726279 27424.06712382 -0.00000000
36.35000000000007 299500.87789336 27407.12795662 -0.00000000
36.40000000000007 299369.36825905 27392.65580675 -0.00000000
36.45000000000007 299240.65095792 27381.16130246 -0.00000000
36.500000000000064 299114.43920208 27372.54707162 -0.00000000
36.55000000000006 298989.96532911 27366.16201107 -0.00000000
36.60000000000006 298866.22454908 27360.96857935 -0.00000000
36.650000000000055 298742.23464614 27355.77290556 -0.00000000
36.70000000000005 298617.24797039 27349.46918786 -0.00000000
36.75000000000005 298490.87505178 27341.24953990 -0.00000000
36.80000000000005 298363.10758851 27330.74028224 -0.00000000
36.850000000000044 298234.25393331 27318.04328661 -0.00000000
36.90000000000004 298104.81752583 27303.68162879 -0.00000000
36.95000000000004 297975.35572171 27288.46786763 -0.00000000
37.000000000000036 297846.35365104 27273.32700837 -0.00000000
37.05000000000003 297718.13772373 27259.11235647 -0.00000000
37.10000000000003 297590.83987739 27246.45050570 -0.00000000
37.15000000000003 297464.41035070 27235.64278559 -0.00000000
37.200000000000024 297338.66657157 27226.63704496 -0.00000000
37.25000000000002 297213.36031221 27219.06876004 -0.00000000
37.30000000000002 297088.24484558 27212.35719150 -0.00000000
37.350000000000016 296963.12754357 27205.83311241 -0.00000000
37.40000000000001 296837.89955085 27198.87087716 -0.00000000
37.45000000000001 296712.54097447 27190.99947379 -0.00000000
37.50000000000001 296587.10579625 27181.97375491 -0.00000000
37.550000000000004 296461.69434328 27171.79651713 -0.00000000
37.6 296336.42224183 27160.69235857 -0.00000000
37.65 296211.39359377 27149.04323435 -0.00000000
37.699999999999996 296086.68339168 27137.30176777 -0.00000000
37.74999999999999 295962.33088441 27125.90080416 -0.00000000
37.79999999999999 295838.34262191 27115.17636850 -0.00000000
37.84999999999999 295714.70189609 27105.31678223 -0.00000000
37.899999999999984 295591.38053672 27096.34439573 -0.00000000
37.94999999999998 295468.34944188 27088.12960741 -0.00000000
37.99999999999998 295345.58546809 27080.43090322 -0.00000000
38.049999999999976 295223.07388864 27072.95057730 -0.00000000
38.09999999999997 295100.80707103 27065.39412854 -0.00000000
38.14999999999997 294978.78097373 27057.52208840 -0.00000000
38.19999999999997 294856.99135728 27049.18578127 -0.00000000
38.249999999999964 294735.43128328 27040.34248856 -0.00000000
38.29999999999996 294614.09073689 27031.04979374 -0.00000000
38.34999999999996 294492.95833499 27021.44269291 -0.00000000
38.399999999999956 294372.02434754 27011.69973054 -0.00000000
38.44999999999995 294251.28385786 27002.00561576 -0.00000000
38.49999999999995 294130.73889193 26992.51746079 -0.00000000
38.54999999999995 294010.39871148 26983.34021341 -0.00000000
38.599999999999945 293890.27804968 26974.51448010 -0.00000000
38.64999999999994 293770.39368748 26966.01729691 -0.00000000
38.69999999999994 293650.76024731 26957.77401552 -0.00000000
38.749999999999936 293531.38629629 26949.67773332 -0.00000000
38.79999999999993 293412.27176346 26941.61183321 -0.00000000
38.84999999999993 293293.40732496 26933.47124754 -0.00000000
38.89999999999993 293174.77590603 26925.17888435 -0.00000000
38.949999999999925 293056.35592675 26916.69499764 -0.00000000
38.99999999999992 292938.12551197 26908.01883205 -0.00000000
39.04999999999992 292820.06668843 26899.18332070 -0.00000000
39.099999999999916 292702.16863879 26890.24472057 -0.00000000
39.14999999999991 292584.42934513 26881.26968607 -0.00000000
39.19999999999991 292466.85535767 26872.32237217 -0.00000000
39.24999999999991 292349.45986187 26863.45378573 -0.00000000
39.299999999999905 292232.25958537 26854.69490094 -0.00000000
39.3499999999999 292115.27130303 26846.05419079 -0.00000000
39.3999999999999 291998.50872361 26837.51936878 -0.00000000
39.449999999999896 291881.98038513 26829.06242999 -0.00000000
39.49999999999989 291765.68890384 26820.64663600 -0.00000000
39.54999999999989 291649.63159747 26812.23395703 -0.00000000
39.59999999999989 291533.80221169 26803.79164262 -0.00000000
39.649999999999885 291418.19327474 26795.29695365 -0.00000000
39.69999999999988 291302.79851986 26786.73954930 -0.00000000
39.74999999999988 291187.61485640 26778.12148852 -0.00000000
39.799999999999876 291072.64351972 26769.45520385 -0.00000000
39.84999999999987 290957.89024495 26760.76008148 -0.00000000
39.89999999999987 290843.36453547 26752.05841197 -0.00000000
39.94999999999987 290729.07828279 26743.37146101 -0.00000000
39.999999999999865 290615.04410355 26734.71627550 -0.00000000
40.04999999999986 290501.27377595 26726.10362807 -0.00000000
40.09999999999986 290387.77708910 26717.53725948 -0.00000000
40.14999999999986 290274.56129040 26709.01434779 -0.00000000
40.199999999999854 290161.63116295 26700.52695060 -0.00000000
40.24999999999985 290048.98962420 26692.06405200 -0.00000000
40.29999999999985 289936.63863828 26683.61380738 -0.00000000
40.349999999999845 289824.58019355 26675.16560912 -0.00000000
40.39999999999984 289712.81711613 26666.71167929 -0.00000000
40.44999999999984 289601.35355687 26658.24801022 -0.00000000
40.49999999999984 289490.19508251 26649.77459731 -0.00000000
40.549999999999834 289379.34839732 26641.29502101 -0.00000000
40.59999999999983 289268.82079793 26632.81552129 -0.00000000
40.64999999999983 289158.61950722 26624.34376124 -0.00000000
40.699999999999825 289048.75103942 26615.88749582 -0.00000000
40.74999999999982 288939.22072341 26607.45335298 -0.00000000
40.79999999999982 288830.03246354 26599.04590177 -0.00000000
40.84999999999982 288721.18875944 26590.66712800 -0.00000000
40.899999999999814 288612.69094752 26582.31636549 -0.00000000
40.94999999999981 288504.53958066 26573.99065170 -0.00000000
40.99999999999981 288396.73484019 26565.68540781 -0.00000000
41.049999999999805 288289.27687992 26557.39530023 -0.00000000
41.0999999999998 288182.16603150 26549.11512791 -0.00000000
41.1499999999998 288075.40284251 26540.84059432 -0.00000000
41.1999999999998 287968.98796140 26532.56885724 -0.00000000
41.249999999999794 287862.92191573 26524.29879554 -0.00000000
41.29999999999979 287757.20484761 26516.03098134 -0.00000000
41.34999999999979 287651.83627031 26507.76739173 -0.00000000
41.399999999999785 287546.81489577 26499.51092998 -0.00000000
41.44999999999978 287442.13856008 26491.26484766 -0.00000000
41.49999999999978 287337.80424848 26483.03216548 -0.00000000
41.54999999999978 287233.80819973 26474.81518109 -0.00000000
41.599999999999774 287130.14605605 26466.61513069 -0.00000000
41.64999999999977 287026.81302050 26458.43204137 -0.00000000
41.69999999999977 286923.80398890 26450.26477879 -0.00000000
41.749999999999766 286821.11363493 26442.11126405 -0.00000000
41.79999999999976 286718.73644161 26433.96881051 -0.00000000
41.84999999999976 286616.66668640 26425.83451718 -0.00000000
41.89999999999976 286514.89839693 26417.70565318 -0.00000000
41.949999999999754 286413.42529953 26409.57997630 -0.00000000
41.99999999999975 286312.24078215 26401.45594691 -0.00000000
42.04999999999975 286211.33788874 26393.33282223 -0.00000000
42.099999999999746 286110.70935438 26385.21064113 -0.00000000
42.14999999999974 286010.34768093 26377.09012702 -0.00000000
42.19999999999974 285910.24524127 26368.97254063 -0.00000000
42.24999999999974 285810.39438853 26360.85950334 -0.00000000
42.299999999999734 285710.78754193 26352.75279794 -0.00000000
42.34999999999973 285611.41722757 26344.65415297 -0.00000000
42.39999999999973 285512.27606949 26336.56503035 -0.00000000
42.449999999999726 285413.35674384 26328.48644947 -0.00000000
42.49999999999972 285314.65191801 26320.41888155 -0.00000000
42.54999999999972 285216.15419731 26312.36223432 -0.00000000
42.59999999999972 285117.85609570 26304.31592802 -0.00000000
42.649999999999714 285019.75003906 26296.27904578 -0.00000000
42.69999999999971 284921.82840186 26288.25052927 -0.00000000
42.74999999999971 284824.08357135 26280.22938519 -0.00000000
42.799999999999706 284726.50802948 26272.21486992 -0.00000000
42.8499999999997 284629.09444036 26264.20662581 -0.00000000
42.8999999999997 284531.83573184 26256.20475343 -0.00000000
42.9499999999997 284434.72516122 26248.20981506 -0.00000000
42.999999999999694 284337.75635890 26240.22277641 -0.00000000
43.04999999999969 284240.92334710 26232.24490187 -0.00000000
43.09999999999969 284144.22041819 26224.27762477 -0.00000000
43.149999999999686 284047.64239102 26216.32241399 -0.00000000
43.19999999999968 283951.18442333 26208.38065941 -0.00000000
43.24999999999968 283854.84195070 26200.45359281 -0.00000000
43.29999999999968 283758.61067550 26192.54224960 -0.00000000
43.349999999999675 283662.48653814 26184.64747412 -0.00000000
43.39999999999967 283566.46570178 26176.76996225 -0.00000000
43.44999999999967 283470.54455086 26168.91032885 -0.00000000
43.499999999999666 283374.71970088 26161.06918342 -0.00000000
43.54999999999966 283278.98801391 26153.24719484 -0.00000000
43.59999999999966 283183.34661233 26145.44512723 -0.00000000
43.64999999999966 283087.79288418 26137.66383454 -0.00000000
43.699999999999655 282992.32447674 26129.90421335 -0.00000000
43.74999999999965 282896.93928188 26122.16712926 -0.00000000
43.79999999999965 282801.63542106 26114.45334505 -0.00000000
43.849999999999646 282706.41123886 26106.76347830 -0.00000000
43.89999999999964 282611.26530776 26099.09800319 -0.00000000
43.94999999999964 282516.19644112 26091.45729365 -0.00000000
43.99999999999964 282421.20370727 26083.84169229 -0.00000000
44.049999999999635 282326.28643799 26076.25158543 -0.00000000
44.09999999999963 282231.44422722 26068.68746657 -0.00000000
44.14999999999963 282136.67691865 26061.14997615 -0.00000000
44.199999999999626 282041.98458317 26053.63991137 -0.00000000
44.24999999999962 281947.36748826 26046.15820638 -0.00000000
44.29999999999962 281852.82606162 26038.70588723 -0.00000000
44.34999999999962 281758.36085146 26031.28401034 -0.00000000
44.399999999999615 281663.97248541 26023.89359432 -0.00000000
44.44999999999961 281569.66162980 26016.53555534 -0.00000000
44.49999999999961 281475.42895109 26009.21065497 -0.00000000
44.549999999999606 281381.27508117 26001.91946625 -0.00000000
44.5999999999996 281287.20058841 25994.66236059 -0.00000000
44.6499999999996 281193.20595694 25987.43951412 -0.00000000
44.6999999999996 281099.29157749 25980.25092855 -0.00000000
44.749999999999595 281005.45775552 25973.09645828 -0.00000000
44.79999999999959 280911.70474479 25965.97583439 -0.00000000
44.84999999999959 280818.03281759 25958.88867668 -0.00000000
44.89999999999959 280724.44238134 25951.83449077 -0.00000000
44.949999999999584 280630.93414164 25944.81265871 -0.00000000
44.99999999999958 280537.50929116 25937.82244610 -0.00000000
45.04999999999958 280444.16967794 25930.86305687 -0.00000000
45.099999999999575 280350.91789049 25923.93375339 -0.00000000
45.14999999999957 280257.75720507 25917.03402275 -0.00000000
45.19999999999957 280164.69137452 25910.16373304 -0.00000000
45.24999999999957 280071.72428557 25903.32321525 -0.00000000
45.299999999999564 279978.85955279 25896.51323452 -0.00000000
45.34999999999956 279886.10013611 25889.73485391 -0.00000000
45.39999999999956 279793.44806187 25882.98922382 -0.00000000
45.449999999999555 279700.90430121 25876.27734394 -0.00000000
45.49999999999955 279608.46882512 25869.59984507 -0.00000000
45.54999999999955 279516.14082051 25862.95683086 -0.00000000
45.59999999999955 279423.91902331 25856.34780630 -0.00000000
45.649999999999544 279331.80210645 25849.77170323 -0.00000000
45.69999999999954 279239.78905462 25843.22699600 -0.00000000
45.74999999999954 279147.87946484 25836.71188471 -0.00000000
45.799999999999535 279056.07372873 25830.22451322 -0.00000000
45.84999999999953 278964.37307620 25823.76318421 -0.00000000
45.89999999999953 278872.77948616 25817.32653602 -0.00000000
45.94999999999953 278781.29549212 25810.91365451 -0.00000000
45.999999999999524 278689.92392718 25804.52410591 -0.00000000
46.04999999999952 278598.66765866 25798.15789080 -0.00000000
46.09999999999952 278507.52936035 25791.81533314 -0.00000000
46.149999999999515 278416.51135839 25785.49692807 -0.00000000
46.19999999999951 278325.61556975 25779.20317624 -0.00000000
46.24999999999951 278234.84353315 25772.93443161 -0.00000000
46.29999999999951 278144.19651466 25766.69078138 -0.00000000
46.349999999999504 278053.67565724 25760.47196656 -0.00000000
46.3999999999995 277963.28213876 25754.27734176 -0.00000000
46.4499999999995 277873.01730665 25748.10586941 -0.00000000
46.499999999999496 277782.88276976 25741.95614884 -0.00000000
46.54999999999949 277692.88044317 25735.82648748 -0.00000000
46.59999999999949 277603.01255302 25729.71501982 -0.00000000
46.64999999999949 277513.28161276 25723.61986564 -0.00000000
46.699999999999484 277423.69038131 25717.53930198 -0.00000000
46.74999999999948 277334.24181223 25711.47191450 -0.00000000
46.79999999999948 277244.93900252 25705.41669847 -0.00000000
46.849999999999476 277155.78514860 25699.37309196 -0.00000000
46.89999999999947 277066.78351572 25693.34093932 -0.00000000
46.94999999999947 276977.93742343 25687.32039658 -0.00000000
46.99999999999947 276889.25024608 25681.31179901 -0.00000000
47.049999999999464 276800.72542385 25675.31551566 -0.00000000
47.09999999999946 276712.36647813 25669.33181443 -0.00000000
47.14999999999946 276624.17702434 25663.36075707 -0.00000000
47.199999999999456 276536.16077730 25657.40213617 -0.00000000
47.24999999999945 276448.32154641 25651.45545804 -0.00000000
47.29999999999945 276360.66322101 25645.51996791 -0.00000000
47.34999999999945 276273.18974888 25639.59470742 -0.00000000
47.399999999999444 276185.90511215 25633.67859096 -0.00000000
47.44999999999944 276098.81330552 25627.77048593 -0.00000000
47.49999999999944 276011.91832040 25621.86928395 -0.00000000
47.549999999999436 275925.22413747 25615.97395367 -0.00000000
47.59999999999943 275838.73472802 25610.08357159 -0.00000000
47.64999999999943 275752.45406334 25604.19733439 -0.00000000
47.69999999999943 275666.38613065 25598.31456281 -0.00000000
47.749999999999424 275580.53495387 25592.43471127 -0.00000000
47.79999999999942 275494.90461646 25586.55739454 -0.00000000
47.84999999999942 275409.49928055 25580.68243001 -0.00000000
47.899999999999416 275324.32319341 25574.80987510 -0.00000000
47.94999999999941 275239.38067176 25568.94002902 -0.00000000
47.99999999999941 275154.67606040 25563.07337591 -0.00000000
48.04999999999941 275070.21367047 25557.21047105 -0.00000000
48.099999999999405 274985.99771062 25551.35179464 -0.00000000
48.1499999999994 274902.03222535 25545.49760853 -0.00000000
48.1999999999994 274818.32105149 25539.64784760 -0.00000000
48.249999999999396 274734.86779781 25533.80206609 -0.00000000
48.29999999999939 274651.67584716 25527.95944604 -0.00000000
48.34999999999939 274568.74837609 25522.11886219 -0.00000000
48.39999999999939 274486.08838538 25516.27898905 -0.00000000
48.449999999999385 274403.69873394 25510.43843015 -0.00000000
48.49999999999938 274321.58216993 25504.59584808 -0.00000000
48.54999999999938 274239.74135449 25498.75007600 -0.00000000
48.599999999999376 274158.17887524 25492.90019604 -0.00000000
48.64999999999937 274076.89724893 25487.04557641 -0.00000000
48.69999999999937 273995.89891389 25481.18586632 -0.00000000
48.74999999999937 273915.18621403 25475.32095404 -0.00000000
48.799999999999365 273834.76137727 25469.45089844 -0.00000000
48.84999999999936 273754.62649102 25463.57584706 -0.00000000
48.89999999999936 273674.78347780 25457.69595428 -0.00000000
48.949999999999356 273595.23407336 25451.81131073 -0.00000000
48.99999999999935 273515.97980915 25445.92189158 -0.00000000
49.04999999999935 273437.02199973 25440.02752582 -0.00000000
49.09999999999935 273358.36173497 25434.12788357 -0.00000000
49.149999999999345 273279.99987577 25428.22247456 -0.00000000
49.19999999999934 273201.93705237 25422.31065102 -0.00000000
49.24999999999934 273124.17366528 25416.39161240 -0.00000000
49.299999999999336 273046.70989100 25410.46441638 -0.00000000
49.34999999999933 272969.54569539 25404.52800596 -0.00000000
49.39999999999933 272892.68085657 25398.58126042 -0.00000000
49.44999999999933 272816.11499571 25392.62306959 -0.00000000
49.499999999999325 272739.84761111 25386.65242063 -0.00000000
49.54999999999932 272663.87810920 25380.66847996 -0.00000000
49.59999999999932 272588.20582714 25374.67065378 -0.00000000
49.64999999999932 272512.83004409 25368.65861491 -0.00000000
49.699999999999314 272437.74998085 25362.63229226 -0.00000000
49.74999999999931 272362.96479030 25356.59182564 -0.00000000
49.79999999999931 272288.47354186 25350.53749559 -0.00000000
49.849999999999305 272214.27520390 25344.46964034 -0.00000000
49.8999999999993 272140.36862740 25338.38857386 -0.00000000
49.9499999999993 272066.75253349 25332.29451672 -0.00000000
49.9999999999993 271993.42550635 25326.18754896 -0.00000000
50.049999999999294 271920.38599206 25320.06758940 -0.00000000
