# Body fitted drag for model part FluidModelPart.Drag_structure
# Time Fx Fy Fz
0.1 -0.00000000 -0.00000000 -0.00000000
0.2 10484953.82294090 2831.31659019 -48194376.94843983
0.30000000000000004 20975495.80923501 4712.20331401 -93033115.95532365
0.4 30902596.16194087 9327.81814004 -130347801.65416989
0.5 38402383.64344389 22091.93957317 -154084199.67129639
0.6 41019202.53798784 50435.75152506 -157837309.24346897
0.7 37072894.99823929 90809.05241203 -137842898.03327912
0.7999999999999999 27131819.22314675 126804.00726605 -95939315.94717814
0.8999999999999999 14060927.58949697 141664.62942324 -40238238.99269555
0.9999999999999999 1565119.11551837 135357.91238277 17458436.19397062
1.0999999999999999 -7480297.53591443 138746.53926870 65962975.32547210
1.2 -11961624.18312781 156110.05268301 98079003.66444102
1.3 -12544814.11363970 165194.05491444 111564613.33001411
1.4000000000000001 -10415134.63266629 166141.36044458 108096350.10059884
1.5000000000000002 -6604360.72366173 163336.01280096 91434868.61509404
1.6000000000000003 -1900473.32740682 151148.36173603 65838225.05015377
1.7000000000000004 3005996.94664346 127546.03102661 35198918.72170210
1.8000000000000005 7427416.13427762 100968.48250803 2864564.62950780
1.9000000000000006 10782431.94410238 83314.40414774 -28132722.49424163
2.0000000000000004 12712573.82205208 75609.85391396 -54784634.71767919
2.1000000000000005 13058553.66100547 75232.73291656 -74052356.79604502
2.2000000000000006 11862550.14583971 77102.24517124 -83229330.08696944
2.3000000000000007 9400157.14599086 75324.80880435 -80671921.06780128
2.400000000000001 6195676.93049117 66720.45366418 -66571698.46775068
2.500000000000001 2938418.03879672 54659.53736522 -43313514.14308359
2.600000000000001 297721.40096150 47919.47579687 -15108530.96779747
2.700000000000001 -1320571.60247386 49580.42831945 13031694.76958937
2.800000000000001 -1878234.48457056 60320.48437463 36550118.99879391
2.9000000000000012 -1549233.77928852 81531.01151621 52321110.50351977
3.0000000000000013 -555480.81878255 110491.94889282 59037427.08173173
3.1000000000000014 879059.34224262 140744.81565594 57029370.58902974
3.2000000000000015 2521769.98418348 165916.09928816 47767559.44260997
3.3000000000000016 4136699.86806856 182169.32081476 33328071.43471095
3.4000000000000017 5505310.13572692 188262.10677309 15990235.16859121
3.5000000000000018 6451662.62042989 184789.15572313 -1994569.16966376
3.600000000000002 6865769.47308272 173236.11329937 -18518593.24413453
3.700000000000002 6721239.15587910 154986.33802180 -31708401.88149030
3.800000000000002 6078575.50730371 130827.98894719 -40059860.04550079
3.900000000000002 5076193.43290384 102108.98979495 -42629252.81523586
4.000000000000002 3907202.67826252 71731.67890490 -39232711.85759369
4.100000000000001 2780639.98498888 44500.70949207 -30562225.35844555
4.200000000000001 1875628.24225046 25942.27202598 -18130869.90220672
4.300000000000001 1304592.42815093 20355.84708508 -4015935.89440102
4.4 1103472.43427491 29502.40152548 9546453.07552142
4.5 1246583.55902115 51820.27432346 20594342.25907780
4.6 1668813.83888583 82604.77782651 27770628.60629207
4.699999999999999 2281467.91780664 115592.37824487 30473729.59450489
4.799999999999999 2982383.81764446 144755.21066497 28827440.32361466
4.899999999999999 3666154.12534605 165492.61597995 23527734.68990944
4.999999999999998 4236442.59622417 175171.01064709 15641198.48005164
5.099999999999998 4618596.39266588 173110.51124078 6412351.19225469
5.1999999999999975 4769586.01859424 160142.19377024 -2894117.37379898
5.299999999999997 4683092.09039179 138125.91375899 -11116482.25833125
5.399999999999997 4388941.89148509 109734.43282954 -17296607.47140043
5.4999999999999964 3947028.85090029 78404.76828770 -20767524.35512155
5.599999999999996 3436343.72988888 48183.71246440 -21225869.21826967
5.699999999999996 2940570.77221485 23240.60696351 -18774407.50078243
5.799999999999995 2533102.71433900 7110.81889315 -13914057.81146412
5.899999999999995 2265203.68291264 1892.82568348 -7470946.11197148
5.999999999999995 2160333.75032217 7734.63557600 -461550.50529005
6.099999999999994 2214949.94890499 22775.25136085 6079281.26972474
6.199999999999994 2403414.93261145 43603.32857886 11267944.59739740
6.299999999999994 2684503.32959331 66029.77509065 14500236.18939024
6.399999999999993 3008372.82053655 85940.50501387 15514127.69985367
6.499999999999993 3323739.72458142 100010.53514415 14384791.79091884
6.5999999999999925 3584900.84338951 106138.12547792 11467255.27558244
6.699999999999992 3757735.14438466 103574.05002521 7309877.45496584
6.799999999999992 3823756.83660463 92819.37988446 2559996.13959006
6.8999999999999915 3781621.28154487 75399.08039302 -2124161.94527254
6.999999999999991 3646018.10537034 53593.39132136 -6148821.00389609
7.099999999999991 3444261.09255761 30146.78097316 -9045509.28141607
7.19999999999999 3211186.00746945 7932.61895473 -10516671.21036671
7.29999999999999 2983196.71748114 -10433.20329696 -10463677.34454021
7.39999999999999 2792473.54355390 -22982.06979254 -8992969.20539205
7.499999999999989 2662386.50423173 -28697.03784697 -6396205.95361265
7.599999999999989 2604891.89911181 -27659.68983379 -3103676.69618039
7.699999999999989 2620093.96205082 -20993.08737437 383738.21460311
7.799999999999988 2697621.57823679 -10615.72176278 3572566.17817926
7.899999999999988 2819268.37409196 1132.60802248 6049807.11794497
7.999999999999988 2962355.61459291 11905.52997332 7537349.68356820
8.099999999999987 3103347.95100149 19719.21319265 7919341.31954077
8.199999999999987 3221270.83879550 23213.22791237 7241235.26666848
8.299999999999986 3300483.79830783 21777.02270096 5685379.62936782
8.399999999999986 3332443.58447654 15550.57277632 3531379.78489424
8.499999999999986 3316265.80658412 5327.53276439 1109825.64453039
8.599999999999985 3258112.76847825 -7606.48673509 -1243677.22374518
8.699999999999985 3169616.79731779 -21675.78899751 -3229501.50607499
8.799999999999985 3065664.04023742 -35238.02339054 -4617138.90222204
8.899999999999984 2961918.29649505 -46808.69982234 -5268522.75720697
8.999999999999984 2872469.93617125 -55259.63301077 -5149862.69717040
9.099999999999984 2807950.78491908 -59961.50115808 -4330640.80736057
9.199999999999983 2774354.27848472 -60847.52018005 -2969372.56629912
9.299999999999983 2772657.88283746 -58388.68782885 -1287518.58631202
9.399999999999983 2799205.53235754 -53486.95558295 464834.61088452
9.499999999999982 2846702.21361312 -47307.25924001 2046029.72655901
9.599999999999982 2905614.92895969 -41082.13818357 3256423.05078313
9.699999999999982 2965749.96861551 -35925.32566950 3963119.77505800
9.799999999999981 3017772.77459201 -32683.52260214 4112592.20134087
9.89999999999998 3054458.94298376 -31843.80936117 3730562.28015996
9.99999999999998 3071515.50631330 -33502.37489796 2910877.06185589
10.09999999999998 3067895.27621464 -37387.83575599 1796584.44321397
10.19999999999998 3045605.93076432 -42930.82177249 556891.40223607
10.29999999999998 3009103.31271037 -49364.52089175 -636591.74788357
10.399999999999979 2964402.80566463 -55842.79250289 -1631567.64687740
10.499999999999979 2918067.73453891 -61560.70766272 -2312654.82633942
10.599999999999978 2876229.88441829 -65862.21899718 -2613370.35878497
10.699999999999978 2843774.36704435 -68320.93368958 -2521482.29115134
10.799999999999978 2823783.88492962 -68783.58311319 -2077290.75424733
10.899999999999977 2817291.46151556 -67371.65329387 -1365146.77021653
10.999999999999977 2823343.91659426 -64443.20885641 -499423.10067686
11.099999999999977 2839335.24388217 -60523.56645980 392966.31095377
11.199999999999976 2861537.95375993 -56217.83337873 1190805.61167715
11.299999999999976 2885739.77133345 -52120.07232584 1794788.80822827
11.399999999999975 2907886.29517897 -48732.77208320 2139388.48377576
11.499999999999975 2924637.05396197 -46406.98163083 2198974.16404502
11.599999999999975 2933762.71946551 -45309.03433091 1987860.02783044
11.699999999999974 2934341.78453730 -45415.30782818 1554949.43601891
11.799999999999974 2926749.94293769 -46532.64659081 974336.79285562
11.899999999999974 2912467.10195190 -48339.36213700 333562.25015037
11.999999999999973 2893751.48105897 -50439.67353705 -278759.50913254
12.099999999999973 2873242.06924520 -52423.60047264 -784393.19373750
12.199999999999973 2853552.96970917 -53924.07802064 -1124758.89625902
12.299999999999972 2836915.75405073 -54663.88357055 -1267101.83010382
12.399999999999972 2824912.71233984 -54486.74104869 -1206998.87166379
12.499999999999972 2818326.95996680 -53369.38871291 -967064.00112188
12.599999999999971 2817116.88735706 -51414.40213013 -592174.64943582
12.69999999999997 2820506.18551283 -48826.13718306 -141996.08848878
12.79999999999997 2827165.43920950 -45874.74093250 318046.59589654
12.89999999999997 2835451.84803700 -42854.29632904 725997.63830761
12.99999999999997 2843668.15375372 -40041.47001051 1031474.20395116
13.09999999999997 2850302.67694748 -37660.29531028 1201569.26288261
13.199999999999969 2854218.47618547 -35857.25542754 1223896.96999599
13.299999999999969 2854770.07665906 -34688.98914086 1106611.00361894
13.399999999999968 2851839.12970062 -34123.00645701 875680.39871012
13.499999999999968 2845793.02914660 -34050.12983476 570052.73369967
13.599999999999968 2837381.32622704 -34305.95876685 235537.33731890
13.699999999999967 2827591.57751162 -34697.77177151 -81695.34413045
13.799999999999967 2817489.13515208 -35032.89215844 -341152.18844143
13.899999999999967 2808064.39442556 -35144.64570323 -512880.39397270
13.999999999999966 2800106.98052668 -34912.65415290 -580632.82572381
14.099999999999966 2794120.48622427 -34275.21400699 -543044.97333947
14.199999999999966 2790284.58128964 -33232.72309787 -412788.50297178
14.299999999999965 2788464.39250140 -31842.52135669 -213924.48737026
14.399999999999965 2788261.08342459 -30206.48443753 22090.90190725
14.499999999999964 2789092.67840271 -28453.76729291 261128.85568045
14.599999999999964 2790291.24831152 -26721.41780364 471146.01977545
14.699999999999964 2791201.64612505 -25135.65065409 626319.72810530
14.799999999999963 2791268.19858735 -23796.20854593 710035.40272296
14.899999999999963 2790098.76817301 -22765.58837461 716405.61327000
14.999999999999963 2787499.83163312 -22064.10478228 650234.69970884
15.099999999999962 2783481.01511974 -21670.89130328 525565.39635076
15.199999999999962 2778231.87435165 -21530.19786970 363121.51419430
15.299999999999962 2772077.26928454 -21561.68006167 187074.96631504
15.399999999999961 2765419.74745230 -21672.99865134 21611.32723743
15.499999999999961 2758678.05060856 -21772.89266394 -112248.79948199
15.59999999999996 2752230.24608591 -21782.97699340 -199184.20269919
15.69999999999996 2746368.32672482 -21646.83238503 -231183.12276702
15.79999999999996 2741268.86997073 -21335.44046733 -208082.76070268
15.89999999999996 2736981.85390501 -20848.49682222 -137036.99796578
15.99999999999996 2733437.02844071 -20211.96697938 -31050.52857159
16.09999999999996 2730465.38188314 -19472.28813274 93165.91741802
16.19999999999996 2727831.29532969 -18688.46381451 217686.93406867
16.29999999999996 2725270.15636265 -17923.18810007 325850.39366247
16.399999999999963 2722525.96575231 -17234.25657538 404387.09108721
16.499999999999964 2719384.01400508 -16667.35361722 444938.95744207
16.599999999999966 2715694.84707056 -16251.02712938 444807.03681027
16.699999999999967 2711387.26968106 -15994.31228209 406888.59490561
16.79999999999997 2706469.86557881 -15887.06620264 338875.83703856
16.89999999999997 2701022.03357001 -15902.75444363 251880.98870236
16.99999999999997 2695176.82765246 -16003.10604761 158713.97537204
17.099999999999973 2689098.68202668 -16143.88589755 72065.18206244
17.199999999999974 2682959.39417990 -16280.95029405 2837.72940641
17.299999999999976 2676915.59461781 -16375.78457146 -41164.09657250
17.399999999999977 2671090.37997576 -16399.85696288 -56044.23508724
17.49999999999998 2665561.00294896 -16337.32879511 -42050.79912763
17.59999999999998 2660353.56156478 -16185.91230085 -3246.64206195
17.69999999999998 2655444.69865260 -15955.91950185 53303.50373120
17.799999999999983 2650769.42411381 -15667.77375576 118688.19629278
17.899999999999984 2646233.53008839 -15348.43481594 183468.71284647
17.999999999999986 2641728.59812704 -15027.28387623 238974.24406442
18.099999999999987 2637147.45424220 -14732.04242573 278400.59994629
18.19999999999999 2632398.06908408 -14485.24352115 297579.23606928
18.29999999999999 2627414.27869433 -14301.65598713 295338.04378451
18.39999999999999 2622162.23610204 -14186.92849485 273436.48225951
18.499999999999993 2616642.20497917 -14137.47803690 236116.05129876
18.599999999999994 2610885.84453028 -14141.60188603 189355.04841101
18.699999999999996 2604949.76463549 -14181.52413018 139948.58221131
18.799999999999997 2598906.48802267 -14236.06639139 94548.31604409
18.9 2592834.18168842 -14283.55043500 58791.41530615
19.0 2586806.57270381 -14304.52591900 36626.92182466
19.1 2580884.30638238 -14283.97459030 29914.17837666
19.200000000000003 2575108.66846236 -14212.79572921 38327.03636819
19.300000000000004 2569498.22748473 -14088.46030567 59555.00140254
19.400000000000006 2564048.56404815 -13914.79049909 89753.76210803
19.500000000000007 2558734.90698535 -13700.95706051 124167.58334344
19.60000000000001 2553517.23122504 -13459.86995551 157828.33747555
19.70000000000001 2548346.96807745 -13206.18613474 186232.25665149
19.80000000000001 2543174.23903814 -12954.24482574 205905.52524355
19.900000000000013 2537954.68409872 -12716.23548942 214791.23806968
20.000000000000014 2532655.05912923 -12500.78572667 212419.22090567
20.100000000000016 2527256.97425883 -12312.10046515 199852.19987765
20.200000000000017 2521758.43768900 -12149.72200915 179432.16693378
20.30000000000002 2516173.17615595 -12008.90608095 154375.54238406
20.40000000000002 2510527.98148599 -11881.51957390 128282.07662995
20.50000000000002 2504858.57300858 -11757.31053359 104628.91936704
20.600000000000023 2499204.61169493 -11625.36141601 86317.91147629
20.700000000000024 2493604.56591567 -11475.52727125 75332.14151627
20.800000000000026 2488091.09458659 -11299.67717461 72539.34286793
20.900000000000027 2482687.50382122 -11092.59419237 77657.63287373
21.00000000000003 2477405.65704492 -10852.44335133 89376.50359703
21.10000000000003 2472245.50271368 -10580.77525370 105605.86768679
21.20000000000003 2467196.18192162 -10282.09670483 123810.81915445
21.300000000000033 2462238.45394271 -9963.09356938 141381.32548027
21.400000000000034 2457348.04456786 -9631.62940355 155985.02081918
21.500000000000036 2452499.41256513 -9295.66410245 165857.26276336
21.600000000000037 2447669.39524659 -8962.22868925 169994.35509519
21.70000000000004 2442840.24327396 -8636.57272276 168231.29989273
21.80000000000004 2438001.75354100 -8321.60454393 161202.24628035
21.90000000000004 2433152.31020739 -8017.69556261 150197.57465414
22.000000000000043 2428298.42564463 -7723.17160123 136944.25940618
22.100000000000044 2423453.97226579 -7434.13389276 123344.32241327
22.200000000000045 2418637.93075622 -7145.10869698 111209.22626725
22.300000000000047 2413871.49053524 -6850.09555349 102025.71261938
22.40000000000005 2409175.25659936 -6543.42572714 96781.86629428
22.50000000000005 2404566.72018645 -6220.47580542 95872.11578475
22.60000000000005 2400058.30361630 -5878.17049439 99088.05994283
22.700000000000053 2395656.18242575 -5515.26833806 105690.11965580
22.800000000000054 2391359.99265346 -5132.42878351 114544.63096037
22.900000000000055 2387163.42948264 -4732.04543825 124303.38794004
23.000000000000057 2383055.58632932 -4317.85379817 133598.64239611
23.10000000000006 2379022.80388043 -3894.36247829 141226.45825275
23.20000000000006 2375050.76790181 -3466.19295076 146294.84109483
23.30000000000006 2371126.54962395 -3037.44302611 148319.49066158
23.400000000000063 2367240.27209071 -2611.18539439 147258.27260899
23.500000000000064 2363386.21258929 -2189.15105223 143484.33364693
23.600000000000065 2359563.29767335 -1771.60811114 137705.95643302
23.700000000000067 2355774.93903881 -1357.44291799 130847.73708936
23.800000000000068 2352028.31111866 -944.41286571 123911.72633463
23.90000000000007 2348333.17218182 -529.52255572 117838.45827701
24.00000000000007 2344700.41132817 -109.46174669 113386.33897362
24.100000000000072 2341140.52018686 318.94746489 111044.07396643
24.200000000000074 2337662.18764847 758.34303124 110985.35597759
24.300000000000075 2334271.20976890 1210.50862151 113068.75316122
24.400000000000077 2330969.85371703 1676.19338253 116879.51713702
24.500000000000078 2327756.73820600 2155.08286278 121804.69433791
24.60000000000008 2324627.21157192 2645.91284775 127129.11466742
24.70000000000008 2321574.13716260 3146.69844059 132137.95561147
24.800000000000082 2318588.95243020 3655.03796014 136211.74692681
24.900000000000084 2315779.67356577 4152.86792136 138868.45444259
25.000000000000085 2313213.80518670 4631.35848117 139946.10256640
25.100000000000087 2310767.93673175 5099.29837819 139405.11049690
25.200000000000088 2308361.26880477 5564.63099519 137462.78252458
25.30000000000009 2305927.24960428 6035.01620728 134508.17350744
25.40000000000009 2303424.35754515 6516.42473525 131037.82245992
25.500000000000092 2300839.83301502 7012.58084740 127581.76427377
25.600000000000094 2298187.30245409 7524.99395333 124630.27248769
25.700000000000095 2295499.70955262 8053.39592631 122571.11973776
25.800000000000097 2292819.91154923 8596.29909021 121645.10722762
25.900000000000098 2290191.05259905 9151.57649887 121924.53453188
26.0000000000001 2287648.48587009 9716.96811891 123315.84566736
26.1000000000001 2285214.54622130 10290.43742348 125584.30884630
26.200000000000102 2282896.69622622 10870.36185840 128395.76505487
26.300000000000104 2280688.80040295 11455.58060431 131368.55517031
26.400000000000105 2278574.71918808 12045.35206137 134127.89648388
26.500000000000107 2276533.11487717 12639.28151916 136355.24964057
26.600000000000108 2274542.31591860 13237.24996854 137826.46777286
26.70000000000011 2272584.27741310 13839.33961202 138434.50252241
26.80000000000011 2270647.05647005 14445.76533444 138194.82770771
26.900000000000112 2268725.64269076 15056.83280116 137234.18082065
27.000000000000114 2266821.32542450 15672.92429645 135765.38585053
27.100000000000115 2264940.02098511 16294.49850099 134052.65130414
27.200000000000117 2263090.09283894 16922.08743384 132372.65723015
27.300000000000118 2261280.18035702 17556.27875676 130976.89641957
27.40000000000012 2259517.43736493 18197.67897092 130060.15602140
27.50000000000012 2257806.41350735 18846.86041834 129738.84924599
27.600000000000122 2256148.63676213 19504.30070910 130041.33128999
27.700000000000124 2254542.80949234 20170.32582200 130910.59474318
27.800000000000125 2252985.43947386 20845.07015308 132218.07622568
27.900000000000126 2251471.68723651 21528.45799577 133785.93365260
28.000000000000128 2249996.23503596 22220.21718260 135414.22259493
28.10000000000013 2248554.02356474 22919.91889536 136909.01588960
28.20000000000013 2247140.77307181 23627.04001071 138107.67086243
28.300000000000132 2245753.26572933 24341.03810130 138898.10252561
28.400000000000134 2244389.41368342 25061.42749677 139229.94289722
28.500000000000135 2243048.16410322 25787.84621231 139116.69662042
28.600000000000136 2241729.30441584 26520.10252675 138629.26188151
28.700000000000138 2240433.22182918 27258.19639682 137882.30513731
28.80000000000014 2239160.65567828 28002.31450837 137015.81860646
28.90000000000014 2237912.47223012 28752.79891334 136174.66062160
29.000000000000142 2236689.47175388 29510.09577778 135488.94313111
29.100000000000144 2235492.23264618 30274.69187316 135057.81031914
29.200000000000145 2234320.99328158 31047.04780661 134938.51691224
29.300000000000146 2233175.57588147 31827.53836660 135141.87069648
29.400000000000148 2232055.34672164 32616.40425608 135634.18289203
29.50000000000015 2230959.22729756 33413.72681760 136344.99043953
29.60000000000015 2229885.74840853 34219.42140076 137179.10250079
29.700000000000152 2228833.14522529 35033.25393412 138031.05635895
29.800000000000153 2227799.48952903 35854.87581131 138799.88092367
29.900000000000155 2226782.83929208 36683.87069403 139402.18479711
30.000000000000156 2225781.38983785 37519.80690405 139781.95051636
30.100000000000158 2224793.60598678 38362.28855107 139915.97359198
30.20000000000016 2223818.31942949 39210.99754950 139814.54406015
30.30000000000016 2222854.77445662 40065.72115649 139517.62401808
30.400000000000162 2221902.62198118 40926.36539312 139087.36571106
30.500000000000163 2220961.85977247 41792.94825585 138598.22634650
30.600000000000165 2220032.72928675 42665.57882339 138126.17303186
30.700000000000166 2219115.58988073 43544.42471577 137738.47908179
30.800000000000168 2218210.78616574 44429.67274882 137485.42347533
30.90000000000017 2217318.52298308 45321.48879095 137394.85683481
31.00000000000017 2216438.77434240 46219.98115368 137470.14627524
31.100000000000172 2215571.22997320 47125.17482644 137691.52673702
31.200000000000173 2214715.28527960 48036.99676197 138020.42697325
31.300000000000175 2213870.07627258 48955.27442587 138405.97891146
31.400000000000176 2213034.55002945 49879.74707311 138792.68572187
31.500000000000178 2212207.55741117 50810.08732282 139128.14395865
31.60000000000018 2211387.95539784 51745.92931014 139369.78958769
31.70000000000018 2210574.70394049 52686.89936461 139489.84278372
31.800000000000182 2209766.94498526 53632.64504860 139477.92625883
31.900000000000183 2208964.05469001 54582.85871852 139341.17943960
32.000000000000185 2208165.66223579 55537.29324615 139102.03563054
32.100000000000186 2207371.63563416 56495.76803151 138794.13127016
32.20000000000019 2206582.03846673 57458.16473296 138457.02474062
32.30000000000019 2205797.06587432 58424.41417689 138130.51624210
32.40000000000019 2205016.96939750 59394.47624203 137849.35116349
32.50000000000019 2204241.98208574 60368.31683064 137638.98397656
32.60000000000019 2203472.25242766 61345.88547932 137512.88625196
32.700000000000195 2202707.79782803 62327.09562863 137471.64732648
32.800000000000196 2201948.48020731 63311.81101108 137503.85058502
32.9000000000002 2201194.00652110 64299.83900703 137588.48319687
33.0000000000002 2200443.95210514 65290.93152702 137698.44474948
33.1000000000002 2199697.80234376 66284.79279033 137804.60843248
33.2000000000002 2198955.00523443 67281.09258597 137879.85434091
33.3000000000002 2198215.02724290 68279.48284512 137902.54072890
33.400000000000205 2197477.40488542 69279.61512488 137858.99298693
33.500000000000206 2196741.78546882 70281.15662711 137744.75140057
33.60000000000021 2196007.95197072 71283.80281201 137564.50260107
33.70000000000021 2195275.82944782 72287.28532814 137330.80063434
33.80000000000021 2194545.47445482 73291.37442310 137061.83497953
33.90000000000021 2193817.04857294 74295.87612138 136778.61440141
34.00000000000021 2193090.78179404 75300.62483540 136501.98122889
34.100000000000215 2192366.93094547 76305.47276889 136249.86686806
34.200000000000216 2191645.73763681 77310.27815062 136035.13389363
34.30000000000022 2190927.39497158 78314.89300149 135864.25262081
34.40000000000022 2190212.02205400 79319.15340543 135736.92089758
34.50000000000022 2189499.65261307 80322.87243388 135646.61359385
34.60000000000022 2188790.23691543 81325.83688847 135581.91844141
34.70000000000022 2188083.65607113 82327.80795282 135528.42351044
34.800000000000225 2187379.74596240 83328.52541392 135470.86507307
34.900000000000226 2186678.32676807 84327.71467449 135395.23125316
35.00000000000023 2185979.23247952 85325.09541806 135290.54468304
35.10000000000023 2185282.29039412 86320.38999124 135150.09685026
35.20000000000023 2184587.47553766 87313.32618075 134972.07351055
35.30000000000023 2183894.82009522 88303.65808185 134759.42973670
35.40000000000023 2183204.42735127 89291.16095730 134519.15418814
35.500000000000234 2182516.46913058 90275.63511367 134261.06103125
35.600000000000236 2181831.17037782 91256.90439344 133996.29063348
35.70000000000024 2181148.78822578 92234.81169768 133735.74297641
35.80000000000024 2180469.58881801 93209.21287389 133488.65756895
35.90000000000024 2179793.82496828 94179.96998730 133261.51800821
36.00000000000024 2179121.71776263 95146.94489753 133057.40292458
36.10000000000024 2178453.44421143 96109.99400240 132875.83690179
36.200000000000244 2177789.13214958 97068.96478547 132713.12459169
36.300000000000246 2177128.86255200 98023.69452628 132563.08823952
36.40000000000025 2176472.67844588 98974.01124556 132418.08106898
36.50000000000025 2175820.59877434 99919.73670855 132270.12164498
36.60000000000025 2175172.63507115 100860.69111939 132111.98958537
36.70000000000025 2174528.80867418 101796.69901928 131938.13983212
36.80000000000025 2173889.16618239 102727.59569776 131745.32725727
36.900000000000254 2173253.79030282 103653.23251911 131532.87970514
37.000000000000256 2172622.80164971 104573.47740658 131302.60858769
37.10000000000026 2171996.34833545 105488.20699126 131058.39508950
37.20000000000026 2171374.59029964 106397.29584667 130805.53120159
37.30000000000026 2170757.69031370 107300.61330877 130549.92215259
37.40000000000026 2170145.81210898 108198.02810494 130297.26649904
37.50000000000026 2169539.11926911 109089.41446558 130052.32388038
37.600000000000264 2168937.77181839 109974.65620289 129818.36091916
37.700000000000266 2168341.92071185 110853.64823105 129596.83574191
37.80000000000027 2167751.70150888 111726.29598486 129387.34560065
37.90000000000027 2167167.22868804 112592.51337256 129187.82537364
38.00000000000027 2166588.59190678 113452.21990985 128994.95229310
38.10000000000027 2166015.85511973 114305.33765225 128804.68809481
38.20000000000027 2165449.05891043 115151.78847023 128612.87652640
38.300000000000274 2164888.22577062 115991.49209251 128415.81277377
38.400000000000276 2164333.36748983 116824.36518885 128210.71118153
38.50000000000028 2163784.49340609 117650.32158104 127996.01653156
38.60000000000028 2163241.61810228 118469.27347664 127771.52893111
38.70000000000028 2162704.76723477 119281.13345655 127538.33932368
38.80000000000028 2162173.98052351 120085.81688168 127298.59802808
38.90000000000028 2161649.31144537 120883.24452240 127055.15927242
39.000000000000284 2161130.82376930 121673.34583739 126811.15804093
39.100000000000286 2160618.58569210 122456.06539286 126569.58045574
39.20000000000029 2160112.66284563 123231.37793950 126332.88532815
39.30000000000029 2159613.11012094 123999.28698623 126102.72309527
39.40000000000029 2159119.96107082 124759.75496434 125879.78217427
39.50000000000029 2158633.22212282 125512.68806029 125663.77550967
39.60000000000029 2158152.87287086 126257.97088317 125453.55560344
39.700000000000294 2157678.86899196 126995.48437730 125247.33566359
39.800000000000296 2157211.14682679 127725.11334872 125042.98090081
39.9000000000003 2156749.62911596 128446.74991190 124838.32446114
40.0000000000003 2156294.23124198 129160.29467482 124631.46416112
40.1000000000003 2155844.86720289 129865.65630797 124421.00208355
40.2000000000003 2155401.45455846 130562.74997903 124206.19939742
40.3000000000003 2154963.91772717 131251.49513185 123987.03205458
40.400000000000304 2154532.18920369 131931.81297997 123764.14724189
40.500000000000306 2154106.20847541 132603.62387468 123538.73364189
40.60000000000031 2153685.91870816 133266.84457784 123312.32902692
40.70000000000031 2153271.26170855 133921.38554869 123086.59533233
40.80000000000031 2152862.17210885 134567.14852695 122863.09351943
40.90000000000031 2152458.57188856 135204.02475295 122643.08822077
41.00000000000031 2152060.36616441 135831.89405083 122427.40597000
41.100000000000314 2151667.44080741 136450.62479939 122216.36190650
41.200000000000315 2151279.66206131 137060.07461947 122009.75963872
41.30000000000032 2150896.87802776 137660.09146478 121806.95890392
41.40000000000032 2150518.92167967 138250.51474914 121606.99709182
41.50000000000032 2150145.61497978 138831.17623621 121408.74462899
41.60000000000032 2149776.77369096 139401.90075758 121211.07126002
41.70000000000032 2149412.21241945 139962.50745035 121013.00050717
41.800000000000324 2149051.74860495 140512.81293717 120813.83247154
41.900000000000325 2148695.20129811 141052.63859410 120613.21955923
42.00000000000033 2148342.38261393 141581.82102139 120411.18729081
42.10000000000033 2147993.09323939 142100.21552566 120208.10462885
42.20000000000033 2147647.12735924 142607.68852043 120004.61349040
42.30000000000033 2147304.27886370 143104.10659127 119801.52766040
42.40000000000033 2146964.34473809 143589.32737048 119599.71557426
42.500000000000334 2146627.12561750 144063.19341941 119399.98366299
42.600000000000335 2146292.42426986 144525.52919010 119202.97588376
42.70000000000034 2145960.04290245 144976.14075874 119009.10178753
42.80000000000034 2145629.78016504 145414.81768942 118818.50075380
42.90000000000034 2145301.42856091 145841.33604432 118631.04461192
43.00000000000034 2144974.77267510 146255.46141520 118446.37556053
43.10000000000034 2144649.58826724 146656.95188190 118263.97182238
43.200000000000344 2144325.64232850 147045.56455884 118083.23034286
43.300000000000345 2144002.69616971 147421.07020193 117903.55405610
43.40000000000035 2143680.51443556 147783.26686281 117724.43112696
43.50000000000035 2143358.87272249 148131.97942630 117545.49674635
43.60000000000035 2143037.55637703 148467.04951871 117366.57157135
43.70000000000035 2142716.35804785 148788.32548504 117187.67273126
43.80000000000035 2142395.07746494 149095.65546607 117008.99741108
43.900000000000354 2142073.52065197 149388.88287715 116830.88348263
44.000000000000355 2141751.49737082 149667.84347810 116653.75441883
44.10000000000036 2141428.81710192 149932.36407569 116478.05700067
44.20000000000036 2141105.28379798 150182.26355940 116304.20030508
44.30000000000036 2140780.69012381 150417.35659388 116132.50364967
44.40000000000036 2140454.81400615 150637.45853756 115963.16004429
44.50000000000036 2140127.42059604 150842.38916519 115796.21955891
44.600000000000364 2139798.26912694 151031.97431214 115631.59347667
44.700000000000365 2139467.12132094 151206.04631921 115469.07673041
44.80000000000037 2139133.74836630 151364.44437999 115308.38395712
44.90000000000037 2138797.93498268 151507.01540883 115149.19328216
45.00000000000037 2138459.48031993 151633.61558404 114991.19147062
45.10000000000037 2138118.19628155 151744.11230424 114834.11439813
45.20000000000037 2137773.90436882 151838.38590685 114677.77785641
45.300000000000374 2137426.43232156 151916.33033119 114522.09532991
45.400000000000375 2137075.61166373 151977.85221428 114367.08130395
45.50000000000038 2136721.27662664 152022.86868390 114212.84066486
45.60000000000038 2136363.26395504 152051.30491684 114059.54661863
45.70000000000038 2136001.41265160 152063.09267037 113907.41097331
45.80000000000038 2135635.56338603 152058.17020195 113756.65129763
45.90000000000038 2135265.55809957 152036.48291708 113607.45944560
46.000000000000384 2134891.24017325 151997.98367366 113459.97545887
46.100000000000385 2134512.45491720 151942.63212689 113314.26994364
46.20000000000039 2134129.04994998 151870.39326574 113170.33668388
46.30000000000039 2133740.87527043 151781.23577939 113028.09573046
46.40000000000039 2133347.78308553 151675.13093301 112887.40577878
46.50000000000039 2132949.62753799 151552.05239911 112748.08350507
46.60000000000039 2132546.26441423 151411.97719181 112609.92678628
46.700000000000394 2132137.55083361 151254.88757215 112472.73844651
46.800000000000395 2131723.34491714 151080.77352769 112336.34736679
46.9000000000004 2131303.50551219 150889.63519647 112200.62440678
47.0000000000004 2130877.89213025 150681.48451610 112065.49147934
47.1000000000004 2130446.36525221 150456.34555047 111930.92312914
47.2000000000004 2130008.78704965 150214.25334686 111796.94095898
47.3000000000004 2129565.02241315 149955.25162560 111663.60213080
47.400000000000404 2129114.94003393 149679.38991629 111530.98386180
47.500000000000405 2128658.41322411 149386.72083330 111399.16627113
47.600000000000406 2128195.32026721 149077.29802408 111268.21605537
47.70000000000041 2127725.54440956 148751.17501369 111138.17323817
47.80000000000041 2127248.97394470 148408.40483693 111009.04261520
47.90000000000041 2126765.50275331 148049.04006707 110880.79058426
48.00000000000041 2126275.03102038 147673.13261918 110753.34713975
48.10000000000041 2125777.46539069 147280.73269949 110626.61227817
48.200000000000415 2125272.71840471 146871.88691545 110500.46583325
48.300000000000416 2124760.70844724 146446.63669457 110374.77949191
48.40000000000042 2124241.36186724 146005.01831533 110249.42936293
48.50000000000042 2123714.61641722 145547.06422015 110124.30720908
48.60000000000042 2123180.42040102 145072.80334126 109999.32844679
48.70000000000042 2122638.72243972 144582.25823816 109874.43553448
48.80000000000042 2122089.45972224 144075.44591708 109749.59770428
48.900000000000425 2121532.55527113 143552.39867748 109624.81003943
49.000000000000426 2120967.92427551 143013.18024659 109500.08937329
49.10000000000043 2120395.48391676 142457.87589477 109375.46486987
49.20000000000043 2119815.16210764 141886.57824439 109250.96729852
49.30000000000043 2119226.90460457 141299.37725595 109126.61967594
49.40000000000043 2118630.67836599 140696.35369414 109002.43027542
49.50000000000043 2118026.47090633 140077.57520932 108878.38843393
49.600000000000435 2117414.28671610 139443.09463919 108754.46324706
49.700000000000436 2116794.14190988 138792.95032429 108630.60495649
49.80000000000044 2116166.05819993 138127.16812935 108506.74859664
49.90000000000044 2115530.05726716 137445.76465516 108382.81929621
50.00000000000044 2114886.15651998 136748.75096265 108258.73852801
50.10000000000044 2114234.36696358 136036.13608055 108134.43054656
50.20000000000044 2113574.69339652 135307.92963957 108009.82823864
50.300000000000445 2112907.13649602 134564.14313722 107884.87766099
50.400000000000446 2112231.69573499 133804.78953540 107759.54069052
50.50000000000045 2111548.37181845 133029.88112498 107633.79547158
50.60000000000045 2110857.16846416 132239.42625171 107507.63468615
50.70000000000045 2110158.09780050 131433.42765516 107381.06209620
50.80000000000045 2109451.19540698 130611.88662005 107254.08826075
50.90000000000045 2108736.53252156 129774.80883978 107126.72620334
51.000000000000455 2108014.20576294 128922.20083884 106998.98666175
51.100000000000456 2107284.31583661 128054.05695528 106870.87292858
51.20000000000046 2106546.95239205 127170.34467991 106742.37718875
51.30000000000046 2105802.19470307 126271.00308654 106613.47959484
51.40000000000046 2105050.14343304 125355.97972992 106484.15019824
51.50000000000046 2104290.95644991 124425.27885669 106354.35236368
51.60000000000046 2103524.83726750 123478.95581827 106224.04551043
51.700000000000465 2102752.00146741 122517.08155227 106093.18752833
51.800000000000466 2101972.65596571 121539.71851725 105961.73761956
51.90000000000047 2101186.99083602 120546.91162130 105829.65911132
52.00000000000047 2100395.17678790 119538.68813714 105696.92163850
52.10000000000047 2099597.36538278 118515.06246921 105563.50244331
52.20000000000047 2098793.69107379 117476.04297496 105429.38675993
52.30000000000047 2097984.27466621 116421.63876836 105294.56733728
52.400000000000475 2097169.22784628 115351.86523272 105159.04320717
52.500000000000476 2096348.65827888 114266.74775207 105022.81786754
52.60000000000048 2095522.67462285 113166.32370391 104885.89711190
52.70000000000048 2094691.39083335 112050.64301954 104748.28678242
52.80000000000048 2093854.92931513 110919.76770732 104609.99074525
52.90000000000048 2093013.42274245 109773.77073545 104471.00936131
53.00000000000048 2092167.01456853 108612.73462886 104331.33864178
53.100000000000485 2091315.85835155 107436.75008090 104190.97013963
53.200000000000486 2090460.11602656 106245.91483235 104049.89146701
53.30000000000049 2089599.95524975 105040.33302279 103908.08719910
53.40000000000049 2088735.54613697 103820.11512362 103765.53991526
53.50000000000049 2087867.05821571 102585.37836648 103622.23129125
53.60000000000049 2086994.65882898 101336.24733514 103478.14338229
53.70000000000049 2086118.51385237 100072.85427031 103333.26026856
53.800000000000495 2085238.79038506 98795.33875881 103187.56997047
53.900000000000496 2084355.66006470 97503.84675328 103041.06622305
54.0000000000005 2083469.30160732 96198.52918014 102893.74961914
54.1000000000005 2082579.90177704 94879.54070532 102745.62781295
54.2000000000005 2081687.65460704 93547.03944324 102596.71475607
54.3000000000005 2080792.75911653 92201.18829732 102447.02917408
54.4000000000005 2079895.41609918 90842.15809562 102296.59262260
54.500000000000504 2078995.82480846 89470.13193175 102145.42748207
54.600000000000506 2078094.18040168 88085.30956078 101993.55519196
54.70000000000051 2077190.67275876 86687.91064770 101840.99493511
54.80000000000051 2076285.48687096 85278.17612406 101687.76289368
54.90000000000051 2075378.80458670 83856.36762175 101533.87211603
55.00000000000051 2074470.80721451 82422.76559675 101379.33294564
55.10000000000051 2073561.67830209 80977.66706006 101224.15387201
55.200000000000514 2072651.60579606 79521.38367199 101068.34258912
55.300000000000516 2071740.78280635 78054.24041632 100911.90702444
55.40000000000052 2070829.40650956 76576.57446907 100754.85614521
55.50000000000052 2069917.67534379 75088.73358795 100597.20044724
55.60000000000052 2069005.78530009 73591.07356218 100438.95213313
55.70000000000052 2068093.92646405 72083.95497370 100280.12504412
55.80000000000052 2067182.28095397 70567.74083016 100120.73440174
55.900000000000524 2066271.02322381 69042.79848715 99960.79637169
56.000000000000526 2065360.32308317 67509.50911098 99800.32745433
56.10000000000053 2064450.35002045 65968.28107706 99639.34382512
56.20000000000053 2063541.27596862 64419.55650644 99477.86088324
56.30000000000053 2062633.27500868 62863.80577044 99315.89312762
56.40000000000053 2061726.52065924 61301.51461214 99153.45422044
56.50000000000053 2060821.18198969 59733.17023114 98990.55713127
56.600000000000534 2059917.41961123 58159.25002078 98827.21441487
56.700000000000536 2059015.38238212 56580.21439548 98663.43868051
56.80000000000054 2058115.20532065 54996.50391000 98499.24322548
56.90000000000054 2057217.00870012 53408.54021480 98334.64274780
57.00000000000054 2056320.89791032 51816.72996826 98169.65405208
57.10000000000054 2055426.96356610 50221.47051086 98004.29666824
57.20000000000054 2054535.28118238 48623.15594541 97838.59323044
57.300000000000544 2053645.90986245 47022.18229558 97672.56944496
57.400000000000546 2052758.89054280 45418.95071878 97506.25369729
57.50000000000055 2051874.24526539 43813.86842156 97339.67654618
57.60000000000055 2050991.97860993 42207.34763638 97172.87028866
57.70000000000055 2050112.08142081 40599.80337453 97005.86863630
57.80000000000055 2049234.53607891 38991.65070478 96838.70647838
57.90000000000055 2048359.32204883 37383.30221239 96671.41969848
58.000000000000554 2047486.42034470 35775.16608694 96504.04502058
58.100000000000556 2046615.81590487 34167.64480312 96336.61988035
58.20000000000056 2045747.49746040 32561.13346571 96169.18234399
58.30000000000056 2044881.45485514 30956.01592743 96001.77112329
58.40000000000056 2044017.67461895 29352.65847883 95834.42575656
58.50000000000056 2043156.14195708 27751.41350791 95667.18687673
58.60000000000056 2042296.86053837 26152.64355661 95500.09564788
58.700000000000564 2041439.86851874 24556.73354506 95333.19222077
58.800000000000566 2040585.22840311 22964.08962592 95166.51660106
58.90000000000057 2039733.01248209 21375.13167730 95000.11032859
59.00000000000057 2038883.29772480 19790.27752089 94834.01663196
59.10000000000057 2038036.16418065 18209.92846975 94668.28011482
59.20000000000057 2037191.69452984 16634.46102697 94502.94635883
59.30000000000057 2036349.97416666 15064.22511744 94338.06139483
59.400000000000574 2035511.09018615 13499.54835005 94173.67108952
59.500000000000576 2034675.12872931 11940.74541253 94009.82072343
59.60000000000058 2033842.17652122 10388.12895088 93846.55516070
59.70000000000058 2033012.33132133 8842.01653177 93683.91928542
59.80000000000058 2032185.71255717 7302.73246521 93521.95763905
59.90000000000058 2031362.46366614 5770.60722168 93360.71326061
60.00000000000058 2030542.74768788 4245.97646450 93200.22656359
60.100000000000584 2029726.74042902 2729.17996477 93040.53471967
60.200000000000585 2028914.62449552 1220.56054015 92881.67145580
60.30000000000059 2028106.58382725 -279.53910582 92723.66796108
60.40000000000059 2027302.80412015 -1770.77761298 92566.55316811
60.50000000000059 2026503.47449608 -3252.81951930 92410.35460724
60.60000000000059 2025708.79221140 -4725.34051374 92255.09901820
60.70000000000059 2024918.96810278 -6188.03240644 92100.81257564
60.800000000000594 2024134.23042387 -7640.60496608 91947.52060543
60.900000000000595 2023354.82520116 -9082.78228836 91795.24693266
61.0000000000006 2022581.01261632 -10514.29406416 91644.01302467
61.1000000000006 2021813.05994861 -11934.86490545 91493.83710377
61.2000000000006 2021051.23181232 -13344.20530576 91344.73350887
61.3000000000006 2020295.77860529 -14742.00664792 91196.71211943
61.4000000000006 2019546.92542685 -16127.93886312 91049.77984078
61.500000000000604 2018804.86537227 -17501.65380437 90903.93998233
61.600000000000605 2018069.76139464 -18862.78915506 90759.19373428
61.70000000000061 2017341.75730046 -20210.97302156 90615.54134833
61.80000000000061 2016620.99441846 -21545.82690478 90472.98314326
61.90000000000061 2015907.62879292 -22866.96608705 90331.52008008
62.00000000000061 2015201.84478090 -24173.99799713 90191.15387565
62.10000000000061 2014503.86294199 -25466.52030722 90051.88684068
62.200000000000614 2013813.94148995 -26744.12047048 89913.72173297
62.300000000000615 2013132.37051275 -28006.37673737 89776.66190282
62.40000000000062 2012459.45735443 -29252.85799513 89640.71186746
62.50000000000062 2011795.50348879 -30483.11849596 89505.87807110
62.60000000000062 2011140.78011740 -31696.68728486 89372.16909807
62.70000000000062 2010495.51326191 -32893.06074074 89239.59481114
62.80000000000062 2009859.88254145 -34071.70953806 89108.16511588
62.900000000000624 2009234.03091398 -35232.09856816 88977.88976608
63.000000000000625 2008618.08060821 -36373.70695892 88848.77943473
63.10000000000063 2008012.14969056 -37496.03928152 88720.84707678
63.20000000000063 2007416.36477530 -38598.62718716 88594.10900479
63.30000000000063 2006830.86907781 -39681.02505019 88468.58575431
63.40000000000063 2006255.82784288 -40742.80385763 88344.30278190
63.50000000000063 2005691.43158518 -41783.54553065 88221.29056847
63.600000000000634 2005137.89408914 -42802.83741575 88099.58351976
63.700000000000635 2004595.44268460 -43800.26663542 87979.21765801
63.80000000000064 2004064.30271893 -44775.41558558 87860.22798596
63.90000000000064 2003544.68106479 -45727.86035173 87742.64667024
64.00000000000064 2003036.75256720 -46657.17244272 87626.50268992
64.10000000000063 2002540.65055954 -47562.92225267 87511.82282531
64.20000000000063 2002056.46151406 -48444.68174643 87398.63320847
64.30000000000062 2001584.22506626 -49302.02473838 87286.96027927
64.40000000000062 2001123.93848257 -50134.52451413 87176.82982939
64.50000000000061 2000675.55530168 -50941.74896151 87068.26217600
64.6000000000006 2000238.96625956 -51723.25356151 86961.26197438
64.7000000000006 1999814.04869041 -52478.58827741 86855.82425981
64.8000000000006 1999400.89797064 -53207.34599130 86751.98860572
64.90000000000059 1998999.80029845 -53909.18349363 86649.84277911
65.00000000000058 1998610.99797149 -54583.79064026 86549.47127515
65.10000000000058 1998234.62824978 -55230.88106485 86450.93876539
65.20000000000057 1997870.74928954 -55850.19789178 86354.29837523
65.30000000000057 1997519.35735892 -56441.50122835 86259.59867912
65.40000000000056 1997180.39895165 -57004.55680390 86166.88726126
65.50000000000055 1996853.79021742 -57539.14398633 86076.21271427
65.60000000000055 1996539.43799909 -58045.07095734 85987.62527774
65.70000000000054 1996237.25205642 -58522.18280221 85901.17569056
65.80000000000054 1995947.14735920 -58970.36100946 85816.91307236
65.90000000000053 1995669.04080399 -59389.51849354 85734.88335347
66.00000000000053 1995402.84619976 -59779.59377300 85655.12900630
66.10000000000052 1995148.46973305 -60140.54616938 85577.68990184
66.20000000000051 1994905.80686028 -60472.35262078 85502.60472410
66.30000000000051 1994674.74072458 -60775.00609728 85429.91236703
66.4000000000005 1994455.14167997 -61048.51542848 85359.65289077
66.5000000000005 1994246.86722809 -61292.90639693 85291.86781731
66.60000000000049 1994049.76151022 -61508.22414405 85226.59972503
66.70000000000049 1993863.65329902 -61694.53733405 85163.89120120
66.80000000000048 1993688.35137438 -61851.94494450 85103.78325606
66.90000000000047 1993523.63930773 -61980.58397408 85046.31376837
67.00000000000047 1993369.28590648 -62080.62267339 84991.51842235
67.10000000000046 1993225.08982928 -62152.22195201 84939.43610286
67.20000000000046 1993090.92743166 -62195.49609516 84890.11329430
67.30000000000045 1992966.75703827 -62210.51031960 84843.60263241
67.40000000000045 1992852.57634714 -62197.31094077 84799.95758698
67.50000000000044 1992748.37042027 -62155.96126476 84759.22742575
67.60000000000043 1992654.07554042 -62086.56475992 84721.45390515
67.70000000000043 1992569.56123367 -61989.27240752 84686.66878312
67.80000000000042 1992494.62931555 -61864.28527105 84654.89345959
67.90000000000042 1992429.02750289 -61711.85862298 84626.14363932
68.00000000000041 1992372.47289900 -61532.29942692 84600.43669215
68.1000000000004 1992324.68036812 -61325.95418198 84577.79627890
68.2000000000004 1992285.38701193 -61093.19292606 84558.25286620
68.3000000000004 1992254.36574096 -60834.39515017 84541.84161352
68.40000000000039 1992231.42662870 -60549.93964163 84528.59917611
68.50000000000038 1992216.40843820 -60240.19860490 84518.56053796
68.60000000000038 1992209.16438304 -59905.53626361 84511.75658542
68.70000000000037 1992209.54657792 -59546.31164696 84508.21277917
68.80000000000037 1992217.39390415 -59162.88417690 84507.94896364
68.90000000000036 1992232.52852995 -58755.61960506 84510.98014052
69.00000000000036 1992254.76366383 -58324.89455272 84517.31796969
69.10000000000035 1992283.91617208 -57871.10099284 84526.97247029
69.20000000000034 1992319.81285971 -57394.65258688 84539.95282994
69.30000000000034 1992362.28821901 -56895.99132844 84556.26686660
69.40000000000033 1992411.18007480 -56375.59152850 84575.92007578
69.50000000000033 1992466.32712612 -55833.95971076 84598.91504785
69.60000000000032 1992527.56790135 -55271.63070172 84625.25125942
69.70000000000032 1992594.73997600 -54689.16101165 84654.92504924
69.80000000000031 1992667.67924416 -54087.12051833 84687.92962782
69.9000000000003 1992746.21918271 -53466.08358770 84724.25499920
70.0000000000003 1992830.18935691 -52826.62194317 84763.88784106
70.10000000000029 1992919.41319793 -52169.30174209 84806.81163646
70.20000000000029 1993013.70666751 -51494.68494840 84853.00721131
70.30000000000028 1993112.87867492 -50803.33305368 84902.45338328
70.40000000000028 1993216.73274395 -50095.81126392 84955.12738088
70.50000000000027 1993325.06928836 -49372.69216874 85011.00498915
70.60000000000026 1993437.68804532 -48634.55855309 85070.06054127
70.70000000000026 1993554.39031597 -47882.00528341 85132.26686657
70.80000000000025 1993674.98080466 -47115.64026519 85197.59525721
70.90000000000025 1993799.26904002 -46336.08446104 85266.01547934
71.00000000000024 1993927.07050630 -45543.97097277 85337.49583248
71.10000000000024 1994058.20762003 -44739.94327585 85412.00324973
71.20000000000023 1994192.51052284 -43924.65285121 85489.50342409
71.30000000000022 1994329.81743295 -43098.75661776 85569.96093966
71.40000000000022 1994469.97421660 -42262.91461925 85653.33938411
71.50000000000021 1994612.83304401 -41417.78830300 85739.60142559
71.60000000000021 1994758.25036246 -40564.03951661 85828.70885298
71.7000000000002 1994906.08468085 -39702.33020829 85920.62259215
71.8000000000002 1995056.19458953 -38833.32297195 86015.30272499
71.90000000000019 1995208.43663255 -37957.68377532 86112.70861728
72.00000000000018 1995362.66029888 -37076.09281687 86212.79966675
72.10000000000018 1995518.72259567 -36189.24924848 86315.53762839
72.20000000000017 1995676.53312255 -35297.81874457 86420.88251930
72.30000000000017 1995835.95390942 -34402.43206296 86528.77439828
72.40000000000016 1995996.84501560 -33503.71597092 86639.15311401
72.50000000000016 1996159.09338466 -32602.30725146 86751.96622444
72.60000000000015 1996322.59283010 -31698.85657303 86867.16308416
72.70000000000014 1996487.23942259 -30794.02820128 86984.69230671
72.80000000000014 1996652.93142856 -29888.49685459 87104.50075137
72.90000000000013 1996819.56929217 -28982.94343801 87226.53332908
73.00000000000013 1996987.05471709 -28078.05157530 87350.73347238
73.10000000000012 1997155.28858842 -27174.50692842 87477.04408627
73.20000000000012 1997324.16697716 -26273.00046909 87605.40870706
73.30000000000011 1997493.57712345 -25374.22673103 87735.77177540
73.4000000000001 1997663.41119408 -24478.85809503 87868.07644519
73.5000000000001 1997833.60698308 -23587.52647293 88002.26354048
73.6000000000001 1998004.14218532 -22700.83650864 88138.27323544
73.70000000000009 1998174.99310341 -21819.38057332 88276.04620819
73.80000000000008 1998346.12861480 -20943.74618300 88415.52402840
73.90000000000008 1998517.51718205 -20074.51845754 88556.64895319
74.00000000000007 1998689.13033192 -19212.27977632 88699.36343189
74.10000000000007 1998860.94196131 -18357.60914920 88843.60989745
74.20000000000006 1999032.92516605 -17511.08246155 88989.33102736
74.30000000000005 1999205.04948845 -16673.27240182 89136.47015202
74.40000000000005 1999377.28007296 -15844.74709026 89284.97154840
74.50000000000004 1999549.57817163 -15026.06762751 89434.78055790
74.60000000000004 1999721.90211346 -14217.78523351 89585.84352855
74.70000000000003 1999894.20841085 -13420.43850183 89738.10759489
74.80000000000003 2000066.45350974 -12634.55077414 89891.52033016
74.90000000000002 2000238.59745482 -11860.62705935 90046.02933333
75.00000000000001 2000410.60898510 -11099.15060224 90201.58183638
75.10000000000001 2000582.46777349 -10350.58125044 90358.12441690
75.2 2000754.16220157 -9615.35735961 90515.60288555
75.3 2000925.68675775 -8893.90013533 90673.96236795
75.39999999999999 2001097.04140411 -8186.61812849 90833.14749751
75.49999999999999 2001268.23149344 -7493.91013259 90993.10259530
75.59999999999998 2001439.26664546 -6816.16568093 91153.77178755
75.69999999999997 2001610.15856046 -6153.76331235 91315.09910822
75.79999999999997 2001780.91872465 -5507.06755279 91477.02865244
75.89999999999996 2001951.55675559 -4876.42587180 91639.50476110
75.99999999999996 2002122.07939366 -4262.16650588 91802.47211338
76.09999999999995 2002292.48985209 -3664.59732715 91965.87563757
76.19999999999995 2002462.78752306 -3084.00550618 92129.66030261
76.29999999999994 2002632.96820218 -2520.65759951 92293.77092483
76.39999999999993 2002803.02475695 -1974.79969377 92458.15206545
76.49999999999993 2002972.94787367 -1446.65743488 92622.74802003
76.59999999999992 2003142.72651262 -936.43612143 92787.50288440
76.69999999999992 2003312.34807104 -444.32131966 92952.36070612
76.79999999999991 2003481.79875342 29.51950481 93117.26575635
76.8999999999999 2003651.06479601 484.93408964 93282.16294739
76.9999999999999 2003820.13475540 921.78143778 93446.99836849
77.0999999999999 2003989.00241933 1339.92761057 93611.71984548
77.19999999999989 2004157.66964297 1739.24237535 93776.27738924
77.29999999999988 2004326.14855852 2119.59779212 93940.62340546
77.39999999999988 2004494.46238270 2480.86942863 94104.71258860
77.49999999999987 2004662.64358976 2822.94011286 94268.50150953
77.59999999999987 2004830.72924122 3145.70481856 94431.94802093
77.69999999999986 2004998.75547938 3449.07415159 94595.01066323
77.79999999999986 2005166.75345800 3732.97449138 94757.64820224
77.89999999999985 2005334.74642491 3997.34535366 94919.81935539
77.99999999999984 2005502.74511253 4242.13675551 95081.48274324
78.09999999999984 2005670.73931036 4467.30902086 95242.59709466
78.19999999999983 2005838.68847216 4672.83537855 95403.12164034
78.29999999999983 2006006.51901799 4858.70634224 95563.01651128
78.39999999999982 2006174.13267057 5024.93486408 95722.24301941
78.49999999999982 2006341.42115849 5171.56135406 95880.76384023
78.59999999999981 2006508.27955565 5298.65727463 96038.54310490
78.6999999999998 2006674.61460133 5406.32606542 96195.54635445
78.7999999999998 2006840.34835111 5494.70104780 96351.74034539
78.89999999999979 2007005.41867287 5563.94100654 96507.09275734
78.99999999999979 2007169.77787035 5614.22470374 96661.57188099
79.09999999999978 2007333.39038914 5645.74556197 96815.14636132
79.19999999999978 2007496.23036271 5658.70729347 96967.78502197
79.29999999999977 2007658.27915924 5653.32050528 97119.45667305
79.39999999999976 2007819.52169940 5629.80028366 97270.12983855
79.49999999999976 2007979.94118762 5588.36608028 97419.77280223
79.59999999999975 2008139.51616501 5529.24381420 97568.35410741
79.69999999999975 2008298.22172539 5452.66804981 97715.84308583
79.79999999999974 2008456.03171615 5358.88361042 97862.21031514
79.89999999999974 2008612.92042395 5248.14669412 98007.42793531
79.99999999999973 2008768.86403909 5120.72542980 98151.46973699
80.09999999999972 2008923.84202352 4976.89988976 98294.31105057
80.19999999999972 2009077.83834320 4816.96166007 98435.92852353
80.29999999999971 2009230.84261177 4641.21310766 98576.29987453
80.39999999999971 2009382.85136961 4449.96649214 98715.40368906
80.4999999999997 2009533.86987151 4243.54305673 98853.21928853
80.5999999999997 2009683.91444710 4022.27219167 98989.72667477
80.69999999999969 2009833.01324471 3786.49065224 99124.90654459
80.79999999999968 2009981.19796246 3536.54150870 99258.74039162
80.89999999999968 2010128.48228889 3272.77204527 99391.21065018
80.99999999999967 2010274.84718994 2995.53048722 99522.30069060
81.09999999999967 2010420.25260837 2705.16436729 99651.99484367
81.19999999999966 2010564.65841744 2402.02340971 99780.27882800
81.29999999999966 2010708.03597051 2086.46490599 99907.14027778
81.39999999999965 2010850.37073659 1758.85778754 100032.56900280
81.49999999999964 2010991.66128137 1419.58383259 100156.55696415
81.59999999999964 2011131.91715257 1069.03640641 100279.09805617
81.69999999999963 2011271.15638283 707.61778671 100400.18778380
81.79999999999963 2011409.40277851 335.73608444 100519.82291827
81.89999999999962 2011546.68310377 -46.19751765 100638.00120259
81.99999999999962 2011683.02434723 -437.77083616 100754.72115293
82.09999999999961 2011818.45134366 -838.57200737 100869.98196909
82.1999999999996 2011952.98502988 -1248.19019248 100983.78353772
82.2999999999996 2012086.64150682 -1666.21586096 101096.12649562
82.3999999999996 2012219.43190748 -2092.24081169 101207.01231750
82.49999999999959 2012351.36291906 -2525.85804174 101316.44339971
82.59999999999958 2012482.43772641 -2966.66154402 101424.42312037
82.69999999999958 2012612.65712819 -3414.24610396 101530.95586570
82.79999999999957 2012742.02060626 -3868.20715464 101636.04701980
82.89999999999957 2012870.52718307 -4328.14073279 101739.70292104
82.99999999999956 2012998.17597140 -4793.64355581 101841.93079239
83.09999999999955 2013124.96639247 -5264.31321936 101942.73865521
83.19999999999955 2013250.89810215 -5739.74849862 102042.13523583
83.29999999999954 2013375.97070915 -6219.54972706 102140.12987334
83.39999999999954 2013500.18338959 -6703.31922331 102236.73243393
83.49999999999953 2013623.53449838 -7190.66173836 102331.95323538
83.59999999999953 2013746.02125578 -7681.18489979 102425.80298247
83.69999999999952 2013867.63955379 -8174.49963587 102518.29271298
83.79999999999951 2013988.38389258 -8670.22056836 102609.43375304
83.89999999999951 2014108.24742768 -9167.96636855 102699.23768030
83.9999999999995 2014227.22209077 -9667.36007553 102787.71629336
84.0999999999995 2014345.29874090 -10168.02937951 102874.88158589
84.19999999999949 2014462.46730755 -10669.60687501 102960.74572393
84.29999999999949 2014578.71689964 -11171.73029058 103045.32102433
84.39999999999948 2014694.03586921 -11674.04270198 103128.61993264
84.49999999999947 2014808.41183287 -12176.19273540 103210.65499831
84.59999999999947 2014921.83166379 -12677.83476646 103291.43884577
84.69999999999946 2015034.28147158 -13178.62911943 103370.98414025
84.79999999999946 2015145.74658684 -13678.24226883 103449.30354837
84.89999999999945 2015256.21156257 -14176.34704464 103526.40969432
84.99999999999945 2015365.66019833 -14672.62283985 103602.31511347
85.09999999999944 2015474.07558656 -15166.75581837 103677.03220594
85.19999999999943 2015581.44017581 -15658.43912031 103750.57319263
85.29999999999943 2015687.73584298 -16147.37306103 103822.95007645
85.39999999999942 2015792.94396681 -16633.26532104 103894.17461024
85.49999999999942 2015897.04549649 -17115.83112382 103964.25827240
85.59999999999941 2016000.02101247 -17594.79339993 104033.21225002
85.6999999999994 2016101.85077911 -18069.88293627 104101.04742826
85.7999999999994 2016202.51479172 -18540.83851083 104167.77438408
85.8999999999994 2016301.99282155 -19007.40701333 104233.40338206
85.99999999999939 2016400.26446234 -19469.34355340 104297.94437010
86.09999999999938 2016497.30918160 -19926.41155757 104361.40697300
86.19999999999938 2016593.10637780 -20378.38285680 104423.80048289
86.29999999999937 2016687.63544344 -20825.03776573 104485.13384587
86.39999999999937 2016780.87583245 -21266.16515464 104545.41564541
86.49999999999936 2016872.80712940 -21701.56251459 104604.65408338
86.59999999999935 2016963.40911810 -22131.03601571 104662.85696012
86.69999999999935 2017052.66184697 -22554.40055850 104720.03165525
86.79999999999934 2017140.54568977 -22971.47981734 104776.18511064
86.89999999999934 2017227.04140084 -23382.10627569 104831.32381678
86.99999999999933 2017312.13016488 -23786.12125219 104885.45380321
87.09999999999933 2017395.79364201 -24183.37491709 104938.58063348
87.19999999999932 2017478.01400909 -24573.72629864 104990.70940399
87.29999999999932 2017558.77399846 -24957.04327916 105041.84474642
87.39999999999931 2017638.05693488 -25333.20258093 105091.99083252
87.4999999999993 2017715.84677129 -25702.08974219 105141.15138033
87.5999999999993 2017792.12812351 -26063.59908356 105189.32966075
87.69999999999929 2017866.88630381 -26417.63366562 105236.52850369
87.79999999999929 2017940.10735304 -26764.10523830 105282.75030312
87.89999999999928 2018011.77807089 -27102.93418278 105327.99702100
87.99999999999928 2018081.88604418 -27434.04944677 105372.27018990
88.09999999999927 2018150.41967309 -27757.38847390 105415.57091501
88.19999999999926 2018217.36819529 -28072.89712769 105457.89987579
88.29999999999926 2018282.72170822 -28380.52961048 105499.25732802
88.39999999999925 2018346.47118918 -28680.24837714 105539.64310690
88.49999999999925 2018408.60851258 -28972.02404250 105579.05663149
88.59999999999924 2018469.12646297 -29255.83528114 105617.49691099
88.69999999999924 2018528.01874199 -29531.66871739 105654.96255299
88.79999999999923 2018585.27996727 -29799.51880337 105691.45177384
88.89999999999922 2018640.90566201 -30059.38768376 105726.96241121
88.99999999999922 2018694.89223549 -30311.28504700 105761.49193896
89.09999999999921 2018747.23695600 -30555.22796422 105795.03748416
89.1999999999992 2018797.93791973 -30791.24071842 105827.59584631
89.2999999999992 2018846.99401918 -31019.35462721 105859.16351799
89.3999999999992 2018894.40491484 -31239.60786209 105889.73670644
89.49999999999919 2018940.17101223 -31452.04526679 105919.31135498
89.59999999999918 2018984.29344537 -31656.71817576 105947.88316352
89.69999999999918 2019026.77406563 -31853.68423281 105975.44760724
89.79999999999917 2019067.61543436 -32043.00720905 106001.99995337
89.89999999999917 2019106.82081693 -32224.75681845 106027.53527596
89.99999999999916 2019144.39417592 -32399.00852972 106052.04846951
90.09999999999916 2019180.34016209 -32565.84337306 106075.53426207
90.19999999999915 2019214.66410207 -32725.34774119 106097.98722900
90.29999999999914 2019247.37198296 -32877.61318445 106119.40180812
90.39999999999914 2019278.47043417 -33022.73620049 106139.77231681
90.49999999999913 2019307.96670749 -33160.81801952 106159.09297134
90.59999999999913 2019335.86865611 -33291.96438607 106177.35790839
90.69999999999912 2019362.18471347 -33416.28533867 106194.56120812
90.79999999999912 2019386.92387217 -33533.89498850 106210.69691857
90.89999999999911 2019410.09566331 -33644.91129791 106225.75908059
90.9999999999991 2019431.71013603 -33749.45585952 106239.74175288
91.0999999999991 2019451.77783707 -33847.65367639 106252.63903682
91.1999999999991 2019470.30979030 -33939.63294328 106264.44510084
91.29999999999909 2019487.31747578 -34025.52482939 106275.15420427
91.39999999999908 2019502.81280866 -34105.46326212 106284.76072076
91.49999999999908 2019516.80811774 -34179.58471220 106293.25916140
91.59999999999907 2019529.31612404 -34248.02797986 106300.64419762
91.69999999999906 2019540.34991956 -34310.93398221 106306.91068397
91.79999999999906 2019549.92294662 -34368.44554194 106312.05368093
91.89999999999905 2019558.04897781 -34420.70717728 106316.06847762
91.99999999999905 2019564.74209697 -34467.86489379 106318.95061443
92.09999999999904 2019570.01668120 -34510.06597789 106320.69590542
92.19999999999904 2019573.88738406 -34547.45879257 106321.30046042
92.29999999999903 2019576.36911992 -34580.19257556 106320.76070665
92.39999999999903 2019577.47704953 -34608.41724011 106319.07340964
92.49999999999902 2019577.22656680 -34632.28317876 106316.23569355
92.59999999999901 2019575.63328665 -34651.94107029 106312.24506051
92.69999999999901 2019572.71303409 -34667.54169005 106307.09940913
92.799999999999 2019568.48183426 -34679.23572399 106300.79705195
92.899999999999 2019562.95590356 -34687.17358652 106293.33673193
92.99999999999899 2019556.15164162 -34691.50524252 106284.71763794
93.09999999999899 2019548.08562426 -34692.38003359 106274.93941911
93.19999999999898 2019538.77459707 -34689.94650883 106264.00219839
93.29999999999897 2019528.23546982 -34684.35226035 106251.90658501
93.39999999999897 2019516.48531140 -34675.74376351 106238.65368612
93.49999999999896 2019503.54134525 -34664.26622232 106224.24511755
93.59999999999896 2019489.42094538 -34650.06341979 106208.68301371
93.69999999999895 2019474.14163265 -34633.27757353 106191.97003666
93.79999999999895 2019457.72107151 -34614.04919671 106174.10938438
93.89999999999894 2019440.17706704 -34592.51696422 106155.10479815
93.99999999999893 2019421.52756223 -34568.81758431 106134.96056908
94.09999999999893 2019401.79063557 -34543.08567565 106113.68154370
94.19999999999892 2019380.98449885 -34515.45364973 106091.27312859
94.29999999999892 2019359.12749510 -34486.05159892 106067.74129398
94.39999999999891 2019336.23809669 -34455.00718981 106043.09257641
94.4999999999989 2019312.33490356 -34422.44556224 106017.33408018
94.5999999999989 2019287.43664141 -34388.48923375 105990.47347791
94.6999999999989 2019261.56215996 -34353.25800953 105962.51900992
94.79999999999889 2019234.73043117 -34316.86889795 105933.47948270
94.89999999999888 2019206.96054735 -34279.43603153 105903.36426633
94.99999999999888 2019178.27171921 -34241.07059342 105872.18329102
95.09999999999887 2019148.68327372 -34201.88074924 105839.94704275
95.19999999999887 2019118.21465184 -34161.97158446 105806.66655811
95.29999999999886 2019086.88540610 -34121.44504700 105772.35341831
95.39999999999885 2019054.71519794 -34080.39989519 105737.01974254
95.49999999999885 2019021.72379488 -34038.93165100 105700.67818053
95.59999999999884 2018987.93106742 -33997.13255846 105663.34190452
95.69999999999884 2018953.35698577 -33955.09154713 105625.02460043
95.79999999999883 2018918.02161629 -33912.89420071 105585.74045854
95.89999999999883 2018881.94511768 -33870.62273065 105545.50416337
95.99999999999882 2018845.14773690 -33828.35595457 105504.33088302
96.09999999999881 2018807.64980486 -33786.16927965 105462.23625781
96.19999999999881 2018769.47173179 -33744.13469063 105419.23638841
96.2999999999988 2018730.63400228 -33702.32074260 105375.34782324
96.3999999999988 2018691.15717014 -33660.79255827 105330.58754547
96.49999999999879 2018651.06185286 -33619.61182972 105284.97295941
96.59999999999879 2018610.36872581 -33578.83682457 105238.52187644
96.69999999999878 2018569.09851617 -33538.52239632 105191.25250056
96.79999999999878 2018527.27199649 -33498.71999892 105143.18341351
96.89999999999877 2018484.90997802 -33459.47770533 105094.33355957
96.99999999999876 2018442.03330370 -33420.84023003 105044.72223009
97.09999999999876 2018398.66284087 -33382.84895532 104994.36904769
97.19999999999875 2018354.81947372 -33345.54196133 104943.29395033
97.29999999999875 2018310.52409541 -33308.95405959 104891.51717509
97.39999999999874 2018265.79759997 -33273.11683004 104839.05924180
97.49999999999874 2018220.66087390 -33238.05866146 104785.94093651
97.59999999999873 2018175.13478755 -33203.80479502 104732.18329483
97.69999999999872 2018129.24018624 -33170.37737097 104677.80758506
97.79999999999872 2018082.99788122 -33137.79547834 104622.83529127
97.89999999999871 2018036.42864033 -33106.07520744 104567.28809629
97.9999999999987 2017989.55317857 -33075.22970515 104511.18786452
98.0999999999987 2017942.39214844 -33045.26923275 104454.55662486
98.1999999999987 2017894.96613023 -33016.20122636 104397.41655339
98.29999999999869 2017847.29562206 -32988.03035961 104339.78995626
98.39999999999868 2017799.40102993 -32960.75860864 104281.69925248
98.49999999999868 2017751.30265767 -32934.38531920 104223.16695683
98.59999999999867 2017703.02069679 -32908.90727575 104164.21566278
98.69999999999867 2017654.57521640 -32884.31877242 104104.86802566
98.79999999999866 2017605.98615302 -32860.61168578 104045.14674582
98.89999999999866 2017557.27330047 -32837.77554914 103985.07455204
98.99999999999865 2017508.45629983 -32815.79762846 103924.67418504
99.09999999999864 2017459.55462937 -32794.66299963 103863.96838127
99.19999999999864 2017410.58759466 -32774.35462701 103802.97985678
99.29999999999863 2017361.57431876 -32754.85344313 103741.73129139
99.39999999999863 2017312.53373248 -32736.13842942 103680.24531304
99.49999999999862 2017263.48456489 -32718.18669794 103618.54448235
99.59999999999862 2017214.44533393 -32700.97357380 103556.65127748
99.69999999999861 2017165.43433720 -32684.47267839 103494.58807915
99.7999999999986 2017116.46964298 -32668.65601314 103432.37715600
99.8999999999986 2017067.56908151 -32653.49404375 103370.04065019
99.9999999999986 2017018.75023637 -32638.95578482 103307.60056334
100.09999999999859 2016970.03043632 -32625.00888471 103245.07874269
