# Body fitted drag for model part FluidModelPart.Drag_structure
# Time Fx Fy Fz
0.2 10267053.38324459 1658.56029555 -47210826.36313517
0.30000000000000004 20542297.94260928 3122.98781588 -91134566.70528488
0.4 30265919.33811086 6666.28375351 -127687244.65693696
0.5 37610001.91649151 15713.22110844 -150937948.16743451
0.6 40168372.03161889 36579.24936005 -154612822.90100801
0.7 36297266.74232794 67262.62100358 -135025380.01719129
0.7999999999999999 26556796.96965000 94848.82570323 -93977099.54780218
0.8999999999999999 13755234.63141100 105809.26847389 -39413997.95125224
0.9999999999999999 1520961.00679491 101308.45240588 17103515.60163130
1.0999999999999999 -7331857.83663661 110608.28036784 64616641.04563668
1.2 -11714617.61205976 135186.46105705 96076174.40759327
1.3 -12280861.76332478 150862.17418042 109286087.22713490
1.4000000000000001 -10192266.85316657 156681.10024419 105888501.98857094
1.5000000000000002 -6459249.10361609 156791.07332965 89567126.64313202
1.6000000000000003 -1852769.79972535 146104.70259647 64493043.49153684
1.7000000000000004 2951661.94105771 122959.40338205 34479321.45138045
1.8000000000000005 7280324.29225718 95503.44995622 2805291.98549889
1.9000000000000006 10562957.56213237 75429.60691225 -27558733.78380347
2.0000000000000004 12448596.19014157 64172.72446467 -53665877.86934926
2.1000000000000005 12782402.42314068 60036.23393604 -72539575.49027680
2.2000000000000006 11607238.52913656 58859.23842955 -81528740.38084731
2.3000000000000007 9194003.37233640 55433.06424470 -79023406.18128929
2.400000000000001 6056318.19163015 46789.78719905 -65211217.91233364
2.500000000000001 2868653.04816936 36012.42850213 -42428237.72625265
2.600000000000001 285710.83193381 31136.92141204 -14799493.84618560
2.700000000000001 -1295789.01965377 34548.22652007 12765930.02655654
2.800000000000001 -1839137.75219280 46618.87956195 35804080.81304698
2.9000000000000012 -1514982.40314132 68564.98714226 51253105.25715771
3.0000000000000013 -540773.10676980 97677.86521386 57832392.96521394
3.1000000000000014 864194.07856810 127639.13406672 55865467.71905922
3.2000000000000015 2472235.58686967 152238.06988413 46792911.86414486
3.3000000000000016 4052386.06083410 167787.18068342 32648406.91832200
3.4000000000000017 5390784.23157542 173209.25212732 15664725.03284818
3.5000000000000018 6315493.96858491 169165.39108981 -1952744.08035022
3.600000000000002 6719170.67959589 157195.64140805 -18139316.50958193
3.700000000000002 6576289.44621911 138767.00440142 -31059835.98926220
3.800000000000002 5946294.75887433 114743.56340185 -39240887.79410623
3.900000000000002 4964739.76500797 86499.50537352 -41758009.63779869
4.000000000000002 3820580.29810657 56872.16958119 -38431047.87019645
4.100000000000001 2718311.48649443 30507.36015339 -29937808.09471243
4.200000000000001 1833107.37240150 12734.38882056 -17760426.15721793
4.300000000000001 1274881.21886244 7700.72562552 -3933751.06370085
4.4 1078723.03992864 17086.07078130 9351747.75689704
4.5 1219432.52341651 39333.23648204 20174154.18608031
4.6 1633234.08702335 69821.03795796 27204046.75329895
4.699999999999999 2233267.80250037 102409.27299161 29852098.98661564
4.799999999999999 2919502.86364482 131193.94855243 28239557.19979066
4.899999999999999 3588760.98912858 151665.40106967 23048169.32922575
4.999999999999998 4146777.64206349 161240.68208142 15322731.98992257
5.099999999999998 4520518.32485220 159256.72222882 6282344.98071328
5.1999999999999975 4667926.10866299 146557.02778233 -2834128.60874967
5.299999999999997 4582866.23482422 125002.69713833 -10888683.90676157
5.399999999999997 4294573.11610814 97250.93327296 -16942741.44007721
5.4999999999999964 3861703.30262076 66694.31708835 -20342935.81787567
5.599999999999996 3361600.91466023 37300.16498438 -20792074.96284348
5.699999999999996 2876198.91798787 13134.81381188 -18390800.73921478
5.799999999999995 2477350.65581773 -2366.01221318 -13629782.59835943
5.899999999999995 2215239.35115721 -7172.61001397 -7318265.19141203
5.999999999999995 2112809.47297948 -1157.71270083 -451972.49528949
6.099999999999994 2166565.94458093 13847.32953609 5955367.67862659
6.199999999999994 2351379.62543643 34499.85923465 11038177.29306169
6.299999999999994 2626857.38041787 56698.78455175 14204573.50751675
6.399999999999993 2944168.76141866 76416.85356575 15197862.53861920
6.499999999999993 3253080.56013021 90399.22309952 14091668.73726097
6.5999999999999925 3508834.61061062 96590.88641485 11233759.00140988
6.699999999999992 3678023.44067313 94265.72207613 7161289.01671237
6.799999999999992 3742554.46266297 83925.07548881 2508375.18524748
6.8999999999999915 3701131.00694226 67073.46745076 -2080194.03609056
6.999999999999991 3568164.08211360 45950.75136629 -6022759.62797202
7.099999999999991 3370428.78645381 23244.21349472 -8860403.13587565
7.19999999999999 3142063.40913458 1760.18257979 -10301629.44226030
7.29999999999999 2918735.16709701 -15951.51744591 -10249807.68779146
7.39999999999999 2731967.38006380 -27975.30184459 -8809193.54058052
7.499999999999989 2604644.91277242 -33325.37370380 -6265483.62201454
7.599999999999989 2548467.08480574 -32084.79758896 -3040179.44728683
7.699999999999989 2563521.94737135 -25351.50232633 376061.86073668
7.799999999999988 2639634.12868807 -14999.15994932 3499835.46126030
7.899999999999988 2758952.81146906 -3312.64488182 5926563.52346272
7.999999999999988 2899247.75202425 7416.37805598 7383802.07433411
8.099999999999987 3037453.63637299 15250.17702237 7758053.75041066
8.199999999999987 3153019.39578212 18860.43343967 7093835.39132887
8.299999999999986 3230625.10467256 17652.29068113 5569766.41970009
8.399999999999986 3261907.25358680 11764.40546275 3459740.87391902
8.499999999999986 3246009.71362398 1973.51017289 1087600.16136471
8.599999999999985 3188981.74307625 -10464.22487911 -1217897.71837413
8.699999999999985 3102232.03597132 -24010.95939966 -3163235.77088606
8.799999999999985 3000355.46233330 -37065.06459998 -4522603.28440841
8.899999999999984 2898705.83499635 -48179.59148694 -5160743.75438770
8.999999999999984 2811091.83850114 -56255.25458666 -5044549.25715045
9.099999999999984 2747929.66469597 -60679.00003324 -4242078.30583179
9.199999999999983 2715087.79654762 -61385.35611935 -2908608.02563464
9.299999999999983 2713517.39829709 -58832.84988345 -1261078.65693214
9.399999999999983 2739628.11122851 -53899.98889640 455525.33549199
9.499999999999982 2786263.15690800 -47722.27133534 2004474.83365211
9.599999999999982 2844073.52924133 -41501.79933576 3190195.70638415
9.699999999999982 2903064.69670988 -36325.40258410 3882500.10992310
9.799999999999981 2954086.74764151 -33019.81574673 4028947.93293314
9.89999999999998 2990060.22095966 -32061.19017868 3654732.29941397
9.99999999999998 3006781.44667454 -33543.98044812 2851782.81679448
10.09999999999998 3003228.12420081 -37204.36417700 1760227.18934972
10.19999999999998 2981373.25600028 -42487.61122955 545820.21329952
10.29999999999998 2945588.89039901 -48646.29155523 -623327.63142128
10.399999999999979 2901775.08772568 -54855.34567275 -1598023.72075182
10.499999999999979 2856367.79346403 -60329.61610665 -2265237.55206488
10.599999999999978 2815378.49439648 -64428.78156823 -2559839.46003741
10.699999999999978 2783595.23769816 -66736.14294638 -2469844.31434709
10.799999999999978 2764038.03935502 -67101.18030731 -2034728.11369995
10.899999999999977 2757716.88665486 -65641.34941471 -1337119.96040920
10.999999999999977 2763694.28921571 -62704.92718633 -489059.18992808
11.099999999999977 2779412.52713899 -58803.82562437 385128.59338542
11.199999999999976 2801214.75863133 -54528.28604049 1166698.99537790
11.299999999999976 2824969.65757678 -50458.22478030 1758370.10763861
11.399999999999975 2846701.66506592 -47084.55932971 2095949.39236336
11.499999999999975 2863136.10307389 -44750.65126983 2154327.50163560
11.599999999999975 2872088.44162113 -43619.64642504 1947525.26907430
11.699999999999974 2872656.91351454 -43669.22526067 1523447.59751766
11.799999999999974 2865211.69167503 -44711.43475788 954677.11804047
11.899999999999974 2851205.68405764 -46432.63979115 326968.54398068
11.999999999999973 2832854.60232854 -48446.56189715 -272870.35677258
12.099999999999973 2812747.19283141 -50352.72350203 -768199.17500910
12.199999999999973 2793447.24422421 -51792.28504533 -1101631.81576089
12.299999999999972 2777142.87960920 -52493.90621975 -1241080.55609347
12.399999999999972 2765385.10662494 -52304.25311732 -1182211.60608566
12.499999999999972 2758940.85487654 -51199.94418032 -947177.09453852
12.599999999999971 2757768.24448751 -49280.60026507 -579938.76230255
12.69999999999997 2761104.76136386 -46745.47978538 -138944.88975874
12.79999999999997 2767645.90119269 -43858.26839358 311713.62724365
12.89999999999997 2775779.94506431 -40906.31297015 711344.25592099
12.99999999999997 2783842.08541244 -38160.10938251 1010591.22381033
13.09999999999997 2790349.87199640 -35838.85813115 1177218.07946011
13.199999999999969 2794188.61801410 -34086.01486311 1199091.05037338
13.299999999999969 2794725.88317590 -32957.18810655 1084197.08980955
13.399999999999968 2791846.35316984 -32420.78975930 857975.29450143
13.499999999999968 2785911.08644997 -32370.14929998 558578.75024102
13.599999999999968 2777655.87298640 -32644.49919583 230882.54669334
13.699999999999967 2768049.78809840 -33055.22459828 -79884.35134608
13.799999999999967 2758138.09925401 -33413.63065455 -334054.41071764
13.899999999999967 2748892.30120143 -33556.37246417 -502285.39403164
13.999999999999966 2741086.80696936 -33365.34454403 -568661.19695568
14.099999999999966 2735215.30160968 -32779.85530557 -531844.85272250
14.199999999999966 2731453.59270109 -31800.03130328 -404249.38399142
14.299999999999965 2729668.92878282 -30481.76409892 -209445.00578610
14.399999999999965 2729469.63413028 -28924.61005061 21753.69175432
14.499999999999964 2730284.59023609 -27254.86622455 255913.90115323
14.599999999999964 2731458.40378309 -25606.65366732 461645.67136227
14.699999999999964 2732348.39056184 -24103.51557109 613652.82403233
14.799999999999963 2732409.57084917 -22843.10960873 695659.44451863
14.899999999999963 2731257.50001709 -21886.60414698 701897.99618797
14.999999999999963 2728702.67378551 -21253.82980077 637074.69020613
15.099999999999962 2724754.89348050 -20924.25709832 514945.74823136
15.199999999999962 2719600.49598746 -20843.15244786 355812.26163140
15.299999999999962 2713558.40219584 -20931.68339769 183353.15802280
15.399999999999961 2707023.69032703 -21099.22114944 21260.79254852
15.499999999999961 2700407.26962143 -21256.18485499 -109872.86256185
15.59999999999996 2694080.02129803 -21325.60254742 -195038.96124136
15.69999999999996 2688328.32044007 -21252.04379897 -226389.02550363
15.79999999999996 2683325.24154194 -21006.94765042 -203763.46934478
15.89999999999996 2679119.57972531 -20589.95799480 -134170.18338387
15.99999999999996 2675642.21268539 -20026.44971463 -30348.56320545
16.09999999999996 2672727.14651241 -19361.88851321 91331.50509086
16.19999999999996 2670143.14940734 -18654.06133654 213310.20144430
16.29999999999996 2667630.54747699 -17964.38768018 319265.18952068
16.399999999999963 2664938.22194005 -17349.47409801 396197.83365813
16.499999999999964 2661855.60533850 -16854.04291655 435920.45502847
16.599999999999966 2658236.21128102 -16505.98994496 435789.06806025
16.699999999999967 2654010.37649521 -16314.05889610 398641.78417817
16.79999999999997 2649186.70559275 -16268.18059317 332013.86702317
16.89999999999997 2643843.27330696 -16342.20361131 246790.86944634
16.99999999999997 2638110.71237955 -16498.48658295 155521.44409057
17.099999999999973 2632150.41555831 -16693.53462159 70637.16357563
17.199999999999974 2626130.95373123 -16883.96346403 2818.80686939
17.299999999999976 2620205.96149546 -17031.92452349 -40288.46263709
17.399999999999977 2614496.13616750 -17109.38710840 -54867.99063417
17.49999999999998 2609077.15973591 -17100.79382242 -41162.77608754
17.59999999999998 2603974.50615189 -17003.89792934 -3152.76051801
17.69999999999998 2599165.15931507 -16828.81439809 52241.45257496
17.799999999999983 2594585.27341893 -16595.58059176 116290.19395407
17.899999999999984 2590142.38229178 -16330.64164769 179747.25141978
17.999999999999986 2585730.09363133 -16062.81187576 234118.64766767
18.099999999999987 2581243.29280293 -15819.26466250 272738.93917392
18.19999999999999 2576591.74429888 -15622.06690238 291524.56258744
18.29999999999999 2571710.61564567 -15485.65385194 289327.27444243
18.39999999999999 2566566.79979752 -15415.49345555 267870.60838447
18.499999999999993 2561160.63951831 -15408.00329476 231309.52164919
18.599999999999994 2555523.26716224 -15451.63189315 185500.35753993
18.699999999999996 2549710.25040392 -15528.88339046 137099.62509919
18.799999999999997 2543792.74949229 -15618.92983831 92623.32754807
18.9 2537847.43083803 -15700.47111196 57593.67331610
19.0 2531946.57495475 -15754.41582552 35879.18833065
19.1 2526149.60143331 -15766.04882917 29301.32471833
19.200000000000003 2520496.92532738 -15726.47495207 37540.61904202
19.300000000000004 2515006.68554896 -15633.25138130 58333.73289686
19.400000000000006 2509674.49807086 -15490.16408016 87914.78649394
19.500000000000007 2504476.03172329 -15306.23877065 121625.05340954
19.60000000000001 2499372.00705288 -15094.16615470 154597.73467547
19.70000000000001 2494314.76869243 -14868.35319432 182420.91174915
19.80000000000001 2489255.40683111 -14642.88927427 201691.60260575
19.900000000000013 2484150.43131979 -14429.73803033 210394.82957972
20.000000000000014 2478967.26360713 -14237.35569474 208069.98070558
20.100000000000016 2473687.89590680 -14069.85285592 195758.08062553
20.200000000000017 2468310.39881746 -13926.76499035 175753.33194747
20.30000000000002 2462848.25169241 -13803.42418500 151206.53935288
20.40000000000002 2457327.72976679 -13691.84730899 125644.02936913
20.50000000000002 2451783.85443553 -13581.97928180 102472.03810016
20.600000000000023 2446255.49857282 -13463.12376446 84533.23517193
20.700000000000024 2440780.35835294 -13325.35311509 73770.28363839
20.800000000000026 2435390.42489376 -13160.72660003 71033.24308657
20.900000000000027 2430108.51224203 -12964.17050915 76046.00372459
21.00000000000003 2424946.21390084 -12733.93334936 87524.80822106
21.10000000000003 2419903.45039167 -12471.58531391 103422.21387066
21.20000000000003 2414969.53992767 -12181.59332790 121255.02422480
21.300000000000033 2410125.59831844 -11870.55824852 138466.44057326
21.400000000000034 2405347.80337476 -11546.22974105 152771.66013708
21.500000000000036 2400611.09800050 -11216.44460991 162442.01758133
21.600000000000037 2395892.77166789 -10888.12468874 166494.26987400
21.70000000000004 2391175.45624278 -10566.45211079 164766.76570751
21.80000000000004 2386449.18921525 -10254.31584356 157880.70330688
21.90000000000004 2381712.40535058 -9952.10666806 147100.13015327
22.000000000000043 2376971.68370722 -9657.95901761 134116.78484902
22.100000000000044 2372240.33758908 -9368.38846264 120793.90260183
22.200000000000045 2367536.97559003 -9078.10051508 108905.99988512
22.300000000000047 2362882.38039079 -8781.23031926 99909.50250100
22.40000000000005 2358296.75310319 -8472.22114588 94772.35519544
22.50000000000005 2353797.22908558 -8146.54926344 93880.95641151
22.60000000000005 2349395.95883715 -7801.23176387 97031.16882848
22.700000000000053 2345098.96693001 -7435.09066319 103498.50871625
22.800000000000054 2340905.86688160 -7048.79374697 112172.44109077
22.900000000000055 2336810.43768960 -6644.68487347 121732.26049866
23.000000000000057 2332801.95407547 -6226.41598968 130838.11296543
23.10000000000006 2328866.99484686 -5798.41371507 138310.61107223
23.20000000000006 2324991.49360041 -5365.25149909 143275.94264052
23.30000000000006 2321162.74038586 -4931.01994836 145259.67236082
23.400000000000063 2317371.04811205 -4498.81190077 144220.51283045
23.500000000000064 2313610.85093436 -4070.39680336 140523.98904552
23.600000000000065 2309881.15670471 -3646.09919553 134863.92915844
23.700000000000067 2306185.36933015 -3224.87470680 128146.06741027
23.800000000000068 2302530.55877615 -2804.55842013 121352.01704080
23.90000000000007 2298926.28885095 -2382.23924363 115403.13270479
24.00000000000007 2295383.19720481 -1954.69830396 111042.35766512
24.100000000000072 2291911.51585305 -1518.84783312 108748.43710137
24.200000000000074 2288519.71458438 -1072.12624756 108691.52974113
24.300000000000075 2285213.44380083 -612.80436090 110733.09732560
24.400000000000077 2281994.91319095 -140.16378729 114466.85903299
24.500000000000078 2278862.76401329 345.47159289 119292.36853910
24.60000000000008 2275812.43655602 842.84509273 124509.04460453
24.70000000000008 2272836.94235056 1349.99326258 129416.64315969
24.800000000000082 2269927.89591806 1864.54567659 133408.32516157
24.900000000000084 2267189.51752400 2367.32519006 136011.96135183
25.000000000000085 2264690.68481839 2852.21415358 137068.38672354
25.100000000000087 2262308.77680832 3326.15746136 136539.21194972
25.200000000000088 2259964.75632362 3797.07634054 134637.36805933
25.30000000000009 2257593.64183788 4272.65511665 131744.00123039
25.40000000000009 2255154.98265983 4758.91237087 128345.52009445
25.500000000000092 2252636.44461375 5259.63754140 124961.12458047
25.600000000000094 2250051.49759362 5776.39246477 122071.06003136
25.700000000000095 2247432.56891126 6308.91090997 120055.17289793
25.800000000000097 2244821.67410217 6855.69942461 119149.33754519
25.900000000000098 2242260.98033411 7414.60066792 119424.37461708
26.0000000000001 2239784.95768347 7983.29826686 120788.63955928
26.1000000000001 2237415.29925015 8559.68479524 123012.19728022
26.200000000000102 2235159.13700092 9142.06855869 125767.71627819
26.300000000000104 2233010.31642254 9729.23438034 128681.33263023
26.400000000000105 2230952.93226453 10320.40286134 131385.91507453
26.500000000000107 2228966.03394365 10915.14776677 133569.42345235
26.600000000000108 2227028.38497457 11513.32023911 135012.27966989
26.70000000000011 2225122.34765380 12114.98916007 135609.61146584
26.80000000000011 2223236.30261122 12720.38185828 135376.56720834
26.900000000000112 2221365.44078390 13329.83399793 134437.28887419
27.000000000000114 2219511.11967847 13943.76129543 133000.25063622
27.100000000000115 2217679.21162173 14562.64802723 131324.26619321
27.200000000000117 2215877.95622354 15187.03639238 129680.36957809
27.300000000000118 2214115.83172780 15817.50635604 128314.92447377
27.40000000000012 2212399.83368022 16454.64122149 127418.74797468
27.50000000000012 2210734.38688678 17098.97964348 127105.88310517
27.600000000000122 2209120.94543526 17750.96128612 127404.11105146
27.700000000000124 2207558.19378536 18410.87644696 128257.59056132
27.800000000000125 2206042.67109050 19078.83001429 129540.38276285
27.900000000000126 2204569.60744659 19754.72794001 131078.27287003
28.000000000000128 2203133.77714756 20438.29056894 132675.39271406
28.10000000000013 2201730.21936287 21129.09137903 134141.76768428
28.20000000000013 2200354.74712423 21826.61846122 135318.06724563
28.300000000000132 2199004.22188027 22530.34461413 136094.48755216
28.400000000000134 2197676.61193390 23239.80165348 136421.68335917
28.500000000000135 2196370.90016144 23954.64346391 136312.87921064
28.600000000000136 2195086.88926300 24674.69093643 135837.52333488
28.700000000000138 2193824.96503406 25399.95276167 135107.94049723
28.80000000000014 2192585.85460518 26130.61947709 134261.26568281
28.90000000000014 2191370.40552841 26867.03261244 133439.40161857
29.000000000000142 2190179.39824068 27609.63452575 132769.80623956
29.100000000000144 2189013.39496311 28358.90655652 132349.60198986
29.200000000000145 2187872.62588650 29115.30415159 132234.87647396
29.300000000000146 2186756.91361852 29879.19789506 132436.21814332
29.400000000000148 2185665.63822101 30650.82814036 132920.62588444
29.50000000000015 2184597.74553184 31430.27864417 133619.07375230
29.60000000000015 2183551.80009537 32217.47174451 134438.31246560
29.700000000000152 2182526.07959346 33012.18455445 135275.02927444
29.800000000000153 2181518.70167066 33814.08281766 136030.31104281
29.900000000000155 2180527.77009624 34622.76704641 136622.46528023
30.000000000000156 2179551.52257427 35437.82406507 136996.61477051
30.100000000000158 2178588.46030581 36258.87664197 137130.02626985
30.20000000000016 2177637.44211598 37085.62469656 137032.77719716
30.30000000000016 2176697.73076820 37917.87305965 136744.01318605
30.400000000000162 2175768.98582609 38755.54280298 136324.61696678
30.500000000000163 2174851.20548410 39598.66556810 135847.52591867
30.600000000000165 2173944.62751510 40447.36269916 135387.15742610
30.700000000000166 2173049.60487637 41301.81292937 135009.41274097
30.800000000000168 2172166.47464901 42162.21367113 134763.54537569
30.90000000000017 2171295.43903141 43028.74148409 134676.83806467
31.00000000000017 2170436.47429108 43901.51708317 134752.59001055
31.100000000000172 2169589.27863318 44780.57932053 134971.43951423
31.200000000000173 2168753.26385943 45665.87106985 135295.60202125
31.300000000000175 2167927.58905292 46557.23812251 135675.24689268
31.400000000000176 2167111.22882657 47454.44039168 136056.00879850
31.500000000000178 2166303.06442307 48357.17314116 136386.55230407
31.60000000000018 2165501.98376099 49265.09472687 136625.18034631
31.70000000000018 2164706.97613819 50177.85666870 136744.67826404
31.800000000000182 2163917.20900438 51095.13183632 136734.87873145
31.900000000000183 2163132.07758331 52016.63704025 136602.77355939
32.000000000000185 2162351.22227992 52942.14716554 136370.33713854
32.100000000000186 2161574.51243260 53871.49858153 136070.51839675
32.20000000000019 2160801.99641956 54804.57849139 135742.06819294
32.30000000000019 2160033.84214623 55741.30966551 135423.97383692
32.40000000000019 2159270.30365620 56681.65710953 135150.26949274
32.50000000000019 2158511.62591397 57625.61076725 134945.89054177
32.60000000000019 2157757.97301554 58573.14969697 134824.03512972
32.700000000000195 2157009.38017850 59524.21831852 134785.28040315
32.800000000000196 2156265.72622321 60478.71207095 134818.44269612
32.9000000000002 2155526.73334774 61436.46958655 134902.93774131
33.0000000000002 2154791.99041210 62397.27241163 135012.21773110
33.1000000000002 2154060.99436845 63360.85195678 135117.74959129
33.2000000000002 2153333.20291642 64326.90227463 135192.96600117
33.3000000000002 2152608.09052860 65295.09654881 135216.66592264
33.400000000000205 2151885.20009168 66265.10483589 135175.45289367
33.500000000000206 2151164.18352794 67236.61062682 135064.95741009
33.60000000000021 2150444.82669520 68209.32414363 134889.76993634
33.70000000000021 2149727.05629602 69182.99088725 134662.18786346
33.80000000000021 2149010.92909672 70157.39470228 134400.02982032
33.90000000000021 2148296.60609999 71132.35541205 134123.87615259
34.00000000000021 2147584.31613681 72107.72179648 133854.14436837
34.100000000000215 2146874.31445550 73083.36124628 133608.40034478
34.200000000000216 2146166.84216041 74059.14776474 133399.24539615
34.30000000000022 2145462.09182093 75034.95007479 133233.01785334
34.40000000000022 2144760.18339174 76010.62143575 133109.42208043
34.50000000000022 2144061.15292092 76985.99242302 133022.06630622
34.60000000000022 2143364.95466461 77960.86743769 132959.77124114
34.70000000000022 2142671.47540057 78935.02516275 132908.41910268
34.800000000000225 2141980.55813222 79908.22263786 132853.05770334
34.900000000000226 2141292.03121758 80880.20215470 132779.96122192
35.00000000000023 2140605.73847211 81850.69984615 132678.37687740
35.10000000000023 2139921.56605093 82819.45470362 132541.74832895
35.20000000000023 2139239.46273182 83786.21681107 132368.29152886
35.30000000000023 2138559.45135833 84750.75379566 132160.89393357
35.40000000000023 2137881.63051018 85712.85481309 131926.40003302
35.500000000000234 2137206.16681302 86672.33176185 131674.42310704
35.600000000000236 2136533.27951231 87629.01780556 131415.87583807
35.70000000000024 2135863.21985365 88582.76362623 131161.43568246
35.80000000000024 2135196.24833284 89533.43209527 130920.15375185
35.90000000000024 2134532.61295033 90480.89220501 130698.38161417
36.00000000000024 2133872.53125777 91425.01314095 130499.13537658
36.10000000000024 2133216.17828304 92365.65929704 130321.94956909
36.200000000000244 2132563.68149403 93302.68686062 130163.20438747
36.300000000000246 2131915.12294403 94235.94234974 130016.84814398
36.40000000000025 2131270.54778155 95165.26321226 129875.38996565
36.50000000000025 2130629.97753015 96090.48033446 129731.01100931
36.60000000000025 2129993.42604757 97011.42209905 129576.63782243
36.70000000000025 2129360.91590476 97927.91950423 129406.83796480
36.80000000000025 2128732.49304607 98839.81178454 129218.43187573
36.900000000000254 2128108.23777315 99746.95177652 129010.76043070
37.000000000000256 2127488.26980253 100649.20946477 128785.59773779
37.10000000000026 2126872.74434844 101546.47067764 128546.74646579
37.20000000000026 2126261.83823359 102438.62903521 128299.39251607
37.30000000000026 2125655.73285904 103325.57624021 128049.32286471
37.40000000000026 2125054.60342930 104207.19861714 127802.12131589
37.50000000000026 2124458.61506213 105083.38006717 127562.45074074
37.600000000000264 2123867.92118344 105954.00673243 127333.51040096
37.700000000000266 2123282.66159906 106818.97046432 127116.72731290
37.80000000000027 2122702.96001505 107678.17046495 126911.70542037
37.90000000000027 2122128.92165191 108531.51334320 126716.42047108
38.00000000000027 2121560.63174123 109378.91202425 126527.61677604
38.10000000000027 2120998.15557082 110220.28397552 126341.33842262
38.20000000000027 2120441.54046546 111055.54919787 126153.51456942
38.300000000000274 2119890.81970527 111884.62839482 125960.51712513
38.400000000000276 2119346.01796736 112707.44166256 125759.61873718
38.50000000000028 2118807.15751901 113523.90793145 125549.29751745
38.60000000000028 2118274.26417368 114333.94523460 125329.35920603
38.70000000000028 2117747.37199430 115137.47171557 125100.87387231
38.80000000000028 2117226.52590060 115934.40718014 124865.94911261
38.90000000000028 2116711.78167964 116724.67505066 124627.38183154
39.000000000000284 2116203.20335806 117508.20502783 124388.24376328
39.100000000000286 2115700.85842682 118284.93838295 124151.46068567
39.20000000000029 2115204.81195187 119054.84131303 123919.44177952
39.30000000000029 2114715.11980911 119817.91263317 123693.80452921
39.40000000000029 2114231.81891037 120574.12315992 123475.22419393
39.50000000000029 2113754.92055281 121323.38327875 123263.42046883
39.60000000000029 2113284.41305777 122065.57838179 123057.27120417
39.700000000000294 2112820.25528864 122800.58533393 122855.02696028
39.800000000000296 2112362.39103895 123528.28656233 122654.59812051
39.9000000000003 2111910.75055886 124248.57202365 122453.86373008
40.0000000000003 2111465.25638092 124961.34059180 122250.96211297
40.1000000000003 2111025.82889726 125666.49959162 122044.52549873
40.2000000000003 2110592.39101814 126363.96300644 121833.83158769
40.3000000000003 2110164.87132434 127053.64891654 121618.85801063
40.400000000000304 2109743.20536601 127735.47673394 121400.23959577
40.500000000000306 2109327.33501923 128409.36464697 121179.14128772
40.60000000000031 2108917.20599315 129075.22738795 120957.06980152
40.70000000000031 2108512.76373312 129732.97419291 120735.65349468
40.80000000000031 2108113.94823524 130382.50684658 120516.42199418
40.90000000000031 2107720.68863487 131023.71792988 120300.61489057
41.00000000000031 2107332.89857794 131656.48953873 120089.04284537
41.100000000000314 2106950.47317389 132280.69269543 119882.01576055
41.200000000000315 2106573.28791569 132896.18750185 119679.34262531
41.30000000000032 2106201.19955403 133502.82389973 119480.39777096
41.40000000000032 2105834.04862889 134100.44276172 119284.23984382
41.50000000000032 2105471.66321073 134688.87696107 119089.76384744
41.60000000000032 2105113.86339109 135267.95209776 118895.86371580
41.70000000000032 2104760.46615669 135837.48678785 118701.58320931
41.800000000000324 2104411.29018707 136397.29304479 118506.23609628
41.900000000000325 2104066.15858549 136947.17881602 118309.48150864
42.00000000000033 2103724.89460378 137486.95644973 118111.34608251
42.10000000000033 2103387.31234308 138016.45437587 117912.19382034
42.20000000000033 2103053.21525797 138535.51982760 117712.65509242
42.30000000000033 2102722.40190418 139044.01126330 117513.52735722
42.40000000000033 2102394.67095860 139541.78787811 117315.66076224
42.500000000000334 2102069.82336404 140028.70037237 117119.84435962
42.600000000000335 2101747.66209103 140504.58439278 116926.70813137
42.70000000000034 2101427.99033707 140969.25707875 116736.65287066
42.80000000000034 2101110.60899787 141422.51660650 116549.81535173
42.90000000000034 2100795.31418162 141864.14417103 116366.07095037
43.00000000000034 2100481.89535223 142293.90744647 116185.07069828
43.10000000000034 2100170.13437794 142711.56434774 116006.30535666
43.200000000000344 2099859.80541669 143116.86649220 115829.18603152
43.300000000000345 2099550.67550445 143509.56440405 115653.12944086
43.40000000000035 2099242.50692422 143889.41880903 115477.63606029
43.50000000000035 2098935.06409708 144256.21418063 115302.35079272
43.60000000000035 2098628.12178405 144609.76205863 115127.09947134
43.70000000000035 2098321.46633571 144949.89329044 114951.89915372
43.80000000000035 2098014.89320143 145276.44791891 114776.94260588
43.900000000000354 2097708.20584452 145589.26746836 114602.56020811
44.000000000000355 2097401.21452078 145888.18978886 114429.16600084
44.10000000000036 2097093.73326147 146173.04576871 114257.19647689
44.20000000000036 2096785.57502591 146443.65799469 114087.05084564
44.30000000000036 2096476.54546417 146699.84200496 113919.04034767
44.40000000000036 2096166.43693891 146941.40997849 113753.35258759
44.50000000000036 2095855.02629151 147168.17493951 113590.03503463
44.600000000000364 2095542.07847414 147379.95343022 113428.99898768
44.700000000000365 2095227.35423742 147576.56646480 113270.04177785
44.80000000000037 2094910.61841384 147757.83978249 113112.88243097
44.90000000000037 2094591.64629809 147923.60430606 112957.20481391
45.00000000000037 2094270.22701132 148073.69727437 112802.70197648
45.10000000000037 2093946.16378681 148207.96416564 112649.11578424
45.20000000000037 2093619.27186048 148326.26117741 112496.26699066
45.300000000000374 2093289.37508195 148428.45763595 112344.07249877
45.400000000000375 2092956.30246865 148514.43744606 112192.54847080
45.50000000000038 2092619.88574483 148584.09884340 112041.79987391
45.60000000000038 2092279.95839177 148637.35239167 111891.99876717
45.70000000000038 2091936.35587047 148674.11807465 111743.35499167
45.80000000000038 2091588.91600151 148694.32282891 111596.08375840
45.90000000000038 2091237.47881986 148697.89946091 111450.37471343
46.000000000000384 2090881.88618794 148684.78687121 111306.36642205
46.100000000000385 2090521.98173961 148654.93072401 111164.12917621
46.20000000000039 2090157.61121403 148608.28366901 111023.65779779
46.30000000000039 2089788.62283029 148544.80475797 110884.87471232
46.40000000000039 2089414.86741442 148464.45830636 110747.64216149
46.50000000000039 2089036.19824072 148367.21277881 110611.78125579
46.60000000000039 2088652.47070491 148253.04027125 110477.09481851
46.700000000000394 2088263.54195115 148121.91693978 110343.39070161
46.800000000000395 2087869.27051464 147973.82440252 110210.50245408
46.9000000000004 2087469.51601303 147808.75178368 110078.30483322
47.0000000000004 2087064.13894823 147626.69777503 109946.72254732
47.1000000000004 2086653.00071956 147427.67200362 109815.73163997
47.2000000000004 2086235.96394079 147211.69519663 109685.35391163
47.3000000000004 2085812.89308349 146978.79803363 109555.64561794
47.400000000000404 2085383.65535704 146729.01898770 109426.68232012
47.500000000000405 2084948.12161444 146462.40173352 109298.54214316
47.600000000000406 2084506.16700195 146178.99276473 109171.28979317
47.70000000000041 2084057.67115915 145878.83970073 109044.96349687
47.80000000000041 2083602.51811105 145561.99045288 108919.56654651
47.90000000000041 2083140.59638194 145228.49309830 108795.06433920
48.00000000000041 2082671.79974670 144878.39604470 108671.38677137
48.10000000000041 2082196.02825473 144511.74783967 108548.43496964
48.200000000000415 2081713.18862520 144128.59595579 108426.09101369
48.300000000000416 2081223.19381053 143728.98456555 108304.22937944
48.40000000000042 2080725.96313467 143312.95256351 108182.72881485
48.50000000000042 2080221.42496314 142880.53321732 108061.48317105
48.60000000000042 2079709.52106683 142431.75491395 107940.40960662
48.70000000000042 2079190.20579083 141966.64041183 107819.45266420
48.80000000000042 2078663.43256307 141485.20435917 107698.58350225
48.900000000000425 2078129.13746948 140987.46308981 107577.79669265
49.000000000000426 2077587.23782026 140473.45968859 107457.10667362
49.10000000000043 2077037.64308347 139943.26687235 107336.54021197
49.20000000000043 2076480.26575944 139396.97260095 107216.12610454
49.30000000000043 2075915.03126627 138834.66785180 107095.88575371
49.40000000000043 2075341.88528953 138256.43839656 106975.82610797
49.50000000000043 2074760.79634192 137662.35947431 106855.93551171
49.600000000000435 2074171.75412479 137052.49277039 106736.18252850
49.700000000000436 2073574.76506336 136426.88549542 106616.51746447
49.80000000000044 2072969.84630333 135785.57138398 106496.87607682
49.90000000000044 2072357.01935981 135128.57324027 106377.18480253
50.00000000000044 2071736.30455020 134455.90644212 106257.36678118
50.10000000000044 2071107.71718442 133767.58268978 106137.34794936
50.20000000000044 2070471.26611121 133063.61329021 106017.06252306
50.300000000000445 2069826.95463687 132344.01138663 105896.45725422
50.400000000000446 2069174.78318338 131608.79273347 105775.49397086
50.50000000000045 2068514.75250185 130857.97481602 105654.15010819
50.60000000000045 2067846.86603518 130091.57430148 105532.41720155
50.70000000000045 2067171.13100865 129309.60331810 105410.29761086
50.80000000000045 2066487.56222260 128512.06708580 105287.80008684
50.90000000000045 2065796.19601408 127698.96759959 105164.93517301
51.000000000000455 2065097.10413869 126870.31039163 105041.71131599
51.100000000000456 2064390.38486299 126026.10219219 104918.13125990
51.20000000000046 2063676.14102157 125166.33850563 104794.18830889
51.30000000000046 2062954.46481075 124290.98988279 104669.86414642
51.40000000000046 2062225.43900875 123400.00128482 104545.12939062
51.50000000000046 2061489.16636425 122493.32601557 104419.94669699
51.60000000000046 2060745.80214922 121570.96943289 104294.27491440
51.700000000000465 2059995.54454776 120632.98530832 104168.07225023
51.800000000000466 2059238.60392673 119679.44391894 104041.29864606
51.90000000000047 2058475.18282958 118710.40925938 103913.91807572
52.00000000000047 2057705.46775455 117725.93000459 103785.90049599
52.10000000000047 2056929.62667263 116726.03905153 103657.22304682
52.20000000000047 2056147.80944299 115710.75773428 103527.87039087
52.30000000000047 2055360.15007651 114680.10203737 103397.83425533
52.400000000000475 2054566.77027589 113634.08885562 103267.11229053
52.500000000000476 2053767.78378883 112572.74111114 103135.70639900
52.60000000000048 2052963.30108020 111496.09125917 103003.62074171
52.70000000000048 2052153.43378686 110404.18320054 102870.85967176
52.80000000000048 2051338.29848634 109297.07286018 102737.42586117
52.90000000000048 2050518.01947910 108174.82778078 102603.31886700
53.00000000000048 2049692.73046538 107037.52609221 102468.53431805
53.100000000000485 2048862.57511657 105885.25519331 102333.06379151
53.200000000000486 2048027.70657233 104718.11044908 102196.89530291
53.30000000000049 2047188.28587860 103536.19417432 102060.01419278
53.40000000000049 2046344.47946687 102339.61512233 101922.40413190
53.50000000000049 2045496.45614138 101128.48856889 101784.04806543
53.60000000000049 2044644.38458226 99902.93685885 101644.92915601
53.70000000000049 2043788.43248066 98663.09007513 101505.03195577
53.800000000000495 2042928.76763802 97409.08644724 101364.34391106
53.900000000000496 2042065.56025656 96141.07223377 101222.85696979
54.0000000000005 2041198.98521511 94859.20098107 101080.56884448
54.1000000000005 2040329.22349183 93563.63227543 100937.48354672
54.2000000000005 2039456.46244901 92254.53041647 100793.61104748
54.3000000000005 2038580.89500853 90932.06374038 100648.96616496
54.4000000000005 2037702.71788102 89596.40534871 100503.56694869
54.500000000000504 2036822.12917371 88247.73557223 100357.43289297
54.600000000000506 2035939.32591250 86886.24576777 100210.58328631
54.70000000000051 2035054.50210913 85512.14242413 100063.03591886
54.80000000000051 2034167.84786161 84125.65040112 99914.80627161
54.90000000000051 2033279.54965973 82727.01449707 99765.90722970
55.00000000000051 2032389.79174270 81316.49921155 99616.34929947
55.10000000000051 2031498.75812814 79894.38721799 99466.14124696
55.200000000000514 2030606.63478617 78460.97740555 99315.29100989
55.300000000000516 2029713.61131642 77016.58323825 99163.80668132
55.40000000000052 2028819.88145714 75561.53167021 99011.69735258
55.50000000000052 2027925.64198138 74096.16224904 98858.97365422
55.60000000000052 2027031.09007716 72620.82572655 98705.64793509
55.70000000000052 2026136.41993327 71135.88169319 98551.73412471
55.80000000000052 2025241.81960767 69641.69543579 98397.24738251
55.900000000000524 2024347.46923897 68138.63537692 98242.20363063
56.000000000000526 2023453.54143198 66627.07401380 98086.61901750
56.10000000000053 2022560.20336530 65107.39597029 97930.50935364
56.20000000000053 2021667.62339829 63580.00823708 97773.88946085
56.30000000000053 2020775.97139113 62045.34949184 97616.77306505
56.40000000000053 2019885.41970299 60503.88614402 97459.17270745
56.50000000000053 2018996.14066921 58956.10120062 97301.10008620
56.600000000000534 2018108.30270203 57402.48100857 97142.56645411
56.700000000000536 2017222.06614906 55843.50386330 96983.58310196
56.80000000000054 2016337.57984754 54279.63227971 96824.16195368
56.90000000000054 2015454.97894624 52711.30939445 96664.31623864
57.00000000000054 2014574.38397968 51138.95923365 96504.06115387
57.10000000000054 2013695.90069233 49562.99010183 96343.41443061
57.20000000000054 2012819.62002027 47983.79995945 96182.39674519
57.300000000000544 2011945.61765807 46401.78240747 96021.03187898
57.400000000000546 2011073.95279761 44817.33189057 95859.34650798
57.50000000000055 2010204.66650701 43230.84705062 95697.36967388
57.60000000000055 2009337.78107203 41642.73184415 95535.13217636
57.70000000000055 2008473.30139122 40053.39475160 95372.66608420
57.80000000000055 2007611.21860190 38463.24676497 95210.00441851
57.90000000000055 2006751.51524805 36872.69886903 95047.18098193
58.000000000000554 2005894.17077220 35282.15963670 94884.23028969
58.100000000000556 2005039.16600164 33692.03337809 94721.18756098
58.20000000000056 2004186.48562451 32102.71886012 94558.08874394
58.30000000000056 2003336.11826389 30514.60783047 94394.97057117
58.40000000000056 2002488.05425927 28928.08175767 94231.87066722
58.50000000000056 2001642.28196997 27343.50633543 94068.82774799
58.60000000000056 2000798.78834574 25761.23220106 93905.88185838
58.700000000000564 1999957.57470776 24181.61309219 93743.07403887
58.800000000000566 1999118.67041419 22605.02259633 93580.44495817
58.90000000000057 1998282.13174632 21031.85545467 93418.03502687
59.00000000000057 1997448.02742770 19462.52241356 93255.88589587
59.10000000000057 1996616.43220722 17897.43536917 93094.04071506
59.20000000000057 1995787.42486812 16336.99216523 92932.54381440
59.30000000000057 1994961.08798516 14781.56692751 92771.44028920
59.400000000000574 1994137.50851103 13231.50682301 92610.77551707
59.500000000000576 1993316.77633455 11687.13546739 92450.59462914
59.60000000000058 1992498.97825453 10148.76318759 92290.94204070
59.70000000000058 1991684.19594831 8616.69924319 92131.86122226
59.80000000000058 1990872.51733231 7091.25819275 91973.39480507
59.90000000000058 1990064.05073821 5572.76021142 91815.58470698
60.00000000000058 1989258.93008355 4061.52988334 91658.47183512
60.100000000000584 1988457.31168289 2557.89542503 91502.09541878
60.200000000000585 1987659.36750614 1062.18804861 91346.49236041
60.30000000000059 1986865.27825797 -425.25899271 91191.69688925
60.40000000000059 1986075.22823762 -1904.11192009 91037.74059548
60.50000000000059 1985289.40312118 -3374.03884266 90884.65277828
60.60000000000059 1984507.99105877 -4834.71352863 90732.46097157
60.70000000000059 1983731.18652273 -6285.82041902 90581.19147104
60.800000000000594 1982959.19527502 -7727.05929999 90430.86965377
60.900000000000595 1982192.23820251 -9158.14682666 90281.51990524
61.0000000000006 1981430.55216367 -10578.81280869 90133.16510358
61.1000000000006 1980674.38716384 -11988.79182893 89985.82580767
61.2000000000006 1979924.00015253 -13387.81318061 89839.51942608
61.3000000000006 1979179.64600242 -14775.59243654 89694.25963129
61.4000000000006 1978441.56649681 -16151.82657829 89550.05616894
61.500000000000604 1977709.97950453 -17516.19301297 89406.91509921
61.600000000000605 1976985.07244133 -18868.35182408 89264.83945649
61.70000000000061 1976267.00400788 -20207.94998954 89123.83025887
61.80000000000061 1975555.91481008 -21534.62576796 88983.88766353
61.90000000000061 1974851.94343174 -22848.01143739 88845.01195110
62.00000000000061 1974155.24295812 -24147.73350257 88707.20408741
62.10000000000061 1973465.99398942 -25433.41098152 88570.46582983
62.200000000000614 1972784.41212757 -26704.65350856 88434.79955736
62.300000000000615 1972110.74922280 -27961.06089017 88300.20810610
62.40000000000062 1971445.28757237 -29202.22406587 88166.69488171
62.50000000000062 1970788.32552595 -30427.72476293 88034.26439159
62.60000000000062 1970140.15506336 -31637.12995084 87902.92298717
62.70000000000062 1969501.03866238 -32829.98115835 87772.67912566
62.80000000000062 1968871.19545357 -34005.78741479 87643.54255370
62.900000000000624 1968250.80006954 -35164.03280690 87515.52301988
63.000000000000625 1967639.99193131 -36304.19646117 87388.63001648
63.10000000000063 1967038.89065996 -37425.77215318 87262.87383764
63.20000000000063 1966447.61199654 -38528.27908740 87138.26694609
63.30000000000063 1965866.27980729 -39611.26329366 87014.82505137
63.40000000000063 1965295.03360507 -40674.29322952 86892.56798965
63.50000000000063 1964734.03379562 -41716.95378693 86771.52046168
63.600000000000634 1964183.46510579 -42738.84081137 86651.71219919
63.700000000000635 1963643.53499678 -43739.55576073 86533.17692683
63.80000000000064 1963114.46438854 -44718.70011092 86415.95008591
63.90000000000064 1962596.47249229 -45675.87078439 86300.06619151
64.00000000000064 1962089.76053766 -46610.65840943 86185.55697898
64.10000000000063 1961594.49829509 -47522.64885962 86072.45099964
64.20000000000063 1961110.81459463 -48411.42655682 85960.77455058
64.30000000000062 1960638.79201451 -49276.57713141 85850.55316494
64.40000000000062 1960178.46690333 -50117.68784627 85741.81250155
64.50000000000061 1959729.83339152 -50934.34538695 85634.57727033
64.6000000000006 1959292.84059348 -51726.13085331 85528.86611019
64.7000000000006 1958867.37343434 -52492.61245528 85424.68140183
64.8000000000006 1958453.31649217 -53233.35463724 85322.01882169
64.90000000000059 1958050.78471999 -53947.96751333 85220.92207267
65.00000000000058 1957660.06346747 -54636.12210729 85121.47899667
65.10000000000058 1957281.38301676 -55297.51900514 85023.77120441
65.20000000000057 1956914.87142903 -55931.88234180 84927.86100304
65.30000000000057 1956560.58135559 -56538.96570681 84833.79999562
65.40000000000056 1956218.50591622 -57118.53959214 84741.63561243
65.50000000000055 1955888.59038135 -57670.38038991 84651.41446259
65.60000000000055 1955570.75129593 -58194.27811637 84563.18426887
65.70000000000054 1955264.89704389 -58690.05097990 84476.99447720
65.80000000000054 1954970.93956439 -59157.55303095 84392.89508494
65.90000000000053 1954688.79619452 -59596.67348042 84310.93449843
66.00000000000053 1954418.38604306 -60007.33175307 84231.15793717
66.10000000000052 1954159.62477776 -60389.47182887 84153.60714064
66.20000000000051 1953912.42004023 -60743.05766121 84078.32120629
66.30000000000051 1953676.66841220 -61068.07020683 84005.33799601
66.4000000000005 1953452.25399419 -61364.50601470 83934.69553726
66.5000000000005 1953239.04814253 -61632.37716048 83866.43299541
66.60000000000049 1953036.90964216 -61871.71236846 83800.59099499
66.70000000000049 1952845.68444441 -62082.55936134 83737.21124716
66.80000000000048 1952665.20391367 -62264.98887754 83676.33554228
66.90000000000047 1952495.28043514 -62419.10125014 83618.00420752
67.00000000000047 1952335.70208417 -62545.03413513 83562.25455133
67.10000000000046 1952186.24181024 -62642.95673783 83509.12163856
67.20000000000046 1952046.70044009 -62713.03236364 83458.64349404
67.30000000000045 1951916.95463792 -62755.37856601 83410.86556472
67.40000000000045 1951796.96247351 -62770.06342117 83365.83942963
67.50000000000044 1951686.72202861 -62757.13473948 83323.61758584
67.60000000000043 1951586.21998762 -62716.65561796 83284.24847302
67.70000000000043 1951495.39583725 -62648.72798044 83247.77328481
67.80000000000042 1951414.12400916 -62553.50048787 83214.22361929
67.90000000000042 1951342.21241179 -62431.17122229 83183.62095632
68.00000000000041 1951279.41497489 -62281.99268907 83155.98086270
68.1000000000004 1951225.45391412 -62106.27100083 83131.32011083
68.2000000000004 1951180.04768792 -61904.35370858 83109.66139234
68.3000000000004 1951142.93612716 -61676.61131498 83091.03403913
68.40000000000039 1951113.89475110 -61423.42088667 83075.47212250
68.50000000000038 1951092.73662593 -61145.15546126 83063.01138636
68.60000000000038 1951079.30424813 -60842.17888958 83053.68613383
68.70000000000037 1951073.45551578 -60514.84539637 83047.52680404
68.80000000000037 1951075.04808775 -60163.50327844 83044.55858659
68.90000000000036 1951083.92614149 -59788.50153686 83044.80111350
69.00000000000036 1951099.91404839 -59390.19715035 83048.26905095
69.10000000000035 1951122.82153544 -58968.96029816 83054.97337877
69.20000000000034 1951152.45856923 -58525.17743146 83064.92312426
69.30000000000034 1951188.64784264 -58059.25531603 83078.12671532
69.40000000000033 1951231.22580635 -57571.62678100 83094.59185437
69.50000000000033 1951280.03687046 -57062.75523528 83114.32436205
69.60000000000032 1951334.92834174 -56533.13555491 83137.32724837
69.70000000000032 1951395.74764886 -55983.29099569 83163.60041031
69.80000000000031 1951462.34064478 -55413.76709168 83193.14047237
69.9000000000003 1951534.55030804 -54825.12373226 83225.94097321
70.0000000000003 1951612.21595293 -54217.92642555 83261.99233645
70.10000000000029 1951695.17230598 -53592.73857645 83301.28178332
70.20000000000029 1951783.24783420 -52950.11744132 83343.79335733
70.30000000000028 1951876.26344787 -52290.61473860 83389.50833609
70.40000000000028 1951974.03286613 -51614.78031632 83438.40588377
70.50000000000027 1952076.36437057 -50923.16669916 83490.46355574
70.60000000000026 1952183.06316742 -50216.33318696 83545.65751026
70.70000000000026 1952293.93382838 -49494.84899495 83603.96252123
70.80000000000025 1952408.78245796 -48759.29533210 83665.35191875
70.90000000000025 1952527.41838989 -48010.26644474 83729.79753691
71.00000000000024 1952649.65541239 -47248.36966442 83797.26970475
71.10000000000024 1952775.31268936 -46474.22450059 83867.73728878
71.20000000000023 1952904.21558769 -45688.46087191 83941.16778099
71.30000000000022 1953036.19648615 -44891.71669715 84017.52741906
71.40000000000022 1953171.09538023 -44084.63522446 84096.78131968
71.50000000000021 1953308.75990598 -43267.86256672 84178.89360087
71.60000000000021 1953449.04449013 -42442.04583634 84263.82747106
71.7000000000002 1953591.80868041 -41607.83205968 84351.54527635
71.8000000000002 1953736.91506251 -40765.86784638 84442.00851344
71.90000000000019 1953884.22725357 -39916.79979752 84535.17782983
72.00000000000018 1954033.60799933 -39061.27631116 84631.01307678
72.10000000000018 1954184.91530309 -38199.95485932 84729.47373266
72.20000000000017 1954338.00229213 -37333.51615074 84830.52073840
72.30000000000017 1954492.77201663 -36462.62579831 84934.11708121
72.40000000000016 1954649.11390005 -35587.90660934 85040.20970951
72.50000000000016 1954806.88295534 -34709.96902183 85148.73618306
72.60000000000015 1954965.96515830 -33829.43069975 85259.64293904
72.70000000000014 1955126.25735786 -32946.92220181 85372.87971936
72.80000000000014 1955287.65887379 -32063.08776226 85488.39609771
72.90000000000013 1955450.07092316 -31178.58284942 85606.14014169
73.00000000000013 1955613.39684899 -30294.07005377 85726.05799454
73.10000000000012 1955777.54157598 -29410.21518305 85848.09416175
73.20000000000012 1955942.41003208 -28527.68548274 85972.19233116
73.30000000000011 1956107.90402380 -27647.15165064 86098.29648916
73.4000000000001 1956273.91779622 -26769.28961951 86226.35165202
73.5000000000001 1956440.34327513 -25894.76317546 86356.30244611
73.6000000000001 1956607.10446168 -25024.19870771 86488.09122532
73.70000000000009 1956774.17295216 -24158.19056886 86621.65919979
73.80000000000008 1956941.52915559 -23297.31719400 86756.94785130
73.90000000000008 1957109.14539363 -22442.15039733 86893.89950433
74.00000000000007 1957276.99156106 -21593.25900207 87032.45728808
74.10000000000007 1957445.03993725 -20751.20908038 87172.56468882
74.20000000000006 1957613.26577203 -19916.56322877 87314.16523060
74.30000000000005 1957781.64466193 -19089.88068300 87457.20262324
74.40000000000005 1957950.14943878 -18271.71755834 87601.62115058
74.50000000000004 1958118.74874832 -17462.62595533 87747.36599184
74.60000000000004 1958287.40721163 -16663.15185146 87894.38337749
74.70000000000003 1958456.08624188 -15873.83237835 88042.62057345
74.80000000000003 1958624.74503841 -15095.19306980 88192.02570277
74.90000000000002 1958793.34209076 -14327.74522702 88342.54743272
75.00000000000001 1958961.83843155 -13571.98290976 88494.13458174
75.10000000000001 1959130.20276300 -12828.37938533 88646.73572585
75.2 1959298.41451857 -12097.38487326 88800.29888750
75.3 1959466.46208764 -11379.42769180 88954.77137776
75.39999999999999 1959634.33981516 -10674.91818913 89110.09983000
75.49999999999999 1959802.04701606 -9984.25327286 89266.23036679
75.59999999999998 1959969.58809197 -9307.81971164 89423.10877904
75.69999999999997 1960136.97192894 -8645.99525126 89580.68064731
75.79999999999997 1960304.21011750 -7999.14749361 89738.89142843
75.89999999999996 1960471.31470933 -7367.63125823 89897.68657063
75.99999999999996 1960638.29636349 -6751.78555813 90057.01167061
76.09999999999995 1960805.16315669 -6151.93116762 90216.81259232
76.19999999999995 1960971.91987535 -5568.36917329 90377.03545112
76.29999999999994 1961138.56767973 -5001.38039368 90537.62647050
76.39999999999993 1961305.10422504 -4451.22534998 90698.53181226
76.49999999999993 1961471.52422116 -3918.14443383 90859.69746604
76.59999999999992 1961637.82014974 -3402.35804046 91021.06921950
76.69999999999992 1961803.98276732 -2904.06672129 91182.59269874
76.79999999999991 1961970.00127972 -2423.45169582 91344.21348067
76.8999999999999 1962135.86354340 -1960.67617078 91505.87730563
76.9999999999999 1962301.55691281 -1515.88776893 91667.53042092
77.0999999999999 1962467.07008940 -1089.22199447 91829.12004815
77.19999999999989 1962632.39573793 -680.80617012 91990.59490583
77.29999999999988 1962797.53327601 -290.76289388 92151.90567111
77.39999999999988 1962962.49130896 80.78800606 92313.00525850
77.49999999999987 1963127.28906664 433.72978118 92473.84882415
77.59999999999987 1963291.95563841 767.95153543 92634.39346989
77.69999999999986 1963456.52624333 1083.35259897 92794.59772398
77.79999999999986 1963621.03684864 1379.84642129 92954.42096250
77.89999999999985 1963785.51955338 1657.36185413 93113.82292028
77.99999999999984 1963949.99940681 1915.84153345 93272.76336925
78.09999999999984 1964114.49060763 2155.23936260 93431.20200600
78.19999999999983 1964278.98955554 2375.51956801 93589.09858154
78.29999999999983 1964443.46579004 2576.65827300 93746.41324059
78.39999999999982 1964607.85706320 2758.64701876 93903.10691684
78.49999999999982 1964772.07432478 2921.49734441 94059.14163313
78.59999999999981 1964936.01462811 3065.24563642 94214.48069539
78.6999999999998 1965099.57475889 3189.95712050 94369.08880544
78.7999999999998 1965262.66073471 3295.72767866 94522.93205839
78.89999999999979 1965425.19258052 3382.68281054 94675.97779895
78.99999999999979 1965587.10564947 3450.97409145 94828.19436795
79.09999999999978 1965748.34980726 3500.77419047 94979.55080707
79.19999999999978 1965908.88747331 3532.27166211 95130.01659378
79.29999999999977 1966068.69128676 3545.66640150 95279.56144422
79.39999999999976 1966227.74171003 3541.16600243 95428.15512442
79.49999999999976 1966386.02373068 3518.98301172 95575.76719342
79.59999999999975 1966543.52199639 3479.33412215 95722.36696048
79.69999999999975 1966700.21726832 3422.44171134 95867.92388532
79.79999999999974 1966856.08672965 3348.53592513 96012.40808463
79.89999999999974 1967011.10592940 3257.85633107 96155.79078192
79.99999999999973 1967165.25180864 3150.65311095 96298.04471019
80.09999999999972 1967318.49859508 3027.18783619 96439.14395508
80.19999999999972 1967470.82533763 2887.73336765 96579.06418948
80.29999999999971 1967622.21672773 2732.57388965 96717.78270421
80.39999999999971 1967772.66282681 2562.00402471 96855.27765153
80.4999999999997 1967922.15930485 2376.32820034 96991.52812005
80.5999999999997 1968070.70966569 2175.85971131 97126.51393639
80.69999999999969 1968218.32717368 1960.91986135 97260.21560873
80.79999999999968 1968365.03547832 1731.83713839 97392.61433079
80.89999999999968 1968510.86253674 1488.94618943 97523.69206013
80.99999999999967 1968655.82361827 1232.58602282 97653.43164507
81.09999999999967 1968799.90650749 963.09725816 97781.81686540
81.19999999999966 1968943.07736225 680.82037645 97908.83245890
81.29999999999966 1969085.29854133 386.09759253 98034.46444271
81.39999999999965 1969226.54098175 79.27740775 98158.70058510
81.49999999999964 1969366.78826516 -239.28137861 98281.53069101
81.59999999999964 1969506.03642282 -569.20803941 98402.94662815
81.69999999999963 1969644.29222777 -910.12064979 98522.94216007
81.79999999999963 1969781.57094190 -1261.62833295 98641.51266627
81.89999999999962 1969917.89379832 -1623.33408585 98758.65482656
81.99999999999962 1970053.28535734 -1994.83746111 98874.36633725
82.09999999999961 1970187.77091058 -2375.73668680 98988.64570650
82.1999999999996 1970321.37417384 -2765.63009792 99101.49214734
82.2999999999996 1970454.11552282 -3164.11695664 99212.90555948
82.3999999999996 1970586.01094742 -3570.79782364 99322.88657316
82.49999999999959 1970717.07175664 -3985.27463650 99431.43662319
82.59999999999958 1970847.30492470 -4407.15061355 99538.55802521
82.69999999999958 1970976.71387975 -4836.03007186 99644.25403417
82.79999999999957 1971105.29950769 -5271.51823235 99748.52887383
82.89999999999957 1971233.06116010 -5713.22107196 99851.38773284
82.99999999999956 1971359.99750036 -6160.74526624 99952.83672965
83.09999999999955 1971486.10708392 -6613.69824489 100052.88285182
83.19999999999955 1971611.38863548 -7071.68836290 100151.53387836
83.29999999999954 1971735.84104680 -7534.32517385 100248.79829349
83.39999999999954 1971859.46316397 -8001.21978204 100344.68519961
83.49999999999953 1971982.25345674 -8471.98524592 100439.20423491
83.59999999999953 1972104.20966378 -8946.23700602 100532.36549909
83.69999999999952 1972225.32849072 -9423.59331428 100624.17948850
83.79999999999951 1972345.60540925 -9903.67564701 100714.65704065
83.89999999999951 1972465.03457343 -10386.10908967 100803.80928740
83.9999999999995 1972583.60884180 -10870.52268706 100891.64761560
84.0999999999995 1972701.31987442 -11356.54975698 100978.18363413
84.19999999999949 1972818.15826654 -11843.82816952 101063.42914608
84.29999999999949 1972934.11368270 -12332.00059619 101147.39612459
84.39999999999948 1973049.17496491 -12820.71473506 101230.09669097
84.49999999999947 1973163.33020192 -13309.62351863 101311.54309302
84.59999999999947 1973276.56675951 -13798.38531089 101391.74768176
84.69999999999946 1973388.87128184 -14286.66409929 101470.72288465
84.79999999999946 1973500.22967866 -14774.12968604 101548.48117430
84.89999999999945 1973610.62711394 -15260.45788144 101625.03503193
84.99999999999945 1973720.04800793 -15745.33070028 101700.39690631
85.09999999999944 1973828.47605899 -16228.43656062 101774.57916959
85.19999999999943 1973935.89428596 -16709.47048317 101847.59407216
85.29999999999943 1974042.28508703 -17188.13428840 101919.45369906
85.39999999999942 1974147.63030832 -17664.13678819 101990.16993057
85.49999999999942 1974251.91131499 -18137.19396900 102059.75440875
85.59999999999941 1974355.10905907 -18607.02916372 102128.21851107
85.6999999999994 1974457.20414052 -19073.37321055 102195.57333144
85.7999999999994 1974558.17686100 -19535.96459773 102261.82966761
85.8999999999994 1974658.00727198 -19994.54959416 102326.99801348
85.99999999999939 1974756.67522021 -20448.88236636 102391.08855417
86.09999999999938 1974854.16039407 -20898.72508315 102454.11116174
86.19999999999938 1974950.44237347 -21343.84800929 102516.07538965
86.29999999999937 1975045.50068494 -21784.02958977 102576.99046449
86.39999999999937 1975139.31486211 -22219.05652575 102636.86527453
86.49999999999936 1975231.86451011 -22648.72384340 102695.70835491
86.59999999999935 1975323.12937226 -23072.83495580 102753.52787036
86.69999999999935 1975413.08939623 -23491.20171832 102810.33159664
86.79999999999934 1975501.72479779 -23903.64447699 102866.12690206
86.89999999999934 1975589.01612032 -24309.99210938 102920.92073064
86.99999999999933 1975674.94428924 -24710.08205743 102974.71958812
87.09999999999933 1975759.49066130 -25103.76035145 103027.52953163
87.19999999999932 1975842.63706914 -25490.88162479 103079.35616349
87.29999999999932 1975924.36586209 -25871.30911879 103130.20462903
87.39999999999931 1976004.65994409 -26244.91467779 103180.07961792
87.4999999999993 1976083.50280968 -26611.57873439 103228.98536820
87.5999999999993 1976160.87857868 -26971.19028520 103276.92567210
87.69999999999929 1976236.77202983 -27323.64685759 103323.90388255
87.79999999999929 1976311.16863353 -27668.85446826 103369.92291963
87.89999999999928 1976384.05458364 -28006.72757439 103414.98527627
87.99999999999928 1976455.41682820 -28337.18901829 103459.09302285
88.09999999999927 1976525.24309904 -28660.16996652 103502.24781064
88.19999999999926 1976593.52194017 -28975.60984404 103544.45087427
88.29999999999926 1976660.24273467 -29283.45626374 103585.70303374
88.39999999999925 1976725.39572946 -29583.66495099 103626.00469620
88.49999999999925 1976788.97205646 -29876.19966179 103665.35585835
88.59999999999924 1976850.96374820 -30161.03209256 103703.75610973
88.69999999999924 1976911.36374552 -30438.14177899 103741.20463760
88.79999999999923 1976970.16589514 -30707.51598170 103777.70023387
88.89999999999922 1977027.36493653 -30969.14955748 103813.24130464
88.99999999999922 1977082.95647898 -31223.04481652 103847.82588269
89.09999999999921 1977136.93697202 -31469.21136790 103881.45164326
89.1999999999992 1977189.30367332 -31707.66595642 103914.11592269
89.2999999999992 1977240.05461852 -31938.43229460 103945.81573941
89.3999999999992 1977289.18859634 -32161.54089296 103976.54781597
89.49999999999919 1977336.70513078 -32377.02889033 104006.30860107
89.59999999999918 1977382.60447014 -32584.93988493 104035.09428998
89.69999999999918 1977426.88758120 -32785.32376527 104062.90084283
89.79999999999917 1977469.55614619 -32978.23653965 104089.72400009
89.89999999999917 1977510.61255968 -33163.74016212 104115.55929576
89.99999999999916 1977550.05992346 -33341.90235356 104140.40206893
90.09999999999916 1977587.90203799 -33512.79641650 104164.24747482
90.19999999999915 1977624.14338997 -33676.50104351 104187.09049645
90.29999999999914 1977658.78913654 -33833.10011915 104208.92595791
90.39999999999914 1977691.84508685 -33982.68251636 104229.74853988
90.49999999999913 1977723.31768196 -34125.34188850 104249.55279764
90.59999999999913 1977753.21397415 -34261.17645819 104268.33318138
90.69999999999912 1977781.54160598 -34390.28880432 104286.08405845
90.79999999999912 1977808.30878976 -34512.78564823 104302.79973703
90.89999999999911 1977833.52428706 -34628.77763991 104318.47449052
90.9999999999991 1977857.19738841 -34738.37914477 104333.10258220
91.0999999999991 1977879.33789271 -34841.70803114 104346.67828982
91.1999999999991 1977899.95608640 -34938.88545871 104359.19592978
91.29999999999909 1977919.06272206 -35030.03566779 104370.64988088
91.39999999999908 1977936.66899668 -35115.28576933 104381.03460757
91.49999999999908 1977952.78652978 -35194.76553559 104390.34468292
91.59999999999907 1977967.42734146 -35268.60719150 104398.57481112
91.69999999999906 1977980.60383093 -35336.94520676 104405.71984989
91.79999999999906 1977992.32875551 -35399.91608880 104411.77483270
91.89999999999905 1978002.61521054 -35457.65817687 104416.73499074
91.99999999999905 1978011.47661016 -35510.31143757 104420.59577491
92.09999999999904 1978018.92666917 -35558.01726196 104423.35287752
92.19999999999904 1978024.97938594 -35600.91826468 104425.00225380
92.29999999999903 1978029.64902651 -35639.15808535 104425.54014306
92.39999999999903 1978032.95010963 -35672.88119238 104424.96308950
92.49999999999902 1978034.89739308 -35702.23268964 104423.26796250
92.59999999999901 1978035.50586094 -35727.35812600 104420.45197625
92.69999999999901 1978034.79071210 -35748.40330807 104416.51270872
92.799999999999 1978032.76734970 -35765.51411633 104411.44811973
92.899999999999 1978029.45137172 -35778.83632483 104405.25656820
92.99999999999899 1978024.85856252 -35788.51542472 104397.93682832
93.09999999999899 1978019.00488525 -35794.69645175 104389.48810480
93.19999999999898 1978011.90647515 -35797.52381801 104379.91004702
93.29999999999897 1978003.57963352 -35797.14114804 104369.20276229
93.39999999999897 1977994.04082232 -35793.69111959 104357.36682803
93.49999999999896 1977983.30665939 -35787.31530908 104344.40330311
93.59999999999896 1977971.39391405 -35778.15404190 104330.31373834
93.69999999999895 1977958.31950320 -35766.34624779 104315.10018610
93.79999999999895 1977944.10048776 -35752.02932125 104298.76520920
93.89999999999894 1977928.75406951 -35735.33898707 104281.31188901
93.99999999999893 1977912.29758816 -35716.40917114 104262.74383271
94.09999999999893 1977894.74851887 -35695.37187645 104243.06517981
94.19999999999892 1977876.12446988 -35672.35706437 104222.28060779
94.29999999999892 1977856.44318052 -35647.49254129 104200.39533677
94.39999999999891 1977835.72251929 -35620.90385054 104177.41513331
94.4999999999989 1977813.98048222 -35592.71416964 104153.34631314
94.5999999999989 1977791.23519120 -35563.04421299 104128.19574287
94.6999999999989 1977767.50489249 -35532.01213981 104101.97084070
94.79999999999889 1977742.80795515 -35499.73346751 104074.67957603
94.89999999999888 1977717.16286949 -35466.32099045 104046.33046810
94.99999999999888 1977690.58824538 -35431.88470391 104016.93258364
95.09999999999887 1977663.10281056 -35396.53173350 103986.49553363
95.19999999999887 1977634.72540870 -35360.36626979 103955.02946916
95.29999999999886 1977605.47499743 -35323.48950821 103922.54507649
95.39999999999885 1977575.37064608 -35285.99959412 103889.05357142
95.49999999999885 1977544.43153333 -35247.99157310 103854.56669283
95.59999999999884 1977512.67694459 -35209.55734628 103819.09669567
95.69999999999884 1977480.12626924 -35170.78563073 103782.65634321
95.79999999999883 1977446.79899755 -35131.76192486 103745.25889869
95.89999999999883 1977412.71471746 -35092.56847871 103706.91811632
95.99999999999882 1977377.89311102 -35053.28426909 103667.64823172
96.09999999999881 1977342.35395067 -35013.98497949 103627.46395160
96.19999999999881 1977306.11709512 -34974.74298470 103586.38044300
96.2999999999988 1977269.20248511 -34935.62734000 103544.41332177
96.3999999999988 1977231.63013869 -34896.70377492 103501.57864059
96.49999999999879 1977193.42014643 -34858.03469136 103457.89287639
96.59999999999879 1977154.59266609 -34819.67916609 103413.37291721
96.69999999999878 1977115.16791719 -34781.69295749 103368.03604870
96.79999999999878 1977075.16617514 -34744.12851633 103321.89994008
96.89999999999877 1977034.60776513 -34707.03500066 103274.98262983
96.99999999999876 1976993.51305568 -34670.45829459 103227.30251093
97.09999999999876 1976951.90245190 -34634.44103081 103178.87831594
97.19999999999875 1976909.79638846 -34599.02261689 103129.72910171
97.29999999999875 1976867.21532226 -34564.23926507 103079.87423396
97.39999999999874 1976824.17972476 -34530.12402557 103029.33337159
97.49999999999874 1976780.71007417 -34496.70682321 102978.12645088
97.59999999999873 1976736.82684722 -34464.01449730 102926.27366951
97.69999999999872 1976692.55051076 -34432.07084457 102873.79547037
97.79999999999872 1976647.90151313 -34400.89666518 102820.71252537
97.89999999999871 1976602.90027522 -34370.50981156 102767.04571897
97.9999999999987 1976557.56718148 -34340.92524000 102712.81613173
98.0999999999987 1976511.92257052 -34312.15506490 102658.04502377
98.1999999999987 1976465.98672577 -34284.20861552 102602.75381803
98.29999999999869 1976419.77986582 -34257.09249517 102546.96408370
98.39999999999868 1976373.32213470 -34230.81064263 102490.69751950
98.49999999999868 1976326.63359207 -34205.36439576 102433.97593700
98.59999999999867 1976279.73420329 -34180.75255713 102376.82124405
98.69999999999867 1976232.64382946 -34156.97146161 102319.25542827
98.79999999999866 1976185.38221739 -34134.01504571 102261.30054056
98.89999999999866 1976137.96898962 -34111.87491865 102202.97867889
98.99999999999865 1976090.42363436 -34090.54043500 102144.31197209
99.09999999999864 1976042.76549555 -34069.99876869 102085.32256394
99.19999999999864 1975995.01376295 -34050.23498852 102026.03259728
99.29999999999863 1975947.18746228 -34031.23213469 101966.46419847
99.39999999999863 1975899.30544547 -34012.97129660 101906.63946193
99.49999999999862 1975851.38638107 -33995.43169155 101846.58043497
99.59999999999862 1975803.44874473 -33978.59074436 101786.30910273
99.69999999999861 1975755.51080992 -33962.42416775 101725.84737348
99.7999999999986 1975707.59063872 -33946.90604336 101665.21706405
99.8999999999986 1975659.70607295 -33932.00890334 101604.43988553
99.9999999999986 1975611.87472534 -33917.70381241 101543.53742930
100.09999999999859 1975564.11397109 -33903.96045016 101482.53115327
