5.100001 72.68196
5.200004 73.83962
5.300006 75.359
5.400002 77.46675
5.500004 79.85911
5.600006 82.51195
5.700002 85.51252
5.800004 88.38316
5.900006 91.3407
6.000001 94.07932
6.100004 96.18147
6.200006 97.93099
6.300002 99.26226
6.400004 100.5788
6.500006 101.2613
6.600002 102.6781
6.700004 103.8143
6.800006 106.1818
6.900002 108.1109
7.000004 110.8028
7.100006 113.2148
7.200002 115.955
7.300004 117.8139
7.400006 119.5597
7.500002 121.0905
7.600004 121.7244
7.700006 121.5159
7.800002 120.8988
7.900004 120.1275
8 118.6783
8.100002 117.4947
8.200005 116.7254
8.3 116.2062
8.400002 115.6702
8.500005 114.916
8.6 114.3137
8.700003 113.2269
8.800005 111.6449
8.900001 110.1532
9.000003 109.0424
9.100004 107.9928
9.200001 106.4162
9.300002 105.0489
9.400004 103.5045
9.5 102.7832
9.600002 103.0647
9.700005 106.3772
9.8 111.4596
9.900002 118.3369
10 124.9226
10.1 139.9881
10.2 157.0651
10.3 184.2944
10.4 211.5862
10.5 224.5733
10.60001 213.0262
10.7 188.2741
10.8 167.584
10.90001 172.175
11 188.075
11.1 210.5533
11.20001 218.9493
11.3 200.719
11.4 156.0776
11.5 112.4986
11.6 115.9068
11.7 185.6717
11.8 265.8994
11.9 318.4592
12 354.0847
12.10001 370.8233
12.2 382.5651
12.3 374.0925
12.40001 351.6411
12.5 321.5927
12.6 281.7696
12.70001 241.4158
12.8 183.2207
12.9 115.776
13.00001 69.0544
13.1 112.5819
13.2 173.745
13.30001 218.5872
13.4 229.3773
13.5 235.4465
13.60001 254.2875
13.7 283.8957
13.8 306.4536
13.90001 326.3591
14 344.4572
14.1 369.5705
14.20001 397.0408
14.3 417.6222
14.4 433.2445
14.50001 440.511
14.6 438.6498
14.7 404.3982
14.80001 357.3429
14.9 298.7601
15 260.6848
15.10001 231.0121
15.2 216.4822
15.3 207.3023
15.40001 214.8157
15.5 233.302
15.6 257.5968
15.70001 273.1418
15.8 272.4414
15.9 264.8873
16.00001 270.4768
16.1 286.5151
16.2 296.2945
16.3 279.7475
16.4 234.8858
16.5 171.5571
16.60001 115.1001
16.7 91.94972
16.8 105.5882
16.90001 125.2148
17 149.9611
17.1 185.3655
17.20001 237.575
17.3 296.3792
17.4 330.6671
17.50001 322.5871
17.6 281.6131
17.7 244.2381
17.80001 221.9101
17.9 213.9919
18 203.9648
18.10001 200.9825
18.2 208.1169
18.3 240.9568
18.40001 271.1454
18.5 284.936
18.6 269.4999
18.70001 239.6025
18.8 210.3297
18.9 194.6589
19.00001 184.14
19.1 181.2734
19.2 182.2841
19.30001 202.2721
19.4 233.3081
19.5 265.2415
19.60001 277.0847
19.7 266.0813
19.8 235.2464
19.90001 195.7516
20 159.6736
20.1 124.8183
20.20001 100.7618
20.3 73.38758
20.40001 63.18848
20.5 64.75717
20.6 75.81301
20.7 81.59088
20.8 103.8175
20.9 128.1407
21 153.6522
21.1 174.42
21.2 199.1368
21.3 219.6053
21.4 238.8372
21.5 256.8738
21.6 283.7698
21.7 310.0352
21.8 326.8755
21.90001 328.6166
22 313.3491
22.1 283.5233
22.2 234.3838
22.3 186.9902
22.4 151.5678
22.50001 153.2552
22.6 173.4223
22.7 193.3336
22.8 201.7824
22.9 199.8173
23 203.9771
23.1 222.4988
23.2 232.8299
23.3 211.3705
23.40001 169.1054
23.5 133.0497
23.6 128.8782
23.7 162.5422
23.8 203.6005
23.9 234.2477
24.00001 251.2006
24.1 261.7816
24.2 271.2942
24.3 271.5239
24.4 255.7841
24.5 228.2851
24.60001 203.3748
24.7 189.191
24.8 180.2465
24.90001 174.7283
25 161.4268
25.1 154.778
25.2 159.8155
25.3 182.9719
25.4 205.9338
25.50001 211.7598
25.6 197.189
25.7 160.5767
25.8 121.3553
25.9 87.71891
26 79.69291
26.10001 90.93798
26.2 111.8227
26.3 139.434
26.40001 168.7073
26.5 197.0303
26.6 216.1878
26.70001 226.4021
26.8 222.7579
26.9 214.7042
27.00001 200.656
27.1 192.3699
27.2 189.531
27.30001 200.319
27.4 212.4846
27.5 228.278
27.60001 232.0626
27.7 239.5341
27.8 244.2994
27.90001 247.0914
28 236.7314
28.1 217.0414
28.20001 196.8652
28.3 182.7923
28.4 172.0236
28.50001 152.0279
28.6 127.1867
28.7 104.8948
28.80001 102.0552
28.9 125.8533
29 169.3205
29.10001 210.0511
29.2 237.8663
29.3 248.5469
29.40001 249.0067
29.5 232.0448
29.6 206.0645
29.7 173.0075
29.8 161.7282
29.90001 171.8587
30 194.7794
30.1 208.8175
30.2 214.4749
30.3 219.8186
30.4 236.6747
30.5 266.1523
30.6 294.0309
30.7 311.4424
30.8 313.1851
30.9 302.2065
31 279.8854
31.1 254.0157
31.2 222.7054
31.3 197.6455
31.40001 170.3958
31.5 152.7925
31.6 135.6463
31.7 125.1978
31.8 112.0744
31.9 97.68114
32 80.59429
32.1 68.63576
32.2 74.30698
32.30001 72.47528
32.4 60.04348
32.5 48.3722
32.60001 72.09621
32.7 111.7832
32.8 146.0377
32.90001 163.9673
33 181.0793
33.1 203.2026
33.2 236.8235
33.3 274.8969
33.4 310.9961
33.5 344.277
33.6 370.2594
33.7 396.4441
33.80001 413.8285
33.9 419.2739
34 396.6261
34.10001 360.4617
34.2 315.3269
34.3 273.7359
34.40001 231.4489
34.5 194.2445
34.6 164.167
34.7 145.2026
34.8 130.7715
34.9 123.0016
35 121.1427
35.1 115.2596
35.2 104.3492
35.30001 90.36329
35.4 92.2142
35.5 102.9467
35.60001 111.8671
35.7 114.2816
35.8 119.6368
35.90001 126.9626
36 163.5038
36.1 225.6489
36.2 288.4814
36.3 337.3706
36.40001 367.1961
36.50001 384.072
36.6 386.9618
36.7 376.8593
36.80001 361.6335
36.9 333.9393
37 295.583
37.10001 245.7087
37.2 203.4031
37.3 189.0005
37.40001 195.3252
37.5 202.8087
37.6 201.597
37.7 198.6621
37.8 203.6819
37.90001 220.3135
38.00001 243.8555
38.1 254.7446
38.2 250.1563
38.30001 228.8868
38.4 204.6236
38.5 187.9197
38.60001 184.0639
38.7 188.5238
38.8 193.8757
38.90001 188.1229
39 174.4297
39.10001 160.5512
39.2 157.2948
39.3 159.9278
39.40001 172.0139
39.5 177.8314
39.6 178.4962
39.7 177.6453
39.8 172.3514
39.9 165.203
40 158.964
40.1 165.7629
40.2 201.4734
40.3 259.7408
40.4 323.164
40.5 376.7574
40.60001 406.0698
40.7 412.8172
40.8 391.8232
40.90001 364.4331
41 325.3082
41.1 289.5688
41.2 253.6061
41.3 222.5274
41.4 207.8634
41.5 209.3713
41.6 226.5938
41.7 257.7671
41.8 303.3072
41.9 355.8244
42 406.5442
42.10001 443.2509
42.2 462.6474
42.3 454.8996
42.40001 430.4007
42.5 399.0562
42.6 376.4505
42.7 364.796
42.8 363.9875
42.9 372.1288
43 372.166
43.1 363.1986
43.2 356.3194
43.30001 361.7766
43.4 376.8458
43.5 385.4171
43.60001 373.7334
43.7 352.328
43.8 336.6451
43.90001 341.3237
44 348.7169
44.1 350.1438
44.2 335.9641
44.3 317.2908
44.4 310.1603
44.5 312.1286
44.6 318.2898
44.7 316.9799
44.80001 309.2523
44.9 308.4027
45 317.2985
45.10001 334.7097
45.2 354.2865
45.3 362.9063
45.40001 359.6521
45.5 339.5387
45.6 311.8197
45.7 275.0277
45.8 238.3092
45.90001 207.37
46 176.79
46.1 150.0299
46.2 123.5747
46.30001 120.5898
46.4 162.368
46.5 230.5951
46.60001 295.6671
46.7 346.6872
46.8 377.2555
46.90001 385.3437
47 366.5452
47.1 319.6388
47.2 257.8587
47.3 203.2933
47.40001 175.071
47.50001 171.8763
47.6 181.2338
47.7 196.0097
47.80001 210.1682
47.9 228.279
48 243.8835
48.10001 243.5752
48.2 229.9363
48.3 215.7577
48.40001 216.0304
48.5 245.4306
48.6 295.7227
48.7 357.8628
48.8 420.7849
48.90001 474.5605
49.00001 515.3777
49.1 535.0455
49.2 532.7491
49.30001 502.2877
49.4 447.9214
49.5 377.0101
49.60001 285.5384
49.7 190.6475
49.8 109.4612
49.90001 79.51866
50 118.3317
50.10001 179.447
50.20001 249.9334
50.3 324.6992
50.40001 394.3271
50.50001 443.6998
50.6 453.8316
50.7 428.1039
50.8 379.4048
50.9 334.7297
51 311.0495
51.1 307.1609
51.2 322.2231
51.3 348.1377
51.4 382.4981
51.5 425.2162
51.60001 469.5716
51.7 491.9553
51.8 474.9089
51.90001 417.1789
52 323.7978
52.1 217.6229
52.2 132.3869
52.3 93.95071
52.4 100.428
52.5 119.1016
52.6 136.0307
52.7 166.9345
52.8 229.651
52.9 307.6858
53 368.0053
53.10001 391.2555
53.2 388.7697
53.3 371.0007
53.40001 364.5392
53.5 375.8205
53.6 396.8244
53.7 421.4914
53.8 433.2509
53.9 421.5601
54 391.5942
54.1 358.1251
54.2 319.9974
54.30001 265.1315
54.4 193.9545
54.5 125.3363
54.60001 83.43186
54.7 73.78979
54.8 69.264
54.90001 49.14894
55 28.06367
55.1 30.82734
55.2 70.55352
55.3 148.0235
55.4 237.5219
55.5 318.9062
55.6 385.4811
55.7 434.93
55.80001 462.4576
55.9 456.7994
56 414.2346
56.10001 338.5291
56.2 267.0879
56.3 227.5117
56.40001 219.0751
56.5 225.1904
56.6 246.9985
56.7 274.8747
56.8 315.3941
56.9 364.3632
57 423.0406
57.1 474.3441
57.2 506.143
57.30001 520.0924
57.4 520.6866
57.5 524.9276
57.60001 516.9296
57.7 494.5598
57.8 451.4045
57.90001 403.2135
58 359.4275
58.1 350.4458
58.2 363.6551
58.3 380.6273
58.4 389.7625
58.5 401.9176
58.6 415.5108
58.7 418.6282
58.80001 395.1729
58.9 355.2709
59 320.1399
59.10001 296.8084
59.2 284.4409
59.3 285.381
59.40001 311.1841
59.5 348.8516
59.6 377.8138
59.7 384.7288
59.8 386.5279
59.90001 406.1404
60 445.7619
60.1 483.5583
60.2 491.9784
60.30001 470.2767
60.4 427.9938
60.5 379.6204
60.60001 315.8592
60.7 227.8831
60.8 126.6513
60.90001 55.5675
61 83.24727
61.1 115.7453
61.2 126.979
61.3 131.3892
61.40001 132.28
61.50001 147.4794
61.6 178.0012
61.7 226.4771
61.80001 274.8999
61.9 312.1183
62 339.3162
62.10001 359.2631
62.2 383.5349
62.3 404.5226
62.40001 421.4888
62.5 425.7695
62.60001 407.0704
62.7 361.2814
62.8 308.5976
62.90001 267.5244
63.00001 251.5336
63.1 243.4344
63.2 216.9989
63.3 174.4927
63.4 112.5311
63.5 52.34926
63.6 82.29738
63.7 167.7823
63.8 246.7829
63.9 304.0741
64 345.4173
64.10001 364.8238
64.2 362.3892
64.3 337.2489
64.4 308.3276
64.5 298.9151
64.60001 305.4711
64.7 321.8927
64.8 331.9407
64.9 325.6813
65.00001 306.3171
65.1 300.9368
65.2 293.5426
65.3 266.4916
65.4 202.6634
65.5 146.3376
65.60001 119.7458
65.7 144.1891
65.8 184.9147
65.9 234.0986
66 271.5763
66.10001 316.258
66.2 362.2203
66.3 401.1266
66.4 399.3991
66.50001 364.2956
66.6 318.1461
66.7 286.103
66.8 264.0848
66.9 252.617
67 253.8342
67.10001 266.8985
67.2 287.567
67.3 307.8035
67.4 328.4515
67.5 334.6688
67.60001 321.8329
67.7 283.1068
67.8 236.3827
67.9 189.7264
68.00001 169.94
68.1 160.4172
68.2 165.7816
68.3 167.5215
68.4 167.8865
68.5 173.9359
68.60001 191.5018
68.7 217.5972
68.8 256.5655
68.90001 311.9464
69 380.5424
69.10001 442.65
69.2 482.7662
69.3 490.7153
69.4 465.5842
69.50001 417.9291
69.6 352.5109
69.7 285.303
69.8 212.8293
69.9 148.8115
70 105.3312
70.10001 129.9035
70.2 212.6853
70.3 288.5884
70.40001 349.2061
70.5 371.6496
70.60001 380.5524
70.7 362.7499
70.8 338.3262
70.9 312.8864
71.00001 328.0398
71.1 374.1221
71.2 417.4582
71.3 403.8698
71.4 358.5803
71.5 285.2223
71.60001 238.854
71.7 234.4301
71.8 263.0994
71.90001 287.5693
72 296.0569
72.10001 271.9735
72.2 226.4449
72.3 192.7442
72.4 193.9961
72.50001 228.6715
72.6 253.0175
72.7 291.5798
72.8 332.8741
72.9 389.7982
73.00001 425.2599
73.10001 442.9405
73.2 428.6064
73.3 395.9043
73.40001 333.6761
73.5 252.2605
73.60001 155.7927
73.7 85.965
73.8 63.90452
73.9 55.55536
74.00001 57.59669
74.1 95.66995
74.2 172.5644
74.3 259.7882
74.4 325.1423
74.50001 346.8508
74.60001 329.5814
74.7 294.3971
74.8 236.124
74.9 169.2649
75 103.7246
75.10001 60.16926
75.2 19.93878
75.3 37.12875
75.4 92.13351
75.5 149.8501
75.60001 198.2976
75.7 223.1572
75.8 226.3595
75.9 219.8264
76.00001 219.4308
76.1 210.1703
76.2 201.1371
76.3 203.909
76.4 231.0195
76.5 269.2237
76.60001 287.9107
76.7 286.5274
76.8 272.7981
76.9 265.9748
77 248.2909
77.10001 216.7208
77.2 188.4743
77.3 176.0972
77.4 188.0245
77.50001 224.1843
77.6 262.1133
77.7 305.1682
77.8 358.3877
77.9 404.6413
78 430.1752
78.10001 428.0645
78.2 400.3408
78.3 355.8899
78.40001 288.525
78.5 205.9651
78.60001 130.257
78.7 78.61709
78.8 90.90462
78.9 150.8256
79.00001 220.4177
79.1 278.881
79.2 325.315
79.3 353.7798
79.4 365.6326
79.5 352.6707
79.60001 313.2077
79.7 243.4698
79.8 169.0282
79.90001 107.4506
80 101.4524
80.10001 138.8884
80.2 189.9136
80.3 227.5148
80.4 258.649
80.50001 286.7935
80.6 324.2643
80.7 336.747
80.8 337.1368
80.9 311.246
81.00001 291.6955
81.10001 317.3897
81.2 371.2952
81.3 426.854
81.40001 446.8984
81.5 427.3338
81.60001 385.3185
81.7 340.7633
81.8 305.9215
81.9 289.8868
82.00001 289.4757
82.1 278.7892
82.2 256.0213
82.3 245.8062
82.4 263.9809
82.50001 303.1548
82.60001 315.8792
82.7 293.1591
82.8 248.3449
82.90001 243.7815
83 291.236
83.10001 355.6418
83.2 403.7785
83.3 419.8197
83.4 409.8368
83.5 394.2157
83.6 386.6427
83.7 397.678
83.8 412.0204
83.9 399.7791
84.00001 359.4667
84.1 296.2734
84.2 234.1361
84.3 195.1019
84.4 197.675
84.5 214.503
84.60001 254.6849
84.7 294.9795
84.8 345.0043
84.9 378.0865
85 405.6477
85.10001 399.1902
85.2 380.1462
85.3 353.1153
85.4 339.6463
85.50001 329.4502
85.6 330.3338
85.7 335.4901
85.8 323.6703
85.9 281.3705
86 215.767
86.10001 155.7102
86.2 144.7729
86.3 168.0788
86.4 171.3368
86.5 141.4837
86.60001 94.68038
86.7 111.3778
86.8 191.3505
86.9 267.6937
87.00001 280.6141
87.1 250.9531
87.2 182.9392
87.3 140.8788
87.4 166.16
87.5 239.611
87.60001 295.2918
87.7 317.8199
87.8 298.1122
87.90001 266.0545
88 226.5214
88.10001 205.8761
88.2 206.9725
88.3 214.0411
88.4 239.9194
88.50001 267.0024
88.6 305.0583
88.7 331.9175
88.8 338.1073
88.9 330.5968
89 328.7632
89.10001 350.2082
89.2 385.5921
89.3 411.1478
89.40001 412.4117
89.5 406.1453
89.60001 397.749
89.7 402.8753
89.8 391.4724
89.9 359.4165
90.00001 292.4718
90.1 238.5141
90.2 191.2191
90.3 192.0925
90.4 197.8859
90.50001 214.5754
90.60001 214.9317
90.7 225.6872
90.8 257.1849
90.90001 302.6169
91 358.8297
91.10001 391.2063
91.2 410.8908
91.3 389.6652
91.4 369.2645
91.50001 340.9254
91.6 323.6952
91.7 290.9938
91.8 243.6023
91.9 194.0639
92.00001 164.918
92.10001 152.6796
92.2 155.222
92.3 160.0647
92.40001 164.2537
92.5 188.379
92.60001 214.2452
92.7 251.9172
92.8 273.2269
92.9 282.693
93.00001 289.2504
93.1 303.2831
93.2 336.6097
93.3 363.9365
93.4 356.2569
93.50001 316.7058
93.60001 268.0518
93.7 235.8661
93.8 216.644
93.90001 201.3138
94 185.3686
94.10001 163.2517
94.2 158.668
94.3 144.2822
94.4 121.5605
94.5 110.801
94.60001 126.6639
94.7 139.3263
94.8 132.0108
94.9 133.2887
95.00001 177.0259
95.1 236.4659
95.2 275.361
95.3 292.8854
95.4 295.837
95.5 290.6839
95.60001 261.9305
95.7 235.6395
95.8 216.6288
95.9 205.3781
96 190.8186
96.10001 184.8984
96.2 180.9185
96.3 188.0929
96.4 202.3446
96.50001 216.9226
96.6 229.9735
96.7 243.4738
96.8 250.8669
96.9 243.7752
97 210.3063
97.10001 160.29
97.2 124.8997
97.3 116.4606
97.4 119.4662
97.5 121.691
97.60001 129.022
97.7 149.5797
97.8 195.1858
97.9 236.4472
98.00001 242.6142
98.1 207.6177
98.2 163.5457
98.3 131.0817
98.4 114.6247
98.5 111.1907
98.60001 116.6652
98.7 139.1033
98.8 182.289
98.90001 231.5445
99 271.4492
99.10001 293.2497
99.2 286.7053
99.3 261.3613
99.4 233.0574
99.50001 216.9483
99.6 209.0322
99.7 193.991
99.8 168.4067
99.9 137.5654
100 114.2216
100.1 114.5806
100.2 136.2238
100.3 155.5653
100.4 161.7375
100.5 157.883
100.6 163.6338
100.7 179.5565
100.8 197.6004
100.9 206.9001
101 216.5365
101.1 226.0576
101.2 231.5101
101.3 218.2704
101.4 194.911
101.5 179.2915
101.6 177.6307
101.7 178.7507
101.8 174.8226
101.9 164.1232
102 142.7542
102.1 113.4098
102.2 83.21684
102.3 60.61569
102.4 45.58593
102.5 28.08614
102.6 6.240165
102.7 19.6548
102.8 34.46608
102.9 44.14091
103 57.5851
103.1 79.96323
103.2 111.8742
103.3 143.8303
103.4 168.1052
103.5 178.6655
103.6 180.9531
103.7 182.2731
103.8 191.0983
103.9 196.6961
104 187.7317
104.1 159.8701
104.2 124.2755
104.3 88.92453
104.4 60.83094
104.5 39.21713
104.6 22.8935
104.7 16.28235
104.8 5.897651
104.9 37.99868
105 108.0142
105.1 186.8837
105.2 249.9819
105.3 292.9693
105.4 324.1333
105.5 349.2898
105.6 364.0505
105.7 361.5928
105.8 338.6665
105.9 306.867
106 272.0641
106.1 240.0274
106.2 204.742
106.3 163.6451
106.4 111.4115
106.5 64.50133
106.6 57.10196
106.7 82.1778
106.8 94.23749
106.9 85.99681
107 63.34329
107.1 35.65112
107.2 16.57551
107.3 49.52705
107.4 99.95573
107.5 149.3292
107.6 186.0945
107.7 206.2515
107.8 213.6839
107.9 218.5718
108 228.2231
108.1 248.5867
108.2 273.0104
108.3 283.3894
108.4 273.8306
108.5 244.2652
108.6 197.686
108.7 140.4071
108.8 115.3395
108.9 152.5787
109 183.9512
109.1 179.9728
109.2 151.1491
109.3 102.8563
109.4 47.31483
109.5 87.03994
109.6 180.3102
109.7 267.7894
109.8 327.3949
109.9 358.0214
110 357.3948
110.1 340.9091
110.2 321.457
110.3 315.4045
110.4 309.3634
110.5 298.578
110.6 279.0651
110.7 266.5908
110.8 267.8956
110.9 274.5915
111 275.8364
111.1 273.3496
111.2 278.3592
111.3 286.2703
111.4 281.7878
111.5 249.6004
111.6 194.2989
111.7 124.0138
111.8 52.32404
111.9 13.39837
112 60.15962
112.1 93.32591
112.2 123.5705
112.3 152.7368
112.4 182.7907
112.5 198.893
112.6 206.7312
112.7 202.9992
112.8 197.4841
112.9 191.9674
113 195.2909
113.1 207.4389
113.2 234.0253
113.3 264.0604
113.4 281.1891
113.5 270.8474
113.6 246.2637
113.7 225.5196
113.8 216.4587
113.9 206.8799
114 181.2768
114.1 142.6483
114.2 106.2262
114.3 89.83572
114.4 97.86167
114.5 126.8285
114.6 157.9653
114.7 190.6167
114.8 226.0338
114.9 268.091
115 314.4597
115.1 358.8503
115.2 387.7838
115.3 398.2222
115.4 391.0777
115.5 373.0992
115.6 347.1659
115.7 316.1128
115.8 274.7298
115.9 221.3687
116 171.4797
116.1 145.2883
116.2 143.3608
116.3 146.2472
116.4 141.1448
116.5 128.2959
116.6 118.0765
116.7 124.1835
116.8 137.3121
116.9 143.9124
117 143.5668
117.1 145.8583
117.2 158.3114
117.3 182.7519
117.4 209.6086
117.5 233.0527
117.6 243.3392
117.7 242.8808
117.8 234.1541
117.9 229.3048
118 231.1892
118.1 240.9357
118.2 252.7823
118.3 267.5419
118.4 283.4463
118.5 291.7137
118.6 279.7416
118.7 248.0151
118.8 208.5358
118.9 188.155
119 200.2487
119.1 227.2666
119.2 247.6105
119.3 247.0185
119.4 227.722
119.5 209.292
119.6 216.7982
119.7 246.8952
119.8 277.9721
119.9 297.1242
120 302.5389
120.1 298.3553
120.2 287.4976
120.3 272.3965
120.4 250.5465
120.5 223.577
120.6 198.3493
120.7 186.0941
120.8 188.3187
120.9 198.8275
121 206.8417
121.1 208.57
121.2 206.6968
121.3 200.0695
121.4 186.8385
121.5 171.3126
121.6 166.3517
121.7 176.8226
121.8 205.3733
121.9 245.8605
122 285.3873
122.1 309.2255
122.2 316.4815
122.3 312.6869
122.4 310.4685
122.5 312.5988
122.6 315.2988
122.7 312.0516
122.8 302.2537
122.9 289.1721
123 274.6573
123.1 248.9679
123.2 200.9698
123.3 141.8099
123.4 110.1292
123.5 122.2292
123.6 138.7744
123.7 139.6791
123.8 125.7931
123.9 110.5711
124 121.5641
124.1 165.4807
124.2 216.2724
124.3 252.5472
124.4 269.313
124.5 272.5076
124.6 271.3873
124.7 267.8502
124.8 258.7914
124.9 239.1157
125 209.5819
125.1 172.7727
125.2 140.341
125.3 124.6934
125.4 125.8464
125.5 128.6125
125.6 126.4808
125.7 120.3915
125.8 121.1174
125.9 133.4245
126 149.4505
126.1 164.9184
126.2 192.0437
126.3 239.9776
126.4 293.6426
126.5 325.0811
126.6 325.479
126.7 304.2354
126.8 278.1537
126.9 256.9657
127 242.0634
127.1 231.9282
127.2 224.4383
127.3 218.7154
127.4 215.9942
127.5 222.1055
127.6 242.5798
127.7 265.6676
127.8 280.8976
127.9 292.3199
128 307.9678
128.1 326.5541
128.2 335.5733
128.3 319.3082
128.4 274.0069
128.5 213.6555
128.6 168.8041
128.7 153.7266
128.8 160.1863
128.9 176.9602
129 200.9258
129.1 228.4978
129.2 254.7173
129.3 275.444
129.4 279.0645
129.5 256.584
129.6 209.604
129.7 163.1396
129.8 161.5932
129.9 196.0665
130 220.1617
130.1 210.4363
130.2 169.1504
130.3 112.243
130.4 85.41207
130.5 149.4725
130.6 222.4541
130.7 261.9016
130.8 260.5212
130.9 238.4025
131 216.2783
131.1 208.5063
131.2 204.942
131.3 200.993
131.4 192.5895
131.5 182.6672
131.6 185.9439
131.7 206.0634
131.8 226.9935
131.9 236.3837
132 229.8085
132.1 215.2599
132.2 200.6109
132.3 191.7363
132.4 183.9611
132.5 166.3156
132.6 140.88
132.7 139.5062
132.8 189.1065
132.9 265.64
133 325.3954
133.1 345.6224
133.2 319.5086
133.3 259.8982
133.4 188.1021
133.5 139.2295
133.6 142.0088
133.7 174.648
133.8 192.8057
133.9 187.4813
134 183.0548
134.1 200.0874
134.2 226.8506
134.3 237.2287
134.4 221.0296
134.5 184.9134
134.6 144.0611
134.7 106.3336
134.8 87.24197
134.9 87.69577
135 93.25558
135.1 101.1631
135.2 120.9713
135.3 163.5649
135.4 222.064
135.5 276.0705
135.6 311.7334
135.7 320.767
135.8 302.2993
135.9 262.4577
136 218.5909
136.1 191.4912
136.2 189.1906
136.3 204.1771
136.4 223.8401
136.5 248.7852
136.6 278.405
136.7 304.0534
136.8 309.9665
136.9 291.8506
137 248.784
137.1 194.237
137.2 137.895
137.3 91.28502
137.4 62.89386
137.5 58.23831
137.6 74.56119
137.7 100.325
137.8 125.6506
137.9 149.3837
138 169.1592
138.1 181.4085
138.2 182.0665
138.3 170.5702
138.4 149.947
138.5 125.9104
138.6 100.3807
138.7 76.01834
138.8 72.07248
138.9 98.9228
139 134.18
139.1 165.5538
139.2 191.5323
139.3 208.9024
139.4 216.8148
139.5 214.0667
139.6 197.9128
139.7 172.0797
139.8 142.9691
139.9 120.4815
140 110.2371
140.1 109.751
140.2 117.8315
140.3 136.7498
140.4 164.8362
140.5 196.3912
140.6 226.2512
140.7 247.8868
140.8 259.8054
140.9 261.7631
141 256.026
141.1 241.7771
141.2 221.2838
141.3 198.3243
141.4 179.7652
141.5 169.7305
141.6 168.6312
141.7 178.523
141.8 199.0569
141.9 232.5777
142 262.7197
142.1 273.4869
142.2 254.9199
142.3 209.4775
142.4 147.8445
142.5 99.90662
142.6 108.5799
142.7 154.8814
142.8 190.5096
142.9 198.5382
143 181.561
143.1 151.9812
143.2 132.2942
143.3 148.4802
143.4 190.3811
143.5 226.6669
143.6 246.727
143.7 257.175
143.8 271.5409
143.9 293.3418
144 318.432
144.1 341.6601
144.2 355.363
144.3 353.8998
144.4 333.4504
144.5 301.9362
144.6 258.0388
144.7 217.0764
144.8 187.1336
144.9 184.4275
145 202.5101
145.1 221.5962
145.2 225.2621
145.3 223.0275
145.4 225.484
145.5 236.6257
145.6 253.5043
145.7 272.1219
145.8 289.645
145.9 304.7711
146 313.6945
146.1 318.3538
146.2 328.8007
146.3 347.4622
146.4 362.6592
146.5 357.9205
146.6 320.3738
146.7 258.5251
146.8 205.7098
146.9 192.0795
147 208.1156
147.1 231.9568
147.2 246.1645
147.3 245.2532
147.4 233.6091
147.5 228.2977
147.6 232.7296
147.7 242.8804
147.8 247.9891
147.9 240.9837
148 225.6659
148.1 212.8406
148.2 207.527
148.3 204.7904
148.4 208.3757
148.5 221.1762
148.6 246.2911
148.7 273.5762
148.8 280.6011
148.9 259.7654
149 225.8762
149.1 182.3444
149.2 147.2474
149.3 125.6256
149.4 108.5926
149.5 71.23504
149.6 11.86454
149.7 95.46222
149.8 189.0166
149.9 259.6954
150 308.9837
150.1 332.305
150.2 334.881
150.3 319.6946
150.4 325.8465
150.5 384.9459
150.6 473.5018
150.7 547.6519
150.8 579.4507
150.9 565.3028
151 511.1768
151.1 432.2013
151.2 327.0846
151.3 218.1621
151.4 140.3475
151.5 108.9607
151.6 96.8434
151.7 89.79824
151.8 111.8271
151.9 163.1995
152 222.0035
152.1 277.9452
152.2 319.1672
152.3 318.8103
152.4 296.481
152.5 282.7835
152.6 282.8834
152.7 276.9715
152.8 266.0489
152.9 252.3797
153 255.6503
153.1 294.7752
153.2 361.7941
153.3 409.9341
153.4 420.8369
153.5 395.1875
153.6 351.3177
153.7 310.6237
153.8 280.7609
153.9 263.8314
154 255.5221
154.1 245.5421
154.2 216.5344
154.3 176.3005
154.4 154.3931
154.5 191.4768
154.6 223.2582
154.7 235.3941
154.8 222.595
154.9 193.2493
155 150.4568
155.1 141.2075
155.2 177.9768
155.3 220.5457
155.4 251.4955
155.5 257.5974
155.6 247.4346
155.7 250.8969
155.8 263.5546
155.9 285.4706
156 319.3091
156.1 342.1393
156.2 337.1453
156.3 309.3615
156.4 263.1525
156.5 214.3406
156.6 171.1109
156.7 119.1214
156.8 85.50491
156.9 85.7125
157 116.0725
157.1 156.1393
157.2 196.9282
157.3 229.7618
157.4 261.3094
157.5 281.2303
157.6 276.8536
157.7 261.9056
157.8 233.6342
157.9 194.5553
158 151.7572
158.1 112.4024
158.2 90.52264
158.3 79.43845
158.4 75.37029
158.5 79.68412
158.6 80.08552
158.7 73.81088
158.8 74.84667
158.9 95.7387
159 152.9733
159.1 227.0704
159.2 276.4475
159.3 303.0639
159.4 324.8309
159.5 350.8076
159.6 378.4799
159.7 404.8203
159.8 418.2282
159.9 414.1209
160 396.5978
160.1 370.4296
160.2 337.2477
160.3 302.8152
160.4 275.0227
160.5 246.4504
160.6 215.213
160.7 200.7164
160.8 215.9
160.9 233.6586
161 228.5632
161.1 198.0133
161.2 181.7808
161.3 189.7971
161.4 202.5189
161.5 199.3333
161.6 183.5081
161.7 152.1566
161.8 125.7786
161.9 121.75
162 132.8242
162.1 149.3741
162.2 164.6262
162.3 182.9503
162.4 207.3398
162.5 247.0574
162.6 284.143
162.7 302.2248
162.8 299.2894
162.9 294.7854
163 299.6126
163.1 316.1813
163.2 326.0279
163.3 323.4536
163.4 307.0523
163.5 290.7404
163.6 284.9176
163.7 290.5046
163.8 290.9388
163.9 277.4972
164 255.0051
164.1 240.6188
164.2 247.9606
164.3 277.7104
164.4 317.74
164.5 361.5179
164.6 410.6724
164.7 454.6082
164.8 473.9291
164.9 462.3824
165 423.9984
165.1 374.7242
165.2 327.275
165.3 273.0855
165.4 207.1167
165.5 137.5672
165.6 93.91284
165.7 92.5428
165.8 128.1468
165.9 163.7276
166 183.2919
166.1 176.3027
166.2 158.3614
166.3 154.4342
166.4 162.9603
166.5 165.9405
166.6 153.4949
166.7 150.8204
166.8 169.2709
166.9 200.0219
167 240.971
167.1 291.8162
167.2 350.3639
167.3 405.4402
167.4 428.7271
167.5 413.5171
167.6 375.607
167.7 337.2659
167.8 307.0622
167.9 283.5056
168 262.4683
168.1 235.4711
168.2 208.4888
168.3 185.9607
168.4 161.7163
168.5 150.1427
168.6 150.0422
168.7 151.5304
168.8 144.0011
168.9 139.6421
169 149.2638
169.1 196.8222
169.2 249.388
169.3 287.5522
169.4 310.4692
169.5 324.7347
169.6 323.6267
169.7 312.4336
169.8 282.8828
169.9 250.3372
170 233.9844
170.1 227.8747
170.2 223.7472
170.3 222.044
170.4 213.6391
170.5 185.8383
170.6 159.6359
170.7 142.2394
170.8 146.2301
170.9 160.7863
171 169.9168
171.1 148.0418
171.2 116.9206
171.3 81.80571
171.4 55.06764
171.5 23.68443
171.6 34.6487
171.7 75.91129
171.8 105.9173
171.9 108.1515
172 116.3436
172.1 157.6418
172.2 214.9251
172.3 278.2379
172.4 333.9998
172.5 352.1073
172.6 346.2268
172.7 329.8872
172.8 313.8828
172.9 297.7026
173 265.8888
173.1 219.7708
173.2 174.8666
173.3 166.2321
173.4 177.8596
173.5 180.463
173.6 153.9005
173.7 112.9456
173.8 79.68388
173.9 63.84973
174 51.16502
174.1 58.8874
174.2 85.13778
174.3 110.1103
174.4 121.1625
174.5 124.3755
174.6 133.3381
174.7 159.6957
174.8 221.8889
174.9 284.6343
175 321.9379
175.1 324.673
175.2 314.3506
175.3 292.5625
175.4 281.6308
175.5 291.6894
175.6 307.6686
175.7 308.3425
175.8 287.3461
175.9 237.2694
176 170.4081
176.1 108.6239
176.2 86.03241
176.3 117.9251
176.4 189.3811
176.5 277.1516
176.6 360.9581
176.7 405.3132
176.8 404.1782
176.9 371.7538
177 327.6785
177.1 282.7738
177.2 243.2143
177.3 210.263
177.4 203.3388
177.5 224.072
177.6 264.3829
177.7 306.9347
177.8 341.9571
177.9 360.5258
178 359.4267
178.1 347.8217
178.2 329.9403
178.3 318.5026
178.4 306.1898
178.5 282.7324
178.6 245.3341
178.7 193.2415
178.8 144.212
178.9 122.8377
179 133.8641
179.1 172.3482
179.2 226.311
179.3 288.5013
179.4 336.8424
179.5 361.0744
179.6 352.6592
179.7 312.0767
179.8 265.2369
179.9 227.7348
180 202.036
180.1 190.2297
180.2 184.5438
180.3 173.9326
180.4 155.6407
180.5 132.5616
180.6 121.8666
180.7 156.16
180.8 215.211
180.9 271.3989
181 292.8745
181.1 289.8112
181.2 265.5594
181.3 234.1273
181.4 174.9365
181.5 110.5516
181.6 57.73985
181.7 40.89736
181.8 58.66613
181.9 103.2366
182 148.5808
182.1 183.2793
182.2 207.9971
182.3 220.4691
182.4 225.7233
182.5 227.2145
182.6 225.9855
182.7 225.3848
182.8 224.8188
182.9 222.1437
183 214.2911
183.1 195.502
183.2 175.8178
183.3 158.2179
183.4 145.0797
183.5 136.8194
183.6 135.6186
183.7 136.7222
183.8 133.3684
183.9 123.9616
184 118.8012
184.1 116.2551
184.2 121.4358
184.3 151.6458
184.4 208.6197
184.5 263.7442
184.6 312.3221
184.7 350.7809
184.8 379.1005
184.9 388.6955
185 383.7514
185.1 363.5555
185.2 354.5497
185.3 357.2621
185.4 374.152
185.5 378.3498
185.6 368.9612
185.7 346.7337
185.8 334.9352
185.9 335.5358
186 345.562
186.1 348.9341
186.2 331.4227
186.3 301.2376
186.4 270.5454
186.5 256.1473
186.6 255.3352
186.7 274.1325
186.8 286.6175
186.9 288.6057
187 270.6818
187.1 257.1271
187.2 257.6164
187.3 282.5955
187.4 309.4948
187.5 321.2193
187.6 314.8501
187.7 311.0296
187.8 308.1657
187.9 299.8338
188 283.4941
188.1 268.3315
188.2 261.6633
188.3 263.9038
188.4 263.7
188.5 251.8741
188.6 229.2906
188.7 212.6834
188.8 205.6876
188.9 207.1491
189 208.1303
189.1 210.053
189.2 202.8191
189.3 193.4724
189.4 182.1892
189.5 177.7588
189.6 170.2408
189.7 166.8691
189.8 165.395
189.9 172.0843
190 188.2297
190.1 213.451
190.2 233.7436
190.3 250.5638
190.4 263.0082
190.5 271.7314
190.6 270.9657
190.7 268.9965
190.8 263.2131
190.9 252.8106
191 235.1667
191.1 209.4189
191.2 179.1585
191.3 155.6143
191.4 151.2456
191.5 158.3408
191.6 174.7081
191.7 191.5787
191.8 209.8279
191.9 220.7585
192 237.4642
192.1 261.1395
192.2 293.4416
192.3 324.3353
192.4 350.427
192.5 367.6437
192.6 368.7732
192.7 354.3912
192.8 327.7524
192.9 296.8768
193 266.0714
193.1 244.6824
193.2 232.0212
193.3 234.5116
193.4 246.7793
193.5 263.9738
193.6 274.2147
193.7 269.2345
193.8 246.0998
193.9 211.1359
194 178.4622
194.1 156.8273
194.2 147.6244
194.3 143.0588
194.4 140.8101
194.5 135.5506
194.6 130.6853
194.7 132.5257
194.8 148.9915
194.9 183.0488
195 232.6076
195.1 288.1136
195.2 339.8095
195.3 376.0635
195.4 386.7386
195.5 373.085
195.6 338.7364
195.7 302.2451
195.8 279.0272
195.9 282.0896
196 299.9673
196.1 324.3314
196.2 341.7491
196.3 353.8222
196.4 355.8732
196.5 352.7285
196.6 346.5638
196.7 345.7654
196.8 349.6039
196.9 352.702
197 346.0004
197.1 324.5577
197.2 290.5667
197.3 257.7835
197.4 242.5859
197.5 243.307
197.6 250.834
197.7 257.6067
197.8 249.6523
197.9 212.8352
198 148.4347
198.1 69.63256
198.2 57.92064
198.3 146.3897
198.4 233.8255
198.5 301.8275
198.6 340.7492
198.7 356.239
198.8 353.9456
198.9 355.4484
199 357.2226
199.1 347.1375
199.2 317.4843
199.3 263.213
199.4 197.108
199.5 136.6741
199.6 88.7368
199.7 53.48022
199.8 36.46562
199.9 39.12045
200 65.92421
200.1 108.0804
200.2 142.1606
200.3 156.2889
200.4 151.669
200.5 130.1074
200.6 97.35261
200.7 80.45588
200.8 87.19264
200.9 124.3686
201 174.2238
201.1 238.8971
201.2 294.6886
201.3 339.2108
201.4 358.9493
201.5 363.3685
201.6 340.7697
201.7 301.7977
201.8 244.4004
201.9 190.1433
202 152.5469
202.1 135.3674
202.2 131.8909
202.3 122.6171
202.4 94.12708
202.5 63.93875
202.6 80.46025
202.7 147.5218
202.8 216.302
202.9 264.8588
203 291.9383
203.1 320.5507
203.2 361.8622
203.3 402.4467
203.4 425.8048
203.5 417.531
203.6 375.3309
203.7 317.2133
203.8 251.4083
203.9 192.0134
204 143.5666
204.1 110.2454
204.2 86.80407
204.3 74.64302
204.4 71.94217
204.5 81.1725
204.6 94.47307
204.7 104.6889
204.8 113.2401
204.9 127.6446
205 162.446
205.1 232.0808
205.2 325.0831
205.3 415.9631
205.4 479.4843
205.5 517.8204
205.6 536.0972
205.7 543.2938
205.8 515.3221
205.9 455.0515
206 376.0301
206.1 302.9181
206.2 242.1683
206.3 203.8615
206.4 164.5163
206.5 129.7458
206.6 101.5823
206.7 87.7418
206.8 104.3072
206.9 143.3098
207 174.5428
207.1 205.422
207.2 230.7348
207.3 278.283
207.4 353.2812
207.5 446.2816
207.6 501.0777
207.7 497.3805
207.8 441.7271
207.9 410.0103
208 389.6582
208.1 385.5633
208.2 382.7507
208.3 366.386
208.4 334.5663
208.5 295.3414
208.6 238.0388
208.7 167.3778
208.8 108.8463
208.9 106.7782
209 146.0588
209.1 194.1015
209.2 222.1358
209.3 233.7137
209.4 230.0485
209.5 212.2575
209.6 193.6932
209.7 182.6462
209.8 178.1083
209.9 187.8165
210 184.1394
210.1 166.092
210.2 160.5839
210.3 172.9751
210.4 194.1335
210.5 236.1523
210.6 292.5278
210.7 350.9926
210.8 385.559
210.9 384.7052
211 363.0659
211.1 350.9976
211.2 378.9832
211.3 430.5166
211.4 479.5809
211.5 506.3593
211.6 506.1774
211.7 475.3091
211.8 429.3458
211.9 386.2259
212 363.2082
212.1 349.1098
212.2 338.5346
212.3 328.0692
212.4 312.8715
212.5 282.1584
212.6 233.7928
212.7 183.1228
212.8 148.6211
212.9 135.4924
213 142.1839
213.1 156.9279
213.2 171.5973
213.3 187.0902
213.4 188.7402
213.5 179.1844
213.6 170.8582
213.7 178.3325
213.8 207.0968
213.9 239.9855
214 247.0407
214.1 214.4698
214.2 155.2901
214.3 73.52161
214.4 22.0265
214.5 96.3454
214.6 139.0625
214.7 142.5097
214.8 113.499
214.9 69.91848
215 16.85899
215.1 39.78364
215.2 94.53673
215.3 160.6631
215.4 249.2959
215.5 350.7544
215.6 435.7243
215.7 491.3001
215.8 507.1847
215.9 486.0379
216 444.5221
216.1 399.9417
216.2 361.8605
216.3 328.9374
216.4 313.318
216.5 318.6004
216.6 325.626
216.7 328.1705
216.8 327.0298
216.9 310.9995
217 298.887
217.1 291.1041
217.2 284.3895
217.3 263.4836
217.4 229.4608
217.5 185.4061
217.6 169.7853
217.7 189.2629
217.8 230.5175
217.9 275.9838
218 326.8532
218.1 375.0909
218.2 410.3177
218.3 403.7535
218.4 359.4117
218.5 309.8994
218.6 274.043
218.7 272.5648
218.8 282.1986
218.9 286.2439
219 279.1778
219.1 279.0121
219.2 278.3959
219.3 284.6788
219.4 296.2911
219.5 305.6682
219.6 304.4997
219.7 310.0396
219.8 319.5295
219.9 318.5495
220 297.0132
220.1 261.9208
220.2 239.5943
220.3 254.6569
220.4 289.7014
220.5 328.8097
220.6 359.7985
220.7 380.156
220.8 387.1696
220.9 382.3498
221 363.8968
221.1 340.6294
221.2 316.3623
221.3 293.3268
221.4 278.4734
221.5 270.8747
221.6 260.1936
221.7 238.8492
221.8 211.5487
221.9 178.5829
222 156.4351
222.1 152.9365
222.2 179.4817
222.3 218.2994
222.4 265.5793
222.5 302.0086
222.6 328.0542
222.7 342.1795
222.8 346.518
222.9 339.4895
223 332.6592
223.1 321.7632
223.2 303.1679
223.3 276.2096
223.4 242.3127
223.5 195.1482
223.6 145.7856
223.7 107.9637
223.8 90.09152
223.9 98.66164
224 110.9454
224.1 114.2377
224.2 110.2915
224.3 98.52609
224.4 79.8017
224.5 70.45483
224.6 99.87423
224.7 160.6508
224.8 212.6682
224.9 236.2757
225 235.7544
225.1 229.3676
225.2 225.6043
225.3 223.3408
225.4 211.2342
225.5 182.6971
225.6 149.1071
225.7 114.2331
225.8 89.69919
225.9 73.62853
226 66.11075
226.1 57.24813
226.2 49.19584
226.3 39.71172
226.4 46.42973
226.5 66.28373
226.6 87.34438
226.7 103.1607
226.8 116.6497
226.9 126.6173
227 140.1038
227.1 153.0943
227.2 167.2308
227.3 183.7021
227.4 203.5717
227.5 221.9832
227.6 237.971
227.7 251.5806
227.8 266.234
227.9 279.6242
228 279.4
228.1 263.3928
228.2 235.8406
228.3 202.3118
228.4 175.6346
228.5 163.6454
228.6 159.0196
228.7 146.6414
228.8 124.6868
228.9 99.00279
229 91.84902
229.1 113.5254
229.2 154.6361
229.3 198.7734
229.4 247.3457
229.5 291.8448
229.6 330.9051
229.7 355.7286
229.8 364.2281
229.9 351.4221
230 319.4016
230.1 275.8511
230.2 231.4114
230.3 182.9439
230.4 132.1202
230.5 92.18251
230.6 67.9197
230.7 60.41324
230.8 63.48654
230.9 70.13888
231 86.75609
231.1 107.9605
231.2 125.3475
231.3 119.182
231.4 86.76455
231.5 51.54784
231.6 114.2883
231.7 223.7242
231.8 331.8569
231.9 412.9613
232 454.2438
232.1 466.4571
232.2 457.6705
232.3 433.6705
232.4 393.6143
232.5 337.077
232.6 259.2261
232.7 164.2326
232.8 61.42166
232.9 28.84069
233 93.37285
233.1 122.8863
233.2 118.1415
233.3 75.10126
233.4 32.64573
233.5 98.03758
233.6 170.4518
233.7 235.0086
233.8 291.2674
233.9 342.737
234 387.9819
234.1 421.8016
234.2 433.1252
234.3 421.1512
234.4 387.6727
234.5 340.8072
234.6 294.3834
234.7 249.6949
234.8 215.5821
234.9 193.3682
235 184.0796
235.1 170.1052
235.2 147.6256
235.3 112.0926
235.4 70.2011
235.5 35.37626
235.6 26.14615
235.7 51.47053
235.8 93.35147
235.9 144.2929
236 197.4981
236.1 248.3153
236.2 288.1127
236.3 308.7951
236.4 312.9124
236.5 309.4965
236.6 299.7899
236.7 277.5546
236.8 242.589
236.9 207.7208
237 186.5442
237.1 179.5756
237.2 182.5674
237.3 188.9867
237.4 186.1521
237.5 174.2113
237.6 157.6062
237.7 145.867
237.8 141.4745
237.9 141.4596
238 137.9402
238.1 138.1307
238.2 142.101
238.3 151.2487
238.4 163.0485
238.5 178.4964
238.6 194.2891
238.7 210.8473
238.8 228.5953
238.9 244.0015
239 243.1013
239.1 218.5528
239.2 170.837
239.3 125.455
239.4 112.2699
239.5 122.866
239.6 135.9799
239.7 149.4294
239.8 169.6347
239.9 185.2128
240 186.9842
240.1 172.4742
240.2 153.597
240.3 136.7391
240.4 125.9783
240.5 120.5738
240.6 117.269
240.7 121.1133
240.8 133.1498
240.9 146.0837
241 153.7108
241.1 156.7132
241.2 150.34
241.3 132.6264
241.4 92.21852
241.5 38.28277
241.6 59.27903
241.7 116.7376
241.8 149.1738
241.9 147.3887
242 125.3744
242.1 110.0393
242.2 116.5329
242.3 134.5261
242.4 152.5915
242.5 163.4772
242.6 171.8452
242.7 176.305
242.8 181.4765
242.9 190.398
243 212.1451
243.1 245.0165
243.2 278.4454
243.3 300.4896
243.4 307.9903
243.5 301.3197
243.6 280.7428
243.7 247.7968
243.8 201.9805
243.9 148.5396
244 99.91495
244.1 72.92124
244.2 65.83694
244.3 74.41612
244.4 93.89404
244.5 123.9045
244.6 155.4273
244.7 186.0226
244.8 215.0898
244.9 245.1313
245 267.9352
245.1 281.7246
245.2 282.2871
245.3 276.0854
245.4 266.4333
245.5 256.0899
245.6 247.5614
245.7 234.2937
245.8 215.5885
245.9 189.6543
246 161.5058
246.1 129.8127
246.2 100.3497
246.3 80.75154
246.4 86.8058
246.5 116.487
246.6 158.0172
246.7 199.2824
246.8 239.7733
246.9 269.5185
247 275.258
247.1 251.3804
247.2 203.4539
247.3 144.5168
247.4 86.42171
247.5 39.84336
247.6 24.72726
247.7 40.61613
247.8 50.41291
247.9 50.33687
248 49.81512
248.1 71.70816
248.2 110.6478
248.3 155.3468
248.4 200.9866
248.5 242.6152
248.6 276.694
248.7 298.3985
248.8 304.3992
248.9 295.4425
249 281.5675
249.1 266.5352
249.2 252.1825
249.3 231.8535
249.4 210.867
249.5 195.2007
249.6 185.3758
249.7 176.4804
249.8 165.3303
249.9 149.3535
250 133.4876
250.1 121.6748
250.2 123.4812
250.3 142.8721
250.4 177.8301
250.5 213.8134
250.6 240.495
250.7 249.2169
250.8 240.4428
250.9 213.1045
251 172.7225
251.1 123.4915
251.2 68.6903
251.3 20.01549
251.4 45.27764
251.5 81.49015
251.6 108.6243
251.7 124.5377
251.8 119.254
251.9 86.84513
252 29.25434
252.1 49.12623
252.2 127.7132
252.3 202.1565
252.4 260.0769
252.5 298.6674
252.6 316.1905
252.7 320.4994
252.8 312.6172
252.9 296.9868
253 269.4245
253.1 228.4328
253.2 175.0163
253.3 121.0745
253.4 83.70621
253.5 78.62026
253.6 93.10369
253.7 106.1487
253.8 115.3414
253.9 131.0927
254 159.1413
254.1 195.3615
254.2 229.3501
254.3 251.952
254.4 262.0173
254.5 256.904
254.6 235.3453
254.7 199.8152
254.8 162.9401
254.9 130.9164
255 103.25
255.1 75.47638
255.2 45.58837
255.3 16.14699
255.4 18.96956
255.5 53.73741
255.6 94.14449
255.7 136.41
255.8 174.6315
255.9 205.5023
256 230.9954
256.1 253.5128
256.2 268.6478
256.3 273.9838
256.4 268.1204
256.5 259.3381
256.6 247.8124
256.7 237.2091
256.8 224.0366
256.9 205.4393
257 174.996
257.1 137.4733
257.2 97.85669
257.3 67.5607
257.4 49.83946
257.5 42.20975
257.6 39.52385
257.7 40.36759
257.8 57.88908
257.9 90.58901
258 120.0105
258.1 136.5931
258.2 142.2563
258.3 147.003
258.4 160.1908
258.5 176.6474
258.6 186.1461
258.7 183.4901
258.8 172.203
258.9 157.6414
259 150.9931
259.1 157.9978
259.2 172.8269
259.3 184.129
259.4 185.2675
259.5 178.6718
259.6 167.1584
259.7 153.6193
259.8 142.1712
259.9 139.4598
260 150.9415
260.1 175.5426
260.2 204.5203
260.3 227.6924
260.4 239.581
260.5 242.1945
260.6 238.368
260.7 230.9284
260.8 220.4412
260.9 207.9818
261 195.1985
261.1 185.7894
261.2 179.8748
261.3 178
261.4 178.5144
261.5 183.0579
261.6 193.9595
261.7 208.9884
261.8 223.7096
261.9 231.3628
262 226.5271
262.1 208.1883
262.2 184.343
262.3 164.3118
262.4 156.5987
262.5 154.5973
262.6 154.5034
262.7 152.3438
262.8 150.7343
262.9 147.3564
263 144.367
263.1 137.3522
263.2 126.51
263.3 111.7321
263.4 99.82454
263.5 93.93965
263.6 98.79966
263.7 114.0742
263.8 136.3633
263.9 159.4315
264 178.2649
264.1 191.058
264.2 197.3541
264.3 200.7072
264.4 205.171
264.5 217.4549
264.6 236.2457
264.7 255.6568
264.8 266.4999
264.9 261.9592
265 238.6856
265.1 201.841
265.2 156.8904
265.3 115.4519
265.4 91.50661
265.5 94.63594
265.6 114.8252
265.7 136.6933
265.8 152.7552
265.9 165.0134
266 175.0097
266.1 183.7022
266.2 186.1177
266.3 176.5115
266.4 155.6787
266.5 130.8816
266.6 111.8382
266.7 106.6921
266.8 114.382
266.9 131.3208
267 156.0797
267.1 181.662
267.2 201.5812
267.3 211.9902
267.4 214.4672
267.5 213.3395
267.6 209.662
267.7 201.0002
267.8 187.3392
267.9 175.2619
268 172.8844
268.1 185.1623
268.2 210.1015
268.3 238.6712
268.4 261.6848
268.5 267.4636
268.6 251.3955
268.7 214.1712
268.8 160.9883
268.9 105.9969
269 72.81069
269.1 76.4883
269.2 100.6541
269.3 139.8849
269.4 195.9268
269.5 258.146
269.6 314.3767
269.7 354.9847
269.8 379.0775
269.9 389.0755
270 390.9523
270.1 391.0539
270.2 391.2954
270.3 388.8273
270.4 377.8431
270.5 352.4467
270.6 311.8109
270.7 263.5018
270.8 214.2504
270.9 171.0486
271 135.5318
271.1 114.2678
271.2 107.8348
271.3 119.2366
271.4 140.6579
271.5 166.1558
271.6 193.2458
271.7 218.7048
271.8 246.1302
271.9 271.6905
272 294.5198
272.1 306.4749
272.2 311.5227
272.3 310.0025
272.4 310.0594
272.5 307.7164
272.6 305.1448
272.7 302.7981
272.8 308.1949
272.9 322.0729
273 338.6529
273.1 347.7748
273.2 338.3332
273.3 303.6919
273.4 244.691
273.5 167.74
273.6 88.69296
273.7 43.16264
273.8 65.9542
273.9 85.40166
274 92.26618
274.1 115.4257
274.2 163.8961
274.3 215.5891
274.4 253.9819
274.5 277.1764
274.6 280.7702
274.7 263.0186
274.8 223.8115
274.9 172.5831
275 123.6865
275.1 93.97648
275.2 85.64705
275.3 87.18764
275.4 90.78502
275.5 117.0629
275.6 172.2737
275.7 236.8725
275.8 288.3644
275.9 318.9108
276 323.8627
276.1 312.2131
276.2 292.9927
276.3 276.4145
276.4 267.5471
276.5 267.0807
276.6 273.4958
276.7 285.0733
276.8 305.6497
276.9 329.6408
277 357.1596
277.1 378.4336
277.2 389.3552
277.3 376.3349
277.4 339.2606
277.5 276.7048
277.6 203.5203
277.7 132.2042
277.8 86.16507
277.9 73.24173
278 85.53498
278.1 111.5783
278.2 154.8957
278.3 204.5647
278.4 241.951
278.5 256.1201
278.6 243.1268
278.7 211.2742
278.8 169.5643
278.9 128.2795
279 89.68626
279.1 63.81676
279.2 51.22413
279.3 40.85123
279.4 23.5211
279.5 21.26165
279.6 45.96495
279.7 77.00659
279.8 114.6141
279.9 159.4592
280 201.2091
280.1 228.3787
280.2 234.0481
280.3 222.9906
280.4 202.1092
280.5 178.6041
280.6 160.0637
280.7 150.8225
280.8 152.3868
280.9 166.3716
281 190.934
281.1 214.8637
281.2 228.8948
281.3 226.6571
281.4 214.7038
281.5 201.8554
281.6 198.9315
281.7 204.7273
281.8 216.7302
281.9 227.8596
282 231.5017
282.1 222.0206
282.2 203.1999
282.3 186.0255
282.4 181.6951
282.5 191.6116
282.6 209.6399
282.7 225.8041
282.8 230.5565
282.9 221.6924
283 198.1405
283.1 165.9749
283.2 133.1114
283.3 112.2708
283.4 107.8809
283.5 119.6385
283.6 137.7156
283.7 152.5094
283.8 157.3205
283.9 152.8498
284 141.5065
284.1 130.2881
284.2 122.5998
284.3 122.0267
284.4 128.0875
284.5 141.7765
284.6 159.904
284.7 177.5266
284.8 192.8305
284.9 205.4237
285 218.562
285.1 231.972
285.2 244.4465
285.3 253.29
285.4 254.8362
285.5 247.7845
285.6 236.6091
285.7 225.5807
285.8 219.1913
285.9 220.2129
286 230.877
286.1 248.7872
286.2 267.4887
286.3 280.3703
286.4 284.7341
286.5 278.9261
286.6 260.0488
286.7 229.0671
286.8 193.4842
286.9 165.5387
287 146.7567
287.1 132.8053
287.2 127.0606
287.3 144.8837
287.4 183.9531
287.5 222.8051
287.6 242.0268
287.7 236.3346
287.8 209.7875
287.9 176.8325
288 155.1905
288.1 156.0979
288.2 168.1838
288.3 170.1935
288.4 155.3202
288.5 135.9553
288.6 138.6301
288.7 167.3164
288.8 208.6315
288.9 246.065
289 272.8274
289.1 279.5001
289.2 266.6252
289.3 236.6714
289.4 198.6822
289.5 156.2774
289.6 115.3139
289.7 79.12155
289.8 50.25895
289.9 40.53423
290 77.12467
290.1 139.2412
290.2 208.314
290.3 272.2622
290.4 325.7355
290.5 365.9006
290.6 395.0356
290.7 410.0015
290.8 409.7219
290.9 391.3217
291 357.2915
291.1 304.2322
291.2 235.0591
291.3 156.3633
291.4 86.23686
291.5 37.76933
291.6 21.56727
291.7 34.32021
291.8 61.14334
291.9 94.74214
292 130.0551
292.1 157.7597
292.2 172.1932
292.3 172.4098
292.4 159.8858
292.5 139.6108
292.6 116.3562
292.7 103.6522
292.8 114.1739
292.9 156.3428
293 218.471
293.1 285.4013
293.2 341.1926
293.3 376.1334
293.4 386.923
293.5 376.4036
293.6 351.3392
293.7 321.3495
293.8 293.7882
293.9 270.5495
294 244.5426
294.1 214.9447
294.2 189.1586
294.3 181.9067
294.4 194.7997
294.5 217.2299
294.6 237.7268
294.7 252.1929
294.8 256.5017
294.9 250.9059
295 236.6476
295.1 219.4329
295.2 203.318
295.3 195.6931
295.4 198.5741
295.5 207.1037
295.6 215.0028
295.7 222.3012
295.8 233.2985
295.9 252.9239
296 273.4428
296.1 289.0277
296.2 291.8382
296.3 285.5894
296.4 268.1843
296.5 245.7347
296.6 214.764
296.7 188.2661
296.8 180.5357
296.9 196.5198
297 215.1175
297.1 226.0806
297.2 225.1144
297.3 219.0241
297.4 211.5881
297.5 206.3261
297.6 205.2154
297.7 204.8137
297.8 202.6965
297.9 195.2065
298 184.2215
298.1 171.1663
298.2 161.2072
298.3 153.9596
298.4 151.1238
298.5 152.3592
298.6 157.0575
298.7 162.1796
298.8 164.1104
298.9 159.1439
299 148.0696
299.1 135.1211
299.2 128.8703
299.3 134.0496
299.4 153.6681
299.5 184.2121
299.6 218.3837
299.7 248.5556
299.8 269.8734
299.9 279.4928
300 275.6629
300.1 257.7364
300.2 229.117
300.3 193.0421
300.4 155.1718
300.5 117.6192
300.6 83.96973
300.7 63.27658
300.8 59.58992
300.9 60.92097
301 53.10738
301.1 27.67578
301.2 15.62937
301.3 61.80277
301.4 113.8271
301.5 174.6532
301.6 240.1821
301.7 301.5997
301.8 343.1875
301.9 358.7121
302 348.3408
302.1 319.6828
302.2 280.0875
302.3 240.1895
302.4 209.126
302.5 193.5004
302.6 191.8273
302.7 191.1085
302.8 181.2812
302.9 162.9671
303 153.8042
303.1 175.0095
303.2 228.5412
303.3 292.972
303.4 344.3966
303.5 371.4337
303.6 372.4485
303.7 355.0912
303.8 327.9956
303.9 299.9405
304 279.1867
304.1 271.9028
304.2 272.1611
304.3 270.0745
304.4 260.7402
304.5 244.6975
304.6 227.3989
304.7 214.9084
304.8 211.957
304.9 222.0349
305 247.3393
305.1 279.6953
305.2 316.1865
305.3 354.1117
305.4 389.913
305.5 409.4982
305.6 402.7578
305.7 365.2922
305.8 307.5867
305.9 237.1036
306 167.6219
306.1 122.1029
306.2 133.9857
306.3 168.6395
306.4 182.4928
306.5 164.5282
306.6 129.3216
306.7 115.3886
306.8 158.5181
306.9 228.145
307 296.418
307.1 352.7546
307.2 386.795
307.3 395.0659
307.4 378.6432
307.5 347.5734
307.6 311.2404
307.7 273.4373
307.8 242.6098
307.9 222.8283
308 215.4423
308.1 220.5858
308.2 236.4695
308.3 261.5798
308.4 300.7335
308.5 348.2642
308.6 394.9767
308.7 419.9246
308.8 419.0278
308.9 392.3514
309 356.1394
309.1 317.9462
309.2 284.9451
309.3 260.0212
309.4 243.2144
309.5 233.0096
309.6 225.5959
309.7 211.8415
309.8 184.9444
309.9 156.9016
310 148.4415
310.1 164.9264
310.2 182.5544
310.3 194.7494
310.4 197.9449
310.5 198.0633
310.6 198.5092
310.7 207.6345
310.8 225.8421
310.9 246.1577
311 266.5364
311.1 288.0161
311.2 315.3593
311.3 339.8137
311.4 356.3026
311.5 356.899
311.6 340.856
311.7 305.1242
311.8 260.248
311.9 210.6903
312 174.3198
312.1 154.4554
312.2 158.4611
312.3 179.5003
312.4 211.4071
312.5 241.8045
312.6 267.9554
312.7 280.7853
312.8 282.7848
312.9 266.6046
313 242.5792
313.1 211.713
313.2 194.2251
313.3 189.518
313.4 190.5618
313.5 184.4143
313.6 172.9392
313.7 161.4906
313.8 163.4126
313.9 171.4997
314 186.9673
314.1 195.8082
314.2 197.6965
314.3 189.2217
314.4 173.0805
314.5 155.4185
314.6 142.366
314.7 133.4238
314.8 128.5822
314.9 126.3507
315 132.7763
315.1 142.9994
315.2 157.5041
315.3 168.1917
315.4 172.4366
315.5 170.7846
315.6 160.3807
315.7 149.7248
315.8 139.807
315.9 134.7903
316 136.3748
316.1 147.67
316.2 162.777
316.3 173.225
316.4 174.6657
316.5 169.2708
316.6 159.3447
316.7 153.5782
316.8 150.3259
316.9 149.129
317 143.1146
317.1 138.7002
317.2 134.3935
317.3 136.967
317.4 142.9575
317.5 143.8236
317.6 140.8886
317.7 141.4334
317.8 153.763
317.9 173.565
318 195.0908
318.1 213.7922
318.2 226.306
318.3 228.8731
318.4 218.7957
318.5 196.7444
318.6 170.0104
318.7 146.0579
318.8 127.6502
318.9 110.5133
319 91.8947
319.1 77.2023
319.2 72.91171
319.3 73.37698
319.4 69.08259
319.5 61.28484
319.6 55.97762
319.7 60.0272
319.8 75.02041
319.9 95.60105
320 119.3206
320.1 140.7685
320.2 158.0261
320.3 167.6501
320.4 171.7924
320.5 172.5221
320.6 175.4578
320.7 184.1802
320.8 198.2084
320.9 211.3484
321 220.2581
321.1 219.5275
321.2 209.1007
321.3 189.8278
321.4 168.7301
321.5 149.5549
321.6 137.0696
321.7 130.6223
321.8 132.4025
321.9 139.7995
322 146.9612
322.1 149.3371
322.2 143.8545
322.3 129.97
322.4 114.396
322.5 102.805
322.6 98.49098
322.7 104.1007
322.8 119.3446
322.9 145.7921
323 182.099
323.1 219.6418
323.2 248.1808
323.3 262.1798
323.4 265.8029
323.5 265.7913
323.6 267.1744
323.7 265.2468
323.8 256.0281
323.9 236.2406
324 206.6778
324.1 168.642
324.2 124.721
324.3 76.09268
324.4 33.20787
324.5 34.73647
324.6 53.54475
324.7 61.22937
324.8 63.19621
324.9 66.95533
325 78.76373
325.1 100.5409
325.2 130.4485
325.3 164.2152
325.4 195.6399
325.5 220.512
325.6 236.2214
325.7 248.3945
325.8 259.6953
325.9 272.2614
326 276.9607
326.1 270.4413
326.2 250.0457
326.3 220.6922
326.4 188.6165
326.5 159.5343
326.6 129.0121
326.7 94.62263
326.8 62.83941
326.9 62.3498
327 86.19761
327.1 105.7564
327.2 115.5596
327.3 119.8137
327.4 124.3469
327.5 135.4951
327.6 153.3994
327.7 176.8768
327.8 205.1431
327.9 234.0763
328 252.8623
328.1 257.5535
328.2 249.8231
328.3 240.5762
328.4 241.116
328.5 257.351
328.6 287.7348
328.7 324.241
328.8 354.5222
328.9 368.3003
329 368.6469
329.1 345.6971
329.2 319.6838
329.3 289.3655
329.4 264.2609
329.5 252.0751
329.6 258.6201
329.7 273.1133
329.8 291.2761
329.9 303.9646
330 310.4302
330.1 308.8905
330.2 296.2417
330.3 279.6586
330.4 270.9392
330.5 251.1801
330.6 238.1745
330.7 213.2879
330.8 186.1661
330.9 168.6774
331 164.0399
331.1 169.8596
331.2 198.0809
331.3 237.0427
331.4 282.4827
331.5 326.2845
331.6 353.1716
331.7 355.8557
331.8 329.6102
331.9 288.3436
332 238.6437
332.1 199.5811
332.2 164.8054
332.3 146.3314
332.4 137.3613
332.5 145.91
332.6 161.0547
332.7 181.7291
332.8 198.9282
332.9 207.3771
333 208.0803
333.1 211.1222
333.2 209.8716
333.3 204.3937
333.4 213.8722
333.5 249.4186
333.6 311.8409
333.7 381.7368
333.8 436.8035
333.9 466.0428
334 470.9812
334.1 452.6372
334.2 421.7777
334.3 384.7932
334.4 340.494
334.5 288.0277
334.6 228.7429
334.7 167.6806
334.8 111.9475
334.9 76.77454
335 87.85257
335.1 143.9137
335.2 218.1274
335.3 300.1235
335.4 377.6445
335.5 447.4159
335.6 499.5259
335.7 536.6539
335.8 552.0749
335.9 546.8138
336 516.2123
336.1 475.8028
336.2 431.0984
336.3 384.5619
336.4 333.2554
336.5 280.5921
336.6 236.0652
336.7 198.783
336.8 163.8293
336.9 118.4917
337 68.16709
337.1 16.00836
337.2 45.97951
337.3 89.8302
337.4 116.1551
337.5 125.1386
337.6 116.1135
337.7 99.57144
337.8 112.9573
337.9 151.1591
338 207.863
338.1 255.0248
338.2 291.5549
338.3 324.7517
338.4 353.051
338.5 373.4132
338.6 381.4915
338.7 378.1584
338.8 354.2173
338.9 324.2345
339 296.638
339.1 281.5335
339.2 262.7479
339.3 237.5881
339.4 211.2102
339.5 206.8734
339.6 225.6042
339.7 247.4474
339.8 253.7545
339.9 228.7641
340 180.3985
340.1 126.251
340.2 89.75705
340.3 77.68636
340.4 92.53924
340.5 129.6334
340.6 187.3304
340.7 243.9986
340.8 288.018
340.9 325.8914
341 363.7044
341.1 402.56
341.2 436.7559
341.3 467.0756
341.4 469.2968
341.5 453.4271
341.6 418.3036
341.7 378.7173
341.8 327.6143
341.9 270.6721
342 219.3379
342.1 173.441
342.2 153.9565
342.3 165.417
342.4 187.8858
342.5 206.2901
342.6 220.8046
342.7 226.3951
342.8 235.8094
342.9 239.8385
343 246.0365
343.1 254.1168
343.2 260.8733
343.3 265.7066
343.4 272.6743
343.5 259.7075
343.6 235.8298
343.7 201.5175
343.8 179.0802
343.9 190.1092
344 223.8351
344.1 253.4772
344.2 277.5816
344.3 296.0688
344.4 318.4079
344.5 322.9815
344.6 331.3507
344.7 337.3693
344.8 343.0256
344.9 334.6776
345 306.5277
345.1 256.9009
345.2 207.1439
345.3 160.0106
345.4 121.971
345.5 107.4201
345.6 142.9506
345.7 209.4333
345.8 286.6305
345.9 343.2486
346 365.9684
346.1 347.632
346.2 305.3571
346.3 253.6522
346.4 223.1782
346.5 215.3647
346.6 206.5524
346.7 196.4344
346.8 185.2554
346.9 192.2771
347 213.6067
347.1 245.149
347.2 295.0885
347.3 348.9368
347.4 402.0178
347.5 430.9344
347.6 422.2845
347.7 375.3676
347.8 305.3442
347.9 230.1095
348 175.9854
348.1 147.2606
348.2 132.4687
348.3 104.1272
348.4 92.91279
348.5 134.9646
348.6 202.9084
348.7 254.7213
348.8 278.1743
348.9 272.0166
349 251.815
349.1 212.2652
349.2 177.3346
349.3 142.5504
349.4 113.7677
349.5 87.7144
349.6 86.52709
349.7 111.3287
349.8 164.4723
349.9 237.2799
350 325.915
350.1 424.3757
350.2 512.4265
350.3 565.6062
350.4 574.7797
350.5 535.5235
350.6 451.7648
350.7 346.9571
350.8 237.2229
350.9 152.6797
351 107.8315
351.1 82.94125
351.2 57.47688
351.3 76.21415
351.4 134.3496
351.5 193.6612
351.6 241.5398
351.7 272.7278
351.8 288.7124
351.9 294.3023
352 292.5172
352.1 286.5488
352.2 296.7213
352.3 324.9492
352.4 356.4453
352.5 376.0659
352.6 379.3371
352.7 368.1628
352.8 354.6462
352.9 345.9463
353 345.9601
353.1 346.542
353.2 333.7056
353.3 306.2799
353.4 266.0711
353.5 222.4233
353.6 185.3618
353.7 172.3234
353.8 179.5127
353.9 204.8802
354 235.5435
354.1 266.562
354.2 291.4687
354.3 313.083
354.4 321.4015
354.5 318.9312
354.6 302.0607
354.7 267.9619
354.8 219.4335
354.9 166.9433
355 117.6892
355.1 79.18066
355.2 60.44391
355.3 58.20346
355.4 56.05065
355.5 50.55611
355.6 46.91645
355.7 59.05236
355.8 80.65499
355.9 105.6855
356 129.236
356.1 153.566
356.2 175.6765
356.3 187.555
356.4 188.5272
356.5 182.3577
356.6 184.5062
356.7 193.4492
356.8 203.0111
356.9 198.5998
357 178.1681
357.1 147.991
357.2 130.6453
357.3 133.5462
357.4 143.2198
357.5 141.6278
357.6 132.4215
357.7 133.0702
357.8 156.5823
357.9 203.8307
358 264.7221
358.1 328.9173
358.2 384.1698
358.3 422.7258
358.4 437.31
358.5 423.6202
358.6 385.1158
358.7 327.7791
358.8 264.8345
358.9 205.3639
359 160.948
359.1 129.7138
359.2 105.3837
359.3 90.76916
359.4 100.2897
359.5 143.5128
359.6 203.8679
359.7 270.1988
359.8 333.0508
359.9 390.2992
360 432.8339
360.1 452.215
360.2 436.4643
360.3 384.2209
360.4 302.0111
360.5 204.1322
360.6 115.4164
360.7 74.11254
360.8 80.02091
360.9 69.98692
361 34.08903
361.1 42.68101
361.2 100.7243
361.3 157.5478
361.4 202.0657
361.5 233.5775
361.6 248.6851
361.7 247.8869
361.8 233.9088
361.9 215.1669
362 199.5672
362.1 204.663
362.2 232.9996
362.3 278.0481
362.4 321.9602
362.5 353.4483
362.6 365.5918
362.7 360.0462
362.8 334.9816
362.9 296.2874
363 260.5844
363.1 239.8955
363.2 219.9063
363.3 196.43
363.4 172.8469
363.5 170.9516
363.6 196.616
363.7 247.4292
363.8 307.3446
363.9 363.9436
364 400.5273
364.1 414.7061
364.2 405.5489
364.3 373.8523
364.4 327.3719
364.5 276.9399
364.6 235.576
364.7 202.0923
364.8 178.462
364.9 158.3013
365 156.3822
365.1 174.0711
365.2 208.217
365.3 240.2382
365.4 258.34
365.5 257.0338
365.6 242.2712
365.7 222.4814
365.8 204.3746
365.9 192.8961
366 186.5829
366.1 190.7109
366.2 199.2697
366.3 213.2477
366.4 223.3789
366.5 232.9983
366.6 232.9727
366.7 227.5332
366.8 214.1137
366.9 204.6792
367 191.4213
367.1 167.9088
367.2 126.1447
367.3 69.57059
367.4 13.78211
367.5 32.77218
367.6 44.30811
367.7 28.7626
367.8 45.6203
367.9 110.0445
368 187.6456
368.1 264.7447
368.2 329.5947
368.3 370.454
368.4 387.956
368.5 381.6995
368.6 357.6018
368.7 318.5243
368.8 272.1465
368.9 226.5622
369 188.1385
369.1 157.4189
369.2 138.412
369.3 144.383
369.4 176.677
369.5 224.7741
369.6 272.4227
369.7 307.7117
369.8 319.7595
369.9 308.3119
370 274.8258
370.1 234.1162
370.2 204.2478
370.3 198.4482
370.4 202.8529
370.5 199.058
370.6 179.6885
370.7 159.1113
370.8 162.4248
370.9 188.9493
371 214.115
371.1 216.9998
371.2 190.9442
371.3 144.4468
371.4 98.8072
371.5 72.6083
371.6 59.07304
371.7 37.52427
371.8 14.7557
371.9 43.36993
372 83.69347
372.1 124.7659
372.2 164.9964
372.3 199.63
372.4 225.7621
372.5 242.1088
372.6 247.6098
372.7 241.9106
372.8 224.0435
372.9 198.6129
373 174.1975
373.1 161.8577
373.2 165.7016
373.3 182.7957
373.4 206.5169
373.5 234.7614
373.6 262.6892
373.7 284.6554
373.8 296.0846
373.9 295.5932
374 285.2491
374.1 269.7253
374.2 253.1784
374.3 242.1556
374.4 238.6335
374.5 240.5997
374.6 239.6153
374.7 232.4198
374.8 217.8448
374.9 202.5428
375 190.3688
375.1 183.8086
375.2 175.3586
375.3 163.0391
375.4 151.0126
375.5 155.3619
375.6 185.825
375.7 231.1223
375.8 273.8298
375.9 302.7404
376 313.2478
376.1 308.7661
376.2 303.4411
376.3 313.7214
376.4 341.297
376.5 368.9422
376.6 379.9567
376.7 368.7582
376.8 337.3107
376.9 294.5272
377 250.6907
377.1 212.2739
377.2 181.0809
377.3 157.258
377.4 143.2839
377.5 138.9051
377.6 132.6049
377.7 119.8726
377.8 100.6185
377.9 81.76529
378 73.12459
378.1 75.15723
378.2 77.02137
378.3 78.52809
378.4 85.77716
378.5 100.2357
378.6 120.0274
378.7 152.3415
378.8 197.4491
378.9 252.1497
379 306.9642
379.1 352.9288
379.2 380.5861
379.3 386.9693
379.4 374.9098
379.5 354.3059
379.6 336.3142
379.7 320.8462
379.8 296.8968
379.9 255.8129
380 199.1929
380.1 137.3848
380.2 84.07475
380.3 62.01011
380.4 85.41609
380.5 124.4874
380.6 164.4991
380.7 202.2069
380.8 230.3026
380.9 238.9502
381 220.3667
381.1 180.1182
381.2 137.9556
381.3 129.9962
381.4 156.8057
381.5 189.2384
381.6 218.7237
381.7 249.5201
381.8 283.4083
381.9 315.9762
382 339.0506
382.1 345.3238
382.2 334.1885
382.3 310.8894
382.4 288.2899
382.5 275.8017
382.6 273.8759
382.7 272.8895
382.8 264.4639
382.9 245.8734
383 223.4197
383.1 205.9046
383.2 204.1726
383.3 213.6632
383.4 226.1729
383.5 232.7125
383.6 234.0858
383.7 227.2384
383.8 212.1416
383.9 188.1045
384 165.3224
384.1 155.8071
384.2 167.5258
384.3 196.3657
384.4 237.2695
384.5 280.0499
384.6 315.4639
384.7 334.5711
384.8 334.3763
384.9 314.9363
385 279.219
385.1 233.679
385.2 186.7445
385.3 147.8758
385.4 123.2749
385.5 115.2805
385.6 120.0872
385.7 131.4479
385.8 139.836
385.9 139.8385
386 132.472
386.1 123.382
386.2 125.2297
386.3 146.4583
386.4 182.9097
386.5 220.0317
386.6 253.7083
386.7 281.4938
386.8 309.493
386.9 339.3253
387 372.7903
387.1 398.7455
387.2 411.7915
387.3 403.4558
387.4 376.0624
387.5 335.0903
387.6 293.2937
387.7 254.8884
387.8 223.183
387.9 194.4112
388 171.145
388.1 152.0482
388.2 138.9649
388.3 131.0858
388.4 130.2025
388.5 133.2011
388.6 138.2119
388.7 142.7726
388.8 149.2735
388.9 159.818
389 172.9202
389.1 183.1268
389.2 186.6654
389.3 179.4345
389.4 163.6257
389.5 144.827
389.6 130.1531
389.7 127.4054
389.8 131.937
389.9 132.6863
390 123.7634
390.1 110.9437
390.2 103.5903
390.3 101.9388
390.4 94.92229
390.5 79.01802
390.6 70.36642
390.7 94.46532
390.8 135.5081
390.9 170.2359
391 186.969
391.1 184.437
391.2 165.2499
391.3 136.5263
391.4 108.2636
391.5 95.30662
391.6 101.61
391.7 115.3124
391.8 125.4387
391.9 128.3207
392 123.1868
392.1 111.6798
392.2 101.5151
392.3 102.3631
392.4 119.8126
392.5 150.3866
392.6 187.6096
392.7 222.577
392.8 246.0374
392.9 251.2832
393 239.1362
393.1 213.1166
393.2 178.6055
393.3 141.9841
393.4 108.1099
393.5 80.65894
393.6 59.4445
393.7 43.05668
393.8 35.52426
393.9 49.11748
394 73.73587
394.1 93.74293
394.2 101.5928
394.3 91.32886
394.4 61.37913
394.5 14.67023
394.6 53.60288
394.7 117.155
394.8 168.7799
394.9 201.8277
395 221.8414
395.1 240.9644
395.2 269.6632
395.3 303.1692
395.4 328.5211
395.5 333.3176
395.6 313.3792
395.7 270.8888
395.8 211.8872
395.9 146.1045
396 82.74958
396.1 32.85353
396.2 14.01699
396.3 22.77337
396.4 34.60697
396.5 67.9733
396.6 117.8931
396.7 173.7311
396.8 224.0684
396.9 259.7608
397 272.5382
397.1 262.1627
397.2 236.9892
397.3 205.9784
397.4 176.6867
397.5 149.2608
397.6 125.2613
397.7 107.8809
397.8 104.3843
397.9 110.4668
398 116.6419
398.1 111.8287
398.2 96.00665
398.3 72.88702
398.4 56.88608
398.5 56.72877
398.6 68.33457
398.7 82.74675
398.8 97.84924
398.9 115.2661
399 139.2148
399.1 171.369
399.2 212.3054
399.3 260.5232
399.4 306.5046
399.5 341.5756
399.6 356.13
399.7 345.0084
399.8 308.1459
399.9 252.5496
400 189.5686
400.1 131.8988
400.2 90.53838
400.3 65.78387
400.4 46.08705
400.5 17.46582
400.6 22.89
400.7 67.17602
400.8 108.4607
400.9 139.5863
401 162.982
401.1 181.6862
401.2 200.3969
401.3 215.0465
401.4 223.3529
401.5 223.2481
401.6 215.9807
401.7 203.056
401.8 186.4917
401.9 167.5008
402 150.1106
402.1 136.7772
402.2 127.3359
402.3 118.9056
402.4 107.302
402.5 91.24564
402.6 73.67535
402.7 58.79009
402.8 51.57013
402.9 56.46154
403 74.20701
403.1 100.865
403.2 127.9204
403.3 148.4277
403.4 156.3746
403.5 151.2405
403.6 136.0414
403.7 117.0462
403.8 99.21222
403.9 87.05373
404 84.70902
404.1 92.35808
404.2 103.214
404.3 109.6379
404.4 111.3733
404.5 114.9926
404.6 127.2686
404.7 145.9091
404.8 162.0371
404.9 165.7741
405 152.371
405.1 124.9093
405.2 92.47079
405.3 68.7769
405.4 68.7112
405.5 91.19983
405.6 125.5992
405.7 166.382
405.8 207.2479
405.9 241.2582
406 260.8602
406.1 263.0137
406.2 249.8495
406.3 226.8499
406.4 198.1925
406.5 167.9993
406.6 142.0926
406.7 125.5246
406.8 122.3222
406.9 132.8154
407 153.0232
407.1 177.0814
407.2 201.8878
407.3 225.2842
407.4 247.5096
407.5 263.2534
407.6 267.22
407.7 254.582
407.8 230.0554
407.9 198.6902
408 167.2956
408.1 137.9038
408.2 114.081
408.3 99.81852
408.4 99.45601
408.5 112.5782
408.6 130.7557
408.7 145.1783
408.8 152.2521
408.9 152.7722
409 146.4904
409.1 132.6111
409.2 112.1098
409.3 88.51902
409.4 69.10116
409.5 62.85933
409.6 71.82231
409.7 86.35809
409.8 101.1853
409.9 117.2237
410 132.9233
410.1 144.1294
410.2 145.665
410.3 135.5137
410.4 118.2077
410.5 99.98343
410.6 86.47951
410.7 82.17558
410.8 87.82958
410.9 101.4288
411 117.6161
411.1 131.9445
411.2 142.0673
411.3 147.7758
411.4 148.497
411.5 143.4524
411.6 129.6492
411.7 110.5821
411.8 97.54041
411.9 103.223
412 118.9051
412.1 131.7119
412.2 135.9478
412.3 134.8358
412.4 135.2243
412.5 143.7524
412.6 161.4204
412.7 183.5058
412.8 203.5615
412.9 215.5162
413 217.1202
413.1 208.9168
413.2 195.6068
413.3 182.6225
413.4 172.5214
413.5 164.7565
413.6 158.4428
413.7 154.0031
413.8 153.7471
413.9 157.698
414 162.6216
414.1 163.5977
414.2 160.763
414.3 157.2979
414.4 159.5028
414.5 168.1736
414.6 180.1492
414.7 190.3202
414.8 198.342
414.9 205.9326
415 215.6474
415.1 227.4901
415.2 242.0082
415.3 256.7719
415.4 269.2318
415.5 274.6492
415.6 268.9811
415.7 250.8029
415.8 221.2737
415.9 184.4229
416 148.4495
416.1 123.1751
416.2 117.0655
416.3 132.8574
416.4 159.1583
416.5 183.5959
416.6 192.8551
416.7 182.5004
416.8 151.3041
416.9 108.2012
417 60.0316
417.1 36.8623
417.2 61.64232
417.3 83.06595
417.4 85.51316
417.5 61.25403
417.6 13.49528
417.7 65.53324
417.8 164.7334
417.9 273.8177
418 370.9412
418.1 437.0374
418.2 461.9495
418.3 445.6185
418.4 393.8056
418.5 313.7794
418.6 221.5532
418.7 137.7001
418.8 79.26555
418.9 45.23363
419 7.827854
419.1 49.15341
419.2 117.0951
419.3 185.9091
419.4 241.0984
419.5 276.3828
419.6 289.9631
419.7 289.6482
419.8 286.9145
419.9 294.4686
420 310.1479
420.1 321.9601
420.2 320.459
420.3 302.0552
420.4 279.1284
420.5 254.7208
420.6 231.0651
420.7 202.8333
420.8 169.7301
420.9 135.5215
421 113.1237
421.1 110.0497
421.2 136.3131
421.3 175.8334
421.4 214.3838
421.5 242.8236
421.6 262.3189
421.7 280.2315
421.8 300.4217
421.9 322.2762
422 337.7001
422.1 346.1781
422.2 344.9792
422.3 334.0264
422.4 310.4404
422.5 281.8164
422.6 248.1237
422.7 212.9605
422.8 175.097
422.9 142.0892
423 119.9431
423.1 112.432
423.2 114.0992
423.3 123.9688
423.4 143.3979
423.5 174.4783
423.6 213.3919
423.7 253.4432
423.8 286.9478
423.9 310.201
424 322.7401
424.1 326.8368
424.2 322.1713
424.3 305.9097
424.4 276.1673
424.5 234.4147
424.6 193.4037
424.7 165.2365
424.8 160.3018
424.9 168.8172
425 179.2156
425.1 189.8614
425.2 207.0154
425.3 227.2646
425.4 245.3833
425.5 257.7003
425.6 268.3359
425.7 284.6354
425.8 308.834
425.9 336.9537
426 356.2951
426.1 368.7438
426.2 388.7334
426.3 430.5003
426.4 492.7174
426.5 556.3281
426.6 598.6761
426.7 602.1134
426.8 567.9008
426.9 500.8742
427 409.8256
427.1 306.3848
427.2 204.0046
427.3 125.0249
427.4 108.3462
427.5 136.8279
427.6 162.5297
427.7 172.5787
427.8 169.1596
427.9 170.3211
428 189.7828
428.1 224.8958
428.2 252.5903
428.3 262.9057
428.4 257.0049
428.5 239.5034
428.6 217.6256
428.7 197.7678
428.8 200.2619
428.9 226.0731
429 267.2504
429.1 297.5824
429.2 306.8642
429.3 283.8259
429.4 240.0231
429.5 180.3221
429.6 128.9427
429.7 99.31501
429.8 112.7397
429.9 159.0843
430 216.8024
430.1 269.3373
430.2 315.3406
430.3 358.4665
430.4 399.8778
430.5 431.4427
430.6 449.4777
430.7 450.5156
430.8 429.4565
430.9 380.556
431 301.9858
431.1 214.0838
431.2 137.0753
431.3 102.7695
431.4 112.9618
431.5 158.1254
431.6 229.9593
431.7 321.1198
431.8 408.9462
431.9 478.5852
432 518.6711
432.1 533.6516
432.2 533.7442
432.3 533.7409
432.4 538.5868
432.5 554.0759
432.6 573.7388
432.7 594.837
432.8 603.9318
432.9 590.4872
433 549.6641
433.1 494.2723
433.2 435.2489
433.3 387.9738
433.4 355.0057
433.5 333.1004
433.6 308.6854
433.7 275.7048
433.8 238.0344
433.9 214.1115
434 222.5708
434.1 260.8933
434.2 314.4461
434.3 372.259
434.4 433.8025
434.5 480.3826
434.6 500.1932
434.7 477.9337
434.8 422.8487
434.9 345.5738
435 273.3556
435.1 222.2718
435.2 202.498
435.3 195.7657
435.4 190.6372
435.5 179.5956
435.6 165.8707
435.7 162.1611
435.8 184.6122
435.9 214.902
436 236.4511
436.1 246.5346
436.2 244.1289
436.3 234.2752
436.4 214.9643
436.5 192.9149
436.6 181.2859
436.7 193.1699
436.8 228.6931
436.9 282.8648
437 337.7963
437.1 386.9305
437.2 418.071
437.3 429.6135
437.4 415.5729
437.5 376.8107
437.6 314.0616
437.7 248.684
437.8 196.7426
437.9 165.8099
438 153.1465
438.1 155.0074
438.2 164.0223
438.3 173.8753
438.4 177.6396
438.5 174.9122
438.6 168.9906
438.7 170.2444
438.8 184.1874
438.9 213.0932
439 246.7898
439.1 277.9202
439.2 295.211
439.3 299.162
439.4 294.3677
439.5 300.4132
439.6 330.6919
439.7 380.3429
439.8 420.8935
439.9 433.9417
440 407.3936
440.1 343.9544
440.2 252.5869
440.3 152.0085
440.4 80.94005
440.5 112.8116
440.6 169.6447
440.7 198.0597
440.8 196.4147
440.9 178.3744
441 164.2413
441.1 171.3323
441.2 200.9218
441.3 244.2357
441.4 297.2108
441.5 352.7526
441.6 404.2496
441.7 443.2369
441.8 457.7539
441.9 445.2908
442 413.9106
442.1 385.2327
442.2 370.1667
442.3 362.1222
442.4 353.6647
442.5 338.4685
442.6 320.0208
442.7 307.2416
442.8 296.1937
442.9 286.9836
443 275.049
443.1 265.7068
443.2 261.9642
443.3 263.2771
443.4 263.7138
443.5 261.948
443.6 256.7575
443.7 250.4938
443.8 246.4545
443.9 239.5989
444 224.2078
444.1 205.264
444.2 189.2967
444.3 193.0666
444.4 215.9636
444.5 247.204
444.6 273.4887
444.7 290.8134
444.8 298.3842
444.9 297.9686
445 294.2775
445.1 290.3841
445.2 290.2382
445.3 296.8301
445.4 308.092
445.5 317.6392
445.6 318.4754
445.7 310.4828
445.8 298.6734
445.9 289.4885
446 281.6722
446.1 270.1592
446.2 249.6336
446.3 222.1378
446.4 198.0319
446.5 179.2711
446.6 162.1041
446.7 137.8112
446.8 107.4542
446.9 79.45092
447 65.45422
447.1 76.64835
447.2 106.7407
447.3 144.1725
447.4 184.213
447.5 223.7873
447.6 255.9687
447.7 277.2515
447.8 282.1678
447.9 277.5337
448 270.0063
448.1 267.0827
448.2 264.0746
448.3 258.5031
448.4 244.0027
448.5 223.6519
448.6 200.6097
448.7 182.8284
448.8 171.1608
448.9 165.9782
449 164.4438
449.1 162.7412
449.2 157.966
449.3 147.2292
449.4 137.1663
449.5 133.5205
449.6 145.9707
449.7 176.3905
449.8 222.0652
449.9 271.5201
450 316.3747
450.1 345.2817
450.2 353.6193
450.3 338.4903
450.4 308.2449
450.5 271.2755
450.6 236.8665
450.7 209.6634
450.8 187.9679
450.9 167.8947
451 150.5493
451.1 141.8365
451.2 145.6587
451.3 156.8899
451.4 165.5519
451.5 169.868
451.6 168.3142
451.7 158.8252
451.8 144.4819
451.9 138.1168
452 150.9376
452.1 180.9415
452.2 216.2821
452.3 254.8438
452.4 300.9371
452.5 349.6664
452.6 388.99
452.7 402.6262
452.8 380.8237
452.9 329.3697
453 255.0153
453.1 166.0502
453.2 79.80329
453.3 14.78745
453.4 28.6885
453.5 20.82126
453.6 19.39364
453.7 72.61786
453.8 121.7904
453.9 149.5445
454 151.6406
454.1 140.3958
454.2 136.5965
454.3 154.3668
454.4 189.9558
454.5 229.419
454.6 261.5608
454.7 280.197
454.8 282.0666
454.9 270.8382
455 261.2826
455.1 260.116
455.2 262.9902
455.3 265.5895
455.4 255.6945
455.5 242.2614
455.6 229.8587
455.7 213.7871
455.8 199.3096
455.9 194.544
456 206.2119
456.1 223.193
456.2 230.2865
456.3 220.8972
456.4 205.008
456.5 181.7754
456.6 148.6512
456.7 109.2577
456.8 69.31752
456.9 37.64332
457 37.71764
457.1 55.99779
457.2 84.38344
457.3 127.6587
457.4 177.3997
457.5 228.4949
457.6 282.2481
457.7 327.4023
457.8 350.8195
457.9 341.6016
458 298.8425
458.1 242.6567
458.2 184.8402
458.3 133.3284
458.4 109.1737
458.5 119.8738
458.6 131.067
458.7 123.0403
458.8 99.73267
458.9 78.3792
459 70.11049
459.1 73.10054
459.2 82.01932
459.3 92.52657
459.4 100.2495
459.5 102.1814
459.6 98.27315
459.7 97.84095
459.8 103.2167
459.9 117.3365
460 136.2214
460.1 174.5264
460.2 237.9583
460.3 321.5455
460.4 404.7187
460.5 462.4289
460.6 477.1997
460.7 456.2862
460.8 393.916
460.9 312.2023
461 237.0515
461.1 213.2797
461.2 223.0415
461.3 235.9204
461.4 253.8794
461.5 286.2924
461.6 337.4697
461.7 385.8793
461.8 413.5331
461.9 408.2954
462 368.9571
462.1 303.1308
462.2 229.2576
462.3 177.7475
462.4 183.2149
462.5 208.1834
462.6 195.4243
462.7 135.8527
462.8 44.65089
462.9 52.81886
463 123.406
463.1 175.2275
463.2 225.172
463.3 271.0481
463.4 318.491
463.5 371.9904
463.6 421.1267
463.7 453.2912
463.8 455.0793
463.9 432.6216
464 400.7857
464.1 377.5533
464.2 365.0036
464.3 343.7781
464.4 298.2548
464.5 233.669
464.6 158.6408
464.7 92.42938
464.8 51.39663
464.9 51.68334
465 110.191
465.1 155.6553
465.2 153.8704
465.3 145.9359
465.4 199.4912
465.5 304.661
465.6 400.3372
465.7 455.5814
465.8 468.1986
465.9 453.5762
466 409.5118
466.1 344.7935
466.2 272.4898
466.3 213.4021
466.4 171.9407
466.5 151.0137
466.6 151.791
466.7 172.2462
466.8 194.8975
466.9 214.1622
467 237.2004
467.1 258.6763
467.2 265.2706
467.3 249.2517
467.4 223.2935
467.5 220.4489
467.6 268.29
467.7 346.1209
467.8 427.7872
467.9 500.0477
468 552.8691
468.1 561.3871
468.2 527.1504
468.3 460.6886
468.4 398.2551
468.5 348.4696
468.6 315.013
468.7 282.0183
468.8 257.446
468.9 231.5061
469 217.4818
469.1 218.9775
469.2 241.4426
469.3 269.6888
469.4 295.4913
469.5 316.6177
469.6 331.0288
469.7 329.9645
469.8 311.9265
469.9 288.6108
470 267.116
470.1 258.2142
470.2 265.7192
470.3 290.4372
470.4 325.3791
470.5 364.5837
470.6 394.6064
470.7 413.6988
470.8 418.3667
470.9 410.8086
471 394.7729
471.1 372.771
471.2 344.0791
471.3 308.0794
471.4 272.4887
471.5 246.9969
471.6 235.7452
471.7 237.6111
471.8 243.9865
471.9 247.1872
472 244.8559
472.1 237.1103
472.2 230.185
472.3 221.0714
472.4 211.096
472.5 195.4967
472.6 183.3826
472.7 179.5997
472.8 190.4442
472.9 206.3694
473 229.4716
473.1 260.8029
473.2 306.624
473.3 357.6469
473.4 397.1754
473.5 407.4945
473.6 384.3361
473.7 334.9609
473.8 274.4482
473.9 217.2694
474 185.0497
474.1 189.0331
474.2 236.3951
474.3 311.0828
474.4 393.8339
474.5 454.9835
474.6 481.9697
474.7 469.2491
474.8 425.1397
474.9 361.4877
475 294.2018
475.1 231.8499
475.2 189.865
475.3 167.0555
475.4 151.1196
475.5 125.2716
475.6 99.68187
475.7 94.91105
475.8 127.2279
475.9 174.3404
476 208.4152
476.1 215.3719
476.2 188.3403
476.3 138.4436
476.4 87.61942
476.5 59.28813
476.6 64.58939
476.7 89.69295
476.8 143.1401
476.9 221.4238
477 313.6422
477.1 393.2301
477.2 453.3004
477.3 480.7525
477.4 480.9399
477.5 455.846
477.6 415.7341
477.7 367.6616
477.8 327.8049
477.9 305.539
478 293.3722
478.1 277.6399
478.2 252.8354
478.3 228.2191
478.4 216.669
478.5 231.0215
478.6 265.3536
478.7 302.9642
478.8 318.5358
478.9 300.6455
479 256.0572
479.1 217.2906
479.2 216.3335
479.3 262.7776
479.4 324.0886
479.5 386.9175
479.6 439.0615
479.7 477.8587
479.8 492.2125
479.9 475.2904
480 423.5048
480.1 349.7533
480.2 269.9305
480.3 199.3954
480.4 151.7968
480.5 126.6749
480.6 112.7352
480.7 93.60094
480.8 65.09891
480.9 38.46093
481 76.81274
481.1 143.9163
481.2 215.1718
481.3 287.1373
481.4 351.6994
481.5 393.1488
481.6 399.9632
481.7 369.9627
481.8 309.8657
481.9 238.1528
482 170.8926
482.1 130.7971
482.2 134.6053
482.3 159.4915
482.4 170.5635
482.5 160.0322
482.6 125.6657
482.7 81.79515
482.8 49.33505
482.9 55.60763
483 81.03675
483.1 124.9283
483.2 188.6811
483.3 258.2558
483.4 308.0771
483.5 319.1013
483.6 295.9255
483.7 256.5809
483.8 220.2721
483.9 186.9967
484 158.7252
484.1 130.9102
484.2 111.6106
484.3 93.38629
484.4 78.48884
484.5 60.33664
484.6 54.16511
484.7 68.86144
484.8 104.5712
484.9 155.6278
485 214.6021
485.1 271.3503
485.2 317.0759
485.3 342.6744
485.4 342.6099
485.5 318.1464
485.6 275.4264
485.7 229.5258
485.8 191.1849
485.9 159.8126
486 139.5144
486.1 139.8782
486.2 144.4855
486.3 138.8545
486.4 126.3922
486.5 120.355
486.6 125.6289
486.7 142.9653
486.8 168.3944
486.9 191.2753
487 204.4523
487.1 210.2488
487.2 217.4728
487.3 222.0439
487.4 218.3131
487.5 201.9514
487.6 185.3518
487.7 185.4948
487.8 204.2802
487.9 215.9139
488 201.0992
488.1 159.1563
488.2 110.42
488.3 82.6925
488.4 83.9603
488.5 90.86047
488.6 98.34632
488.7 108.9437
488.8 121.6259
488.9 136.7322
489 150.7863
489.1 164.2294
489.2 181.0102
489.3 209.4197
489.4 242.015
489.5 264.3376
489.6 261.6241
489.7 236.0811
489.8 200.4793
489.9 166.4827
490 139.178
490.1 122.3115
490.2 122.4691
490.3 137.3159
490.4 152.4788
490.5 153.7766
490.6 139.3526
490.7 116.8504
490.8 101.7468
490.9 104.902
491 124.3722
491.1 149.8821
491.2 173.906
491.3 188.8365
491.4 186.9168
491.5 170.3753
491.6 155.1121
491.7 161.0698
491.8 184.1625
491.9 209.3597
492 223.153
492.1 221.1573
492.2 205.2675
492.3 182.2054
492.4 159.2093
492.5 137.2642
492.6 114.2559
492.7 87.36693
492.8 61.73452
492.9 51.38703
493 60.29942
493.1 70.43855
493.2 75.01555
493.3 68.87822
493.4 49.64179
493.5 18.95051
493.6 23.35662
493.7 61.3045
493.8 89.63779
493.9 103.5098
494 106.7408
494.1 107.2054
494.2 113.4652
494.3 128.0689
494.4 142.8963
494.5 153.0065
494.6 155.9317
494.7 163.0516
494.8 181.5413
494.9 210.1088
495 238.6112
495.1 260.3681
495.2 269.3656
495.3 264.6019
495.4 253.0731
495.5 241.6875
495.6 234.2648
495.7 231.4315
495.8 233.1819
495.9 237.7984
496 244.2857
496.1 249.8767
496.2 253.3275
496.3 251.7177
496.4 240.0239
496.5 222.316
496.6 204.8695
496.7 189.0179
496.8 174.6228
496.9 163.3183
497 151.9216
497.1 141.1339
497.2 131.0094
497.3 122.0763
497.4 111.9212
497.5 102.4827
497.6 96.80806
497.7 103.1486
497.8 122.3173
497.9 150.8017
498 181.2618
498.1 211.6476
498.2 240.3451
498.3 266.4102
498.4 285.0151
498.5 291.5846
498.6 285.7663
498.7 271.5874
498.8 252.1817
498.9 225.9517
499 193.4127
499.1 156.5272
499.2 122.1036
499.3 96.39423
499.4 85.20357
499.5 89.09584
499.6 108.2087
499.7 140.2943
499.8 177.9033
499.9 211.0199
500 232.7428
500.1 240.741
500.2 240.6779
500.3 234.863
500.4 225.8689
500.5 215.036
500.6 203.7241
500.7 193.4875
500.8 188.8205
500.9 186.7456
501 185.6644
501.1 184.8602
501.2 188.0992
501.3 197.2856
501.4 208.902
501.5 216.7552
501.6 213.8551
501.7 196.7935
501.8 168.0386
501.9 136.4412
502 104.8406
502.1 77.04725
502.2 59.40539
502.3 60.08613
502.4 71.83561
502.5 88.52145
502.6 110.8283
502.7 145.8103
502.8 194.6166
502.9 249.034
503 297.6327
503.1 333.0335
503.2 350.7915
503.3 347.4552
503.4 323.9441
503.5 284.0535
503.6 236.8885
503.7 192.2949
503.8 157.3361
503.9 131.9728
504 119.7022
504.1 118.9432
504.2 123.6484
504.3 124.2749
504.4 119.3975
504.5 116.8147
504.6 131.6815
504.7 168.8082
504.8 219.5226
504.9 272.1138
505 319.8161
505.1 359.5881
505.2 391.942
505.3 417.7332
505.4 438.4499
505.5 450.5785
505.6 448.9351
505.7 426.44
505.8 380.7562
505.9 310.7493
506 222.6203
506.1 132.0162
506.2 80.73541
506.3 115.1057
506.4 164.3094
506.5 190.2807
506.6 187.3832
506.7 154.3568
506.8 95.80002
506.9 23.79569
507 82.16652
507.1 174.0196
507.2 256.9969
507.3 317.0495
507.4 348.3083
507.5 357.512
507.6 358.4118
507.7 356.8839
507.8 354.3502
507.9 349.2985
508 341.2415
508.1 330.7185
508.2 313.9866
508.3 282.6661
508.4 236.3184
508.5 173.0031
508.6 96.71887
508.7 28.73461
508.8 77.68352
508.9 139.9492
509 177.5083
509.1 179.4218
509.2 142.9119
509.3 74.60499
509.4 72.56382
509.5 184.7506
509.6 309.1539
509.7 423.6707
509.8 517.2495
509.9 581.1448
510 604.2549
510.1 578.9694
510.2 505.0447
510.3 401.6529
510.4 298.1334
510.5 224.2631
510.6 190.5414
510.7 194.4141
510.8 217.0375
510.9 246.7867
511 278.2582
511.1 301.2
511.2 306.9559
511.3 290.0326
511.4 257.0087
511.5 222.3721
511.6 196.7761
511.7 183.3164
511.8 185.8262
511.9 198.6275
512 215.9025
512.1 224.6246
512.2 217.7789
512.3 199.913
512.4 189.9984
512.5 205.5938
512.6 234.4235
512.7 249.1511
512.8 228.7135
512.9 178.0129
513 120.0179
513.1 100.1723
513.2 124.3879
513.3 150.8408
513.4 160.5578
513.5 161.0839
513.6 161.7914
513.7 168.2626
513.8 166.7146
513.9 159.4693
514 156.1328
514.1 169.112
514.2 198.802
514.3 237.1121
514.4 271.7067
514.5 294.497
514.6 301.3119
514.7 285.754
514.8 249.7678
514.9 203.9129
515 167.6148
515.1 153.1369
515.2 160.8097
515.3 179.0913
515.4 203.4075
515.5 232.3179
515.6 263.2643
515.7 289.3319
515.8 306.4781
515.9 312.5302
516 303.4758
516.1 281.1322
516.2 246.4131
516.3 205.5107
516.4 165.1468
516.5 131.7963
516.6 105.1134
516.7 93.8666
516.8 106.9357
516.9 145.5269
517 197.0048
517.1 250.9252
517.2 293.7108
517.3 315.3013
517.4 308.0971
517.5 270.3556
517.6 214.1507
517.7 163.6559
517.8 138.0488
517.9 133.2067
518 131.8868
518.1 119.9736
518.2 108.0748
518.3 111.111
518.4 128.6975
518.5 141.5309
518.6 141.1281
518.7 131.977
518.8 129.5579
518.9 136.355
519 145.5718
519.1 147.1384
519.2 144.0792
519.3 144.0752
519.4 154.7271
519.5 174.2471
519.6 201.5473
519.7 231.3154
519.8 257.3435
519.9 272.7295
520 275.1326
520.1 266.4026
520.2 256.7001
520.3 248.7551
520.4 244.9475
520.5 242.6931
520.6 240.1813
520.7 237.0661
520.8 231.3253
520.9 220.8248
521 207.2304
521.1 194.709
521.2 190.3462
521.3 198.3956
521.4 217.7595
521.5 236.802
521.6 247.429
521.7 245.7612
521.8 232.2658
521.9 211.5666
522 194.9463
522.1 192.0638
522.2 203.9808
522.3 222.9343
522.4 235.2963
522.5 228.9619
522.6 202.031
522.7 164.1192
522.8 133.0645
522.9 115.5963
523 105.8515
523.1 95.63014
523.2 82.81762
523.3 66.85995
523.4 50.09964
523.5 33.83902
523.6 23.07443
523.7 21.3981
523.8 28.03407
523.9 40.0552
524 59.50624
524.1 80.17647
524.2 99.05498
524.3 111.4325
524.4 117.1414
524.5 118.1203
524.6 119.609
524.7 126.238
524.8 135.3088
524.9 133.9788
525 117.2804
525.1 98.2132
525.2 112.9532
525.3 162.1452
525.4 216.2477
525.5 261.5969
525.6 296.5076
525.7 321.0548
525.8 332.1205
525.9 329.1809
526 314.0994
526.1 301.5511
526.2 302.279
526.3 316.4139
526.4 324.4156
526.5 317.5335
526.6 293.9212
526.7 265.5689
526.8 244.369
526.9 235.208
527 226.0776
527.1 206.2933
527.2 170.6689
527.3 127.1067
527.4 94.38755
527.5 84.51812
527.6 90.30071
527.7 100.1442
527.8 112.1424
527.9 128.1285
528 144.9319
528.1 156.2818
528.2 164.341
528.3 173.5067
528.4 188.0448
528.5 210.2967
528.6 228.7908
528.7 233.342
528.8 222.117
528.9 199.2664
529 169.1057
529.1 139.5128
529.2 118.6737
529.3 115.5821
529.4 126.3674
529.5 145.3859
529.6 169.1481
529.7 200.1438
529.8 232.7463
529.9 259.373
530 275.2338
530.1 278.0905
530.2 266.2472
530.3 235.759
530.4 186.7176
530.5 135.3715
530.6 123.8724
530.7 152.9832
530.8 189.6356
530.9 219.2072
531 251.6345
531.1 288.7435
531.2 323.0752
531.3 336.8282
531.4 325.5778
531.5 291.3644
531.6 246.242
531.7 206.3847
531.8 176.6088
531.9 155.439
532 141.8213
532.1 139.3338
532.2 147.7222
532.3 167.3968
532.4 189.4919
532.5 210.4842
532.6 225.6317
532.7 238.0046
532.8 239.4104
532.9 225.1529
533 194.1779
533.1 160.78
533.2 138.8924
533.3 128.9076
533.4 119.9805
533.5 114.8077
533.6 124.6426
533.7 154.727
533.8 196.241
533.9 236.7766
534 263.8325
534.1 268.4276
534.2 249.6228
534.3 215.0958
534.4 174.2418
534.5 137.6512
534.6 116.0556
534.7 114.2287
534.8 126.2697
534.9 139.0289
535 140.1804
535.1 123.5819
535.2 95.13372
535.3 65.91677
535.4 44.80346
535.5 28.24809
535.6 14.68388
535.7 21.61615
535.8 33.41794
535.9 34.45332
536 27.85179
536.1 24.6461
536.2 41.71963
536.3 76.86001
536.4 121.5013
536.5 169.7798
536.6 216.97
536.7 256.6495
536.8 284.0384
536.9 295.9778
537 298.5566
537.1 299.3823
537.2 304.856
537.3 312.9732
537.4 321.409
537.5 325.9331
537.6 326.0489
537.7 320.4732
537.8 309.0971
537.9 287.5093
538 249.9676
538.1 199.8994
538.2 149.8073
538.3 116.3212
538.4 109.9307
538.5 121.3964
538.6 128.3306
538.7 117.2186
538.8 93.40613
538.9 76.08616
539 91.58723
539.1 136.847
539.2 194.2815
539.3 251.7016
539.4 295.231
539.5 319.2057
539.6 323.7318
539.7 314.7986
539.8 303.2879
539.9 296.3935
540 301.2363