# Body fitted drag for model part FluidModelPart.Drag_structure
# Time Fx Fy Fz
0.1 1171.28769761 0.13382682 -0.00000000
0.15000000000000002 2738.96343051 0.37856893 -0.00000000
0.2 4559.94736088 0.67163185 -0.00000000
0.25 6473.65863640 0.93080684 -0.00000000
0.3 8313.72097907 1.06115969 -0.00000000
0.35 9917.23341675 0.96332711 -0.00000000
0.39999999999999997 11137.45031388 0.54635505 -0.00000000
0.44999999999999996 11859.68288233 -0.25973729 -0.00000000
0.49999999999999994 12145.92405598 -2.96836899 -0.00000000
0.5499999999999999 10911.07900173 -7.76149033 -0.00000000
0.6 8698.56400887 -11.43837358 -0.00000000
0.65 6366.12759518 -12.72769790 -0.00000000
0.7000000000000001 4662.49014588 -11.03957733 -0.00000000
0.7500000000000001 3980.95678713 -6.81357563 -0.00000000
0.8000000000000002 4325.46234468 -1.45533675 -0.00000000
0.8500000000000002 5387.82224129 3.16529471 -0.00000000
0.9000000000000002 6705.73622481 5.39201270 -0.00000000
0.9500000000000003 7829.40282954 4.32055206 -0.00000000
1.0000000000000002 8453.94198330 0.05737639 -0.00000000
1.0500000000000003 8488.11510605 -6.29640746 -0.00000000
1.1000000000000003 8046.15270857 -12.91849243 -0.00000000
1.1500000000000004 7373.60729120 -17.79852065 -0.00000000
1.2000000000000004 6741.75809250 -19.43853754 -0.00000000
1.2500000000000004 6353.28914153 -17.45469418 -0.00000000
1.3000000000000005 6314.93818298 -14.21408939 -0.00000000
1.3500000000000005 6464.63814757 -10.03641571 -0.00000000
1.4000000000000006 6624.74225824 -7.94760065 -0.00000000
1.4500000000000006 6841.80779071 -6.20463906 -0.00000000
1.5000000000000007 7095.19346486 -5.16592637 -0.00000000
1.5500000000000007 7351.57716089 -5.09923105 -0.00000000
1.6000000000000008 7583.91101469 -6.17971444 -0.00000000
1.6500000000000008 7769.08339194 -8.45301927 -0.00000000
1.7000000000000008 7892.18485909 -11.82833721 -0.00000000
1.7500000000000009 7947.59679036 -16.08186942 -0.00000000
1.800000000000001 7939.08608563 -20.87778163 -0.00000000
1.850000000000001 7878.59704238 -25.80517849 -0.00000000
1.900000000000001 7784.01199966 -30.42795089 -0.00000000
1.950000000000001 7676.26972937 -34.34196187 -0.00000000
2.000000000000001 7576.30160700 -37.23171586 -0.00000000
2.0500000000000007 7502.23648881 -38.91760057 -0.00000000
2.1000000000000005 7467.24508941 -39.38570738 -0.00000000
2.1500000000000004 7478.26488668 -38.79455250 -0.00000000
2.2 7535.69603509 -37.45683063 -0.00000000
2.25 7709.83173939 -34.07243820 -0.00000000
2.3 7896.11370372 -31.47486917 -0.00000000
2.3499999999999996 8066.50906152 -30.77592795 -0.00000000
2.3999999999999995 8198.32614211 -32.73160759 -0.00000000
2.4499999999999993 8285.43489761 -37.40517867 -0.00000000
2.499999999999999 8332.43481321 -44.17269221 -0.00000000
2.549999999999999 8351.71665023 -51.87928714 -0.00000000
2.5999999999999988 8358.17539423 -59.16308406 -0.00000000
2.6499999999999986 8365.22864032 -64.83188796 -0.00000000
2.6999999999999984 8382.59646841 -68.18322419 -0.00000000
2.7499999999999982 8415.78917664 -69.17474727 -0.00000000
2.799999999999998 8466.68029340 -68.40106743 -0.00000000
2.849999999999998 8508.45280306 -67.77597531 -0.00000000
2.8999999999999977 8570.33092952 -67.27704460 -0.00000000
2.9499999999999975 8648.58841979 -67.44453811 -0.00000000
2.9999999999999973 8742.30027851 -68.58871205 -0.00000000
3.049999999999997 8845.94020597 -70.91448852 -0.00000000
3.099999999999997 8954.28935242 -74.42676328 -0.00000000
3.149999999999997 9061.63341059 -78.94083046 -0.00000000
3.1999999999999966 9162.74086131 -84.12265278 -0.00000000
3.2499999999999964 9253.84634829 -89.72752516 -0.00000000
3.2999999999999963 9332.90552500 -95.51238815 -0.00000000
3.349999999999996 9399.83677632 -101.23019578 -0.00000000
3.399999999999996 9456.41972767 -106.62004844 -0.00000000
3.4499999999999957 9505.91560521 -111.40352582 -0.00000000
3.4999999999999956 9552.48048369 -115.47450532 -0.00000000
3.5499999999999954 9600.44463994 -118.86510414 -0.00000000
3.599999999999995 9653.61342913 -121.69885389 -0.00000000
3.649999999999995 9714.70867399 -124.15095090 -0.00000000
3.699999999999995 9785.02567554 -126.41688475 -0.00000000
3.7499999999999947 9864.35982301 -128.69386416 -0.00000000
3.7999999999999945 10013.99573596 -133.02485496 -0.00000000
3.8499999999999943 10131.30614800 -136.44953364 -0.00000000
3.899999999999994 10213.03185061 -139.51449831 -0.00000000
3.949999999999994 10269.98006152 -143.25782741 -0.00000000
3.999999999999994 10324.87693506 -150.08596721 -0.00000000
4.049999999999994 10383.07343575 -157.40070603 -0.00000000
4.099999999999993 10435.88857362 -163.41046763 -0.00000000
4.149999999999993 10500.48398162 -168.26349881 -0.00000000
4.199999999999993 10572.16532777 -171.90398370 -0.00000000
4.249999999999993 10650.03323861 -174.98936781 -0.00000000
4.299999999999993 10731.67429296 -178.25728340 -0.00000000
4.3499999999999925 10815.26138473 -182.26654323 -0.00000000
4.399999999999992 10899.26279462 -187.20853379 -0.00000000
4.449999999999992 10982.21269988 -192.90922670 -0.00000000
4.499999999999992 11046.51375172 -197.37415850 -0.00000000
4.549999999999992 11112.43221331 -202.44421857 -0.00000000
4.599999999999992 11196.06170931 -208.82646838 -0.00000000
4.6499999999999915 11282.02292396 -215.17198847 -0.00000000
4.699999999999991 11334.66104286 -218.26030695 -0.00000000
4.749999999999991 11401.54504600 -222.17203589 -0.00000000
4.799999999999991 11484.71375285 -227.24881977 -0.00000000
4.849999999999991 11579.11577589 -233.16250694 -0.00000000
4.899999999999991 11680.75271608 -239.68124731 -0.00000000
4.94999999999999 11783.63987281 -246.43067688 -0.00000000
4.99999999999999 11882.55926878 -253.12248350 -0.00000000
5.04999999999999 11973.88637992 -259.58887743 -0.00000000
5.09999999999999 12056.28115416 -265.79436552 -0.00000000
5.14999999999999 12130.75389176 -271.80593015 -0.00000000
5.1999999999999895 12200.15533720 -277.74233676 -0.00000000
5.249999999999989 12268.26978490 -283.72269333 -0.00000000
5.299999999999989 12338.78174261 -289.82964231 -0.00000000
5.349999999999989 12414.39538740 -296.09429165 -0.00000000
5.399999999999989 12496.31474671 -302.50154850 -0.00000000
5.449999999999989 12584.17265900 -309.00901329 -0.00000000
5.4999999999999885 12676.36593300 -315.57085539 -0.00000000
5.549999999999988 12770.65249977 -322.15821213 -0.00000000
5.599999999999988 12864.82218036 -328.76322544 -0.00000000
5.649999999999988 12957.26203480 -335.38062500 -0.00000000
5.699999999999988 13047.27634878 -341.99445409 -0.00000000
5.749999999999988 13135.10803440 -348.58253257 -0.00000000
5.799999999999987 13221.71018579 -355.12401804 -0.00000000
5.849999999999987 13308.37346954 -361.60379822 -0.00000000
5.899999999999987 13396.33233378 -368.01381010 -0.00000000
5.949999999999987 13486.45811501 -374.35280500 -0.00000000
5.999999999999987 13579.10839597 -380.62716514 -0.00000000
6.0499999999999865 13674.15738402 -386.85809091 -0.00000000
6.099999999999986 13771.17385507 -393.09624885 -0.00000000
6.149999999999986 13869.53671249 -399.38344921 -0.00000000
6.199999999999986 13968.50742080 -405.69144031 -0.00000000
6.249999999999986 14067.47508927 -411.94874494 -0.00000000
6.299999999999986 14166.12679010 -418.07118352 -0.00000000
6.349999999999985 14264.48180583 -423.97680993 -0.00000000
6.399999999999985 14362.82784070 -429.59525054 -0.00000000
6.449999999999985 14461.60159467 -434.87540159 -0.00000000
6.499999999999985 14561.25951366 -439.79232366 -0.00000000
6.549999999999985 14662.17633494 -444.34696437 -0.00000000
6.5999999999999845 14764.57849634 -448.55614839 -0.00000000
6.649999999999984 14868.51935637 -452.44687851 -0.00000000
6.699999999999984 14973.90600385 -456.05229106 -0.00000000
6.749999999999984 15080.55968880 -459.40539947 -0.00000000
6.799999999999984 15188.28447226 -462.53192411 -0.00000000
6.849999999999984 15296.92417693 -465.44388437 -0.00000000
6.8999999999999835 15406.39532175 -468.13546667 -0.00000000
6.949999999999983 15516.69366891 -470.58210094 -0.00000000
6.999999999999983 15627.87901036 -472.74298861 -0.00000000
7.049999999999983 15740.04764365 -474.56658322 -0.00000000
7.099999999999983 15853.30288168 -475.99783353 -0.00000000
7.149999999999983 15967.73185426 -476.98563960 -0.00000000
7.199999999999982 16083.39306725 -477.48897462 -0.00000000
7.249999999999982 16279.54530695 -478.64428096 -0.00000000
7.299999999999982 16397.54771207 -479.78061523 -0.00000000
7.349999999999982 16462.43926321 -479.47457978 -0.00000000
7.399999999999982 16519.14010735 -477.86726361 -0.00000000
7.4499999999999815 16600.77534967 -474.81227998 -0.00000000
7.499999999999981 16719.65113554 -470.79415050 -0.00000000
7.549999999999981 16866.78796639 -466.41309794 -0.00000000
7.599999999999981 17023.06023154 -462.13902779 -0.00000000
7.649999999999981 17171.61770355 -458.10438927 -0.00000000
7.699999999999981 17305.28719859 -454.09113691 -0.00000000
7.7499999999999805 17426.89267586 -449.67407217 -0.00000000
7.79999999999998 17544.63230903 -444.42029693 -0.00000000
7.84999999999998 17666.40151894 -438.04727861 -0.00000000
7.89999999999998 17796.17477261 -430.48773056 -0.00000000
7.94999999999998 17879.77718166 -424.83517086 -0.00000000
7.99999999999998 17999.61104506 -416.16730477 -0.00000000
8.04999999999998 18156.79992872 -405.18755020 -0.00000000
8.09999999999998 18338.45035254 -392.21113905 -0.00000000
8.14999999999998 18529.63017856 -378.33868481 -0.00000000
8.199999999999982 18714.34060634 -364.33074347 -0.00000000
8.249999999999982 18881.54400355 -350.63668445 -0.00000000
8.299999999999983 19027.39245239 -337.27210830 -0.00000000
8.349999999999984 19155.25646824 -323.89947417 -0.00000000
8.399999999999984 19273.57976980 -309.98818255 -0.00000000
8.449999999999985 19392.57807674 -294.98799165 -0.00000000
8.499999999999986 19520.97712563 -278.46251403 -0.00000000
8.549999999999986 19663.76893196 -260.15875489 -0.00000000
8.599999999999987 19821.47490734 -240.01562189 -0.00000000
8.649999999999988 19990.85101664 -218.13009162 -0.00000000
8.699999999999989 20166.54469037 -194.70279306 -0.00000000
8.74999999999999 20343.02497614 -169.97945442 -0.00000000
8.79999999999999 20516.16585889 -144.19713480 -0.00000000
8.84999999999999 20684.09695926 -117.53905946 -0.00000000
8.899999999999991 20847.23554830 -90.10061258 -0.00000000
8.949999999999992 21007.67278010 -61.87010708 -0.00000000
8.999999999999993 21168.23560223 -32.72856790 -0.00000000
9.049999999999994 21331.56447111 -2.47081869 -0.00000000
9.099999999999994 21499.46111366 29.15462727 -0.00000000
9.149999999999995 21672.62195696 62.39573880 -0.00000000
9.199999999999996 21850.73818665 97.45464039 -0.00000000
9.249999999999996 22032.85511112 134.47311466 -0.00000000
9.299999999999997 22217.73279450 173.42474058 -0.00000000
9.349999999999998 22404.30236613 214.24063093 -0.00000000
9.399999999999999 22591.88155699 256.75438817 -0.00000000
9.45 22780.24619574 300.77747795 -0.00000000
9.5 22969.53680798 346.16288705 -0.00000000
9.55 23160.09070002 392.84848632 -0.00000000
9.600000000000001 23352.29550511 440.86661329 -0.00000000
9.650000000000002 23546.48506756 490.31800515 -0.00000000
9.700000000000003 23742.88519550 541.33922167 -0.00000000
9.750000000000004 23941.59472644 594.08505641 -0.00000000
9.800000000000004 24142.60107046 648.70368786 -0.00000000
9.850000000000005 24345.80392792 705.27553277 -0.00000000
9.900000000000006 24551.03040807 763.76047697 -0.00000000
9.950000000000006 24758.02955961 823.96695019 -0.00000000
10.000000000000007 24966.48506939 885.61033253 -0.00000000
10.050000000000008 23571.46718164 966.93435168 -0.00000000
10.100000000000009 21229.68967885 1044.38682628 -0.00000000
10.15000000000001 18686.41922484 1099.76737350 -0.00000000
10.20000000000001 16588.95501404 1130.24080527 -0.00000000
10.25000000000001 15343.39618371 1148.91363444 -0.00000000
10.300000000000011 15074.26411648 1178.49797916 -0.00000000
10.350000000000012 15659.39707377 1235.80220957 -0.00000000
10.400000000000013 16815.60541908 1319.01268474 -0.00000000
10.450000000000014 18195.38172632 1413.97578734 -0.00000000
10.500000000000014 19477.35424011 1501.16145680 -0.00000000
10.550000000000015 20432.24151563 1565.40837908 -0.00000000
10.600000000000016 20951.28175592 1601.66931635 -0.00000000
10.650000000000016 21040.27931330 1615.34779614 -0.00000000
10.700000000000017 20790.86607472 1620.07272639 -0.00000000
10.750000000000018 19961.65166132 1636.00313366 -0.00000000
10.800000000000018 19249.52713874 1686.62859769 -0.00000000
10.85000000000002 18889.25897786 1781.91123166 -0.00000000
10.90000000000002 18920.43537314 1908.73189963 -0.00000000
10.95000000000002 19238.22435523 2034.88311405 -0.00000000
11.000000000000021 19672.38922786 2134.12866841 -0.00000000
11.050000000000022 20231.01460695 2210.74713208 -0.00000000
11.100000000000023 20461.52184960 2234.84588445 -0.00000000
11.150000000000023 20427.84846732 2238.72224540 -0.00000000
11.200000000000024 20277.75455683 2279.88350697 -0.00000000
11.250000000000025 20157.61889798 2363.11462659 -0.00000000
11.300000000000026 20140.04972848 2468.39544454 -0.00000000
11.350000000000026 20221.11410880 2574.18163185 -0.00000000
11.400000000000027 20354.84833334 2668.67410520 -0.00000000
11.450000000000028 20491.44487803 2750.26396783 -0.00000000
11.500000000000028 20599.79169313 2823.48522685 -0.00000000
11.55000000000003 20672.41000175 2895.02822132 -0.00000000
11.60000000000003 20719.98256636 2972.59209082 -0.00000000
11.65000000000003 20759.16575578 3058.74393581 -0.00000000
11.700000000000031 20800.72551245 3154.78099804 -0.00000000
11.750000000000032 20851.23051873 3257.96100887 -0.00000000
11.800000000000033 20911.71186602 3360.21368258 -0.00000000
11.850000000000033 20979.57483875 3454.89882003 -0.00000000
11.900000000000034 21049.43341403 3546.91406380 -0.00000000
11.950000000000035 21115.02106408 3639.00496524 -0.00000000
12.000000000000036 21170.47652450 3732.04632220 -0.00000000
12.050000000000036 21217.67819050 3830.86933916 -0.00000000
12.100000000000037 21261.82276562 3938.10887810 -0.00000000
12.150000000000038 21307.01074833 4051.70892001 -0.00000000
12.200000000000038 21355.37335659 4168.40882327 -0.00000000
12.250000000000039 21407.85659853 4285.63320494 -0.00000000
12.30000000000004 21461.90827989 4402.04490512 -0.00000000
12.35000000000004 21514.27676900 4517.20002166 -0.00000000
12.400000000000041 21562.95420247 4631.95345827 -0.00000000
12.450000000000042 21607.46353948 4747.87996855 -0.00000000
12.500000000000043 21648.40979221 4865.86132625 -0.00000000
12.550000000000043 21686.28307561 4984.04867956 -0.00000000
12.600000000000044 21722.20716303 5102.20505378 -0.00000000
12.650000000000045 21756.79728862 5222.30597918 -0.00000000
12.700000000000045 21789.96726225 5344.90949712 -0.00000000
12.750000000000046 21822.12529925 5467.43498884 -0.00000000
12.800000000000047 21852.63643303 5587.63148319 -0.00000000
12.850000000000048 21880.93302500 5705.14386593 -0.00000000
12.900000000000048 21907.08300823 5821.06996326 -0.00000000
12.950000000000049 21930.97480147 5936.02039184 -0.00000000
13.00000000000005 21952.25833159 6049.68604547 -0.00000000
13.05000000000005 21970.69645823 6161.37450700 -0.00000000
13.100000000000051 21986.33447112 6270.49353562 -0.00000000
13.150000000000052 21999.38731947 6376.66043145 -0.00000000
13.200000000000053 22010.05345585 6479.62430541 -0.00000000
13.250000000000053 22018.45210127 6579.25433529 -0.00000000
13.300000000000054 22024.66997687 6675.56617809 -0.00000000
13.350000000000055 22028.77975827 6768.58440144 -0.00000000
13.400000000000055 22030.82119135 6858.17244595 -0.00000000
13.450000000000056 22030.78072002 6944.05623060 -0.00000000
13.500000000000057 22028.58364610 7025.97361738 -0.00000000
13.550000000000058 22024.15248583 7103.74972336 -0.00000000
13.600000000000058 22017.49999466 7177.25458049 -0.00000000
13.650000000000059 22008.75613701 7246.34359622 -0.00000000
13.70000000000006 21998.11514392 7310.84709625 -0.00000000
13.75000000000006 21985.77139945 7370.61512701 -0.00000000
13.800000000000061 21971.89440039 7425.59256016 -0.00000000
13.850000000000062 21956.62823479 7475.87655960 -0.00000000
13.900000000000063 21940.15064452 7521.95478456 -0.00000000
13.950000000000063 21922.85610040 7565.59096879 -0.00000000
14.000000000000064 21904.45322556 7606.49214705 -0.00000000
14.050000000000065 21883.95593079 7642.18386251 -0.00000000
14.100000000000065 21860.92495869 7671.54255932 -0.00000000
14.150000000000066 21835.79475918 7694.67811905 -0.00000000
14.200000000000067 21809.44579825 7712.13805747 -0.00000000
14.250000000000068 21782.62706445 7724.49575877 -0.00000000
14.300000000000068 21755.88517908 7732.31214256 -0.00000000
14.350000000000069 21729.27561557 7735.52386037 -0.00000000
14.40000000000007 21702.60865627 7733.74971959 -0.00000000
14.45000000000007 21675.76033210 7726.78256684 -0.00000000
14.500000000000071 21648.70475473 7714.61225559 -0.00000000
14.550000000000072 21621.48831138 7697.38774310 -0.00000000
14.600000000000072 21594.16677876 7675.30167946 -0.00000000
14.650000000000073 21566.77246123 7648.47297639 -0.00000000
14.700000000000074 21539.33767944 7616.90600431 -0.00000000
14.750000000000075 21511.94930986 7580.53994143 -0.00000000
14.800000000000075 21484.78174725 7539.33881204 -0.00000000
14.850000000000076 21458.05360413 7493.32479424 -0.00000000
14.900000000000077 21431.94463959 7442.57445980 -0.00000000
14.950000000000077 21406.56017539 7387.31431523 -0.00000000
15.000000000000078 21381.90867926 7327.91404410 -0.00000000
15.050000000000079 21357.96165325 7264.64952380 -0.00000000
15.10000000000008 21334.70788515 7197.58238903 -0.00000000
15.15000000000008 21312.14904897 7126.65116346 -0.00000000
15.200000000000081 21290.26913773 7051.82860219 -0.00000000
15.250000000000082 21269.01666680 6973.21582812 -0.00000000
15.300000000000082 21248.31053975 6891.03528225 -0.00000000
15.350000000000083 21228.05066710 6805.56689582 -0.00000000
15.400000000000084 21208.11141172 6717.09636866 -0.00000000
15.450000000000085 21188.33603450 6625.88787457 -0.00000000
15.500000000000085 21168.60352644 6532.10643705 -0.00000000
15.550000000000086 21148.97384536 6435.68093503 -0.00000000
15.600000000000087 21129.69373774 6336.35990110 -0.00000000
15.650000000000087 21110.96825812 6234.01813883 -0.00000000
15.700000000000088 21092.76678975 6128.83612146 -0.00000000
15.750000000000089 21074.84099609 6021.19118729 -0.00000000
15.80000000000009 21056.87626393 5911.44871255 -0.00000000
15.85000000000009 21038.63156396 5799.84519978 -0.00000000
15.900000000000091 21019.99085470 5686.49556624 -0.00000000
15.950000000000092 21000.93982910 5571.44735421 -0.00000000
16.000000000000092 20987.27527634 5485.35203965 -0.00000000
16.050000000000093 20964.37634220 5364.43398617 -0.00000000
16.100000000000094 20951.45492736 5291.82344975 -0.00000000
16.150000000000095 20928.41555603 5187.89292640 -0.00000000
16.200000000000095 20899.25557055 5062.80798040 -0.00000000
16.250000000000096 20865.27265942 4921.77905876 -0.00000000
16.300000000000097 20830.55185925 4775.89784227 -0.00000000
16.350000000000097 20798.14016601 4633.30194352 -0.00000000
16.400000000000098 20769.87809233 4498.77699813 -0.00000000
16.4500000000001 20745.91552588 4373.13904150 -0.00000000
16.5000000000001 20724.95104402 4254.19751320 -0.00000000
16.5500000000001 20704.84950462 4138.31659780 -0.00000000
16.6000000000001 20683.38027795 4021.94648048 -0.00000000
16.6500000000001 20658.82857319 3902.67185097 -0.00000000
16.700000000000102 20630.32848177 3779.60605849 -0.00000000
16.750000000000103 20572.72050457 3562.08770194 -0.00000000
16.800000000000104 20519.63469075 3372.98365411 -0.00000000
16.850000000000104 20501.11192720 3291.17442784 -0.00000000
16.900000000000105 20489.38861131 3241.63483489 -0.00000000
16.950000000000106 20466.82241308 3152.77786559 -0.00000000
17.000000000000107 20428.83758859 3023.33664998 -0.00000000
17.050000000000107 20381.20925998 2875.09862425 -0.00000000
17.100000000000108 20331.75239287 2730.48656480 -0.00000000
17.15000000000011 20285.25062405 2597.99402864 -0.00000000
17.20000000000011 20242.43586225 2474.49198724 -0.00000000
17.25000000000011 20201.55680106 2353.21701051 -0.00000000
17.30000000000011 20160.40393867 2229.67654689 -0.00000000
17.35000000000011 20117.57494474 2103.09068324 -0.00000000
17.400000000000112 20072.77894025 1974.90880761 -0.00000000
17.450000000000113 20026.51929028 1846.81530987 -0.00000000
17.500000000000114 19979.57967768 1719.63611895 -0.00000000
17.550000000000114 19932.60358162 1593.29054539 -0.00000000
17.600000000000115 19885.87306209 1467.25201573 -0.00000000
17.650000000000116 19839.16203034 1340.87508661 -0.00000000
17.700000000000117 19792.40001310 1213.99608676 -0.00000000
17.750000000000117 19745.78979094 1086.89400472 -0.00000000
17.800000000000118 19699.44037249 959.81907023 -0.00000000
17.85000000000012 19653.36117125 832.85659099 -0.00000000
17.90000000000012 19607.54131838 705.94557440 -0.00000000
17.95000000000012 19562.01391992 578.96490521 -0.00000000
18.00000000000012 19516.86787969 451.81347384 -0.00000000
18.05000000000012 19472.22009794 324.44655338 -0.00000000
18.100000000000122 19428.18078382 196.86891637 -0.00000000
18.150000000000123 19384.83537057 69.10683881 -0.00000000
18.200000000000124 19342.24646845 -58.81740546 -0.00000000
18.250000000000124 19300.46567784 -186.89627756 -0.00000000
18.300000000000125 19259.54398703 -315.13383111 -0.00000000
18.350000000000126 19219.53593780 -443.53651374 -0.00000000
18.400000000000126 19180.49879927 -572.10492655 -0.00000000
18.450000000000127 19142.49001989 -700.82941969 -0.00000000
18.500000000000128 19105.56516378 -829.68948697 -0.00000000
18.55000000000013 19069.77710506 -958.65560954 -0.00000000
18.60000000000013 19035.17697964 -1087.69150789 -0.00000000
18.65000000000013 19001.81676639 -1216.75761836 -0.00000000
18.70000000000013 18969.75161682 -1345.82424253 -0.00000000
18.75000000000013 18939.03355114 -1474.88591354 -0.00000000
18.800000000000132 18909.66884284 -1603.88563523 -0.00000000
18.850000000000133 18881.60657146 -1732.64984101 -0.00000000
18.900000000000134 18854.82278035 -1861.01342806 -0.00000000
18.950000000000134 18829.36023076 -1988.90344828 -0.00000000
19.000000000000135 18805.29461328 -2116.31232388 -0.00000000
19.050000000000136 18782.68414878 -2243.23597601 -0.00000000
19.100000000000136 18761.54344139 -2369.63273054 -0.00000000
19.150000000000137 18741.84680977 -2495.41587832 -0.00000000
19.200000000000138 18723.54501818 -2620.46670361 -0.00000000
19.25000000000014 18706.58478648 -2744.65313680 -0.00000000
19.30000000000014 18690.94734282 -2867.84908096 -0.00000000
19.35000000000014 18676.71225144 -2989.91517497 -0.00000000
19.40000000000014 18663.98889227 -3110.78795458 -0.00000000
19.45000000000014 18652.80190231 -3230.53388214 -0.00000000
19.500000000000142 18643.13261403 -3349.13540032 -0.00000000
19.550000000000143 18634.93758015 -3466.45856843 -0.00000000
19.600000000000144 18628.16356025 -3582.32020848 -0.00000000
19.650000000000144 18622.75890835 -3696.56379217 -0.00000000
19.700000000000145 18618.68442949 -3809.08635938 -0.00000000
19.750000000000146 18615.92181998 -3919.81161844 -0.00000000
19.800000000000146 18614.47150272 -4028.64870037 -0.00000000
19.850000000000147 18614.34040642 -4135.47224440 -0.00000000
19.900000000000148 18615.53024845 -4240.13130543 -0.00000000
19.95000000000015 18618.03950734 -4342.47535628 -0.00000000
20.00000000000015 18621.89753874 -4442.38529319 -0.00000000
20.05000000000015 18627.18327361 -4539.77750697 -0.00000000
20.10000000000015 18633.77580067 -4634.50736887 -0.00000000
20.15000000000015 18641.37472808 -4726.42339293 -0.00000000
20.200000000000152 18649.78780744 -4815.46789782 -0.00000000
20.250000000000153 18659.00606444 -4901.62730973 -0.00000000
20.300000000000153 18669.13182956 -4984.85132227 -0.00000000
20.350000000000154 18680.27136636 -5065.01633520 -0.00000000
20.400000000000155 18692.47230244 -5141.92695132 -0.00000000
20.450000000000156 18705.72577872 -5215.32141759 -0.00000000
20.500000000000156 18719.86766569 -5285.08843517 -0.00000000
20.550000000000157 18734.54794847 -5351.51144619 -0.00000000
20.600000000000158 18749.59261809 -5414.89222383 -0.00000000
20.65000000000016 18765.08359078 -5475.29587540 -0.00000000
20.70000000000016 18781.16770799 -5532.54176108 -0.00000000
20.75000000000016 18797.85720218 -5586.32937569 -0.00000000
20.80000000000016 18815.02063361 -5636.40621057 -0.00000000
20.85000000000016 18832.49770324 -5682.66256157 -0.00000000
20.900000000000162 18850.18568039 -5725.10971387 -0.00000000
20.950000000000163 18868.04890418 -5763.79211248 -0.00000000
21.000000000000163 18886.07891832 -5798.70235073 -0.00000000
21.050000000000164 18904.24682663 -5829.73797615 -0.00000000
21.100000000000165 18922.47690051 -5856.72432157 -0.00000000
21.150000000000166 18940.67000524 -5879.57547539 -0.00000000
21.200000000000166 18958.75361047 -5898.43369822 -0.00000000
21.250000000000167 18976.68139205 -5913.51247579 -0.00000000
21.300000000000168 18994.40697967 -5924.90258210 -0.00000000
21.35000000000017 19011.88636113 -5932.55606712 -0.00000000
21.40000000000017 19029.09409821 -5936.38088555 -0.00000000
21.45000000000017 19046.01845134 -5936.31615640 -0.00000000
21.50000000000017 19062.53957716 -5932.12515772 -0.00000000
21.55000000000017 19078.36731413 -5923.42524006 -0.00000000
21.600000000000172 19093.73657155 -5910.43738984 -0.00000000
21.650000000000173 19108.88549640 -5893.75730100 -0.00000000
21.700000000000173 19123.90547042 -5873.86775046 -0.00000000
21.750000000000174 19138.76787728 -5850.95887681 -0.00000000
21.800000000000175 19153.46405687 -5824.85710364 -0.00000000
21.850000000000176 19167.93763504 -5795.15363648 -0.00000000
21.900000000000176 19182.00278633 -5761.52184116 -0.00000000
21.950000000000177 19195.46514467 -5723.85548328 -0.00000000
22.000000000000178 19208.23110140 -5682.23265751 -0.00000000
22.05000000000018 19220.24117979 -5636.88300606 -0.00000000
22.10000000000018 19231.45424635 -5588.05251745 -0.00000000
22.15000000000018 19241.88846972 -5535.82846277 -0.00000000
22.20000000000018 19251.61834621 -5480.02164848 -0.00000000
22.25000000000018 19259.03430378 -5437.23616976 -0.00000000
22.300000000000182 19262.83192659 -5396.88084546 -0.00000000
22.350000000000183 19268.68313197 -5343.83970925 -0.00000000
22.400000000000183 19275.27570653 -5270.78930522 -0.00000000
22.450000000000184 19282.40784609 -5185.09151388 -0.00000000
22.500000000000185 19289.80187025 -5092.50583366 -0.00000000
22.550000000000185 19297.12145598 -4998.41493306 -0.00000000
22.600000000000186 19303.91041640 -4906.40795446 -0.00000000
22.650000000000187 19309.54473257 -4817.50733170 -0.00000000
22.700000000000188 19313.34008912 -4730.45125126 -0.00000000
22.75000000000019 19315.86865702 -4577.14639208 -0.00000000
22.80000000000019 19311.66365381 -4436.73003876 -0.00000000
22.85000000000019 19306.92938432 -4361.83921959 -0.00000000
22.90000000000019 19298.36714473 -4309.10547775 -0.00000000
22.95000000000019 19289.35069551 -4224.63790869 -0.00000000
23.000000000000192 19280.23901112 -4107.24048115 -0.00000000
23.050000000000193 19272.14115197 -3971.85365433 -0.00000000
23.100000000000193 19264.74069250 -3835.30691438 -0.00000000
23.150000000000194 19256.93403350 -3704.35542420 -0.00000000
23.200000000000195 19247.64734381 -3576.55631619 -0.00000000
23.250000000000195 19236.42541961 -3446.30068573 -0.00000000
23.300000000000196 19223.45372486 -3309.84496089 -0.00000000
23.350000000000197 19209.20718621 -3166.78194012 -0.00000000
23.400000000000198 19194.08887522 -3018.77864119 -0.00000000
23.4500000000002 19178.28035849 -2867.63791242 -0.00000000
23.5000000000002 19161.79010901 -2714.15340389 -0.00000000
23.5500000000002 19144.56294764 -2558.07483740 -0.00000000
23.6000000000002 19126.55111350 -2398.71545180 -0.00000000
23.6500000000002 19107.72916738 -2235.56769744 -0.00000000
23.700000000000202 19088.06978292 -2068.56304121 -0.00000000
23.750000000000203 19067.56579411 -1897.97724496 -0.00000000
23.800000000000203 19046.32027701 -1724.17650156 -0.00000000
23.850000000000204 19024.46366724 -1547.40204954 -0.00000000
23.900000000000205 19002.08649399 -1367.70447209 -0.00000000
23.950000000000205 18979.22713046 -1185.00847532 -0.00000000
24.000000000000206 18955.89261245 -999.22100885 -0.00000000
24.050000000000207 18932.09120332 -810.30952911 -0.00000000
24.100000000000207 18907.85783220 -618.32718076 -0.00000000
24.150000000000208 18883.22797976 -423.41325860 -0.00000000
24.20000000000021 18857.94231238 -225.77646685 -0.00000000
24.25000000000021 18832.49276315 -25.52286744 -0.00000000
24.30000000000021 18807.32278588 177.37464190 -0.00000000
24.35000000000021 18782.53749545 382.83536147 -0.00000000
24.40000000000021 18758.00711117 590.71221699 -0.00000000
24.450000000000212 18733.58120712 800.88234843 -0.00000000
24.500000000000213 18709.20924475 1013.27699443 -0.00000000
24.550000000000214 18684.95549032 1227.85574233 -0.00000000
24.600000000000215 18660.96145170 1444.55895053 -0.00000000
24.650000000000215 18637.38831522 1663.27769047 -0.00000000
24.700000000000216 18614.37403610 1883.86345434 -0.00000000
24.750000000000217 18592.01976595 2106.15939034 -0.00000000
24.800000000000217 18570.39850946 2330.02418288 -0.00000000
24.850000000000218 18549.53934620 2555.32191213 -0.00000000
24.90000000000022 18529.51060875 2781.93346662 -0.00000000
24.95000000000022 18510.43604044 3009.74489218 -0.00000000
25.00000000000022 18492.44348845 3238.61777702 -0.00000000
25.05000000000022 18475.65274273 3468.39451493 -0.00000000
25.10000000000022 18460.16539894 3698.91726936 -0.00000000
25.150000000000222 18446.06104898 3930.04500412 -0.00000000
25.200000000000223 18433.40070822 4161.65891651 -0.00000000
25.250000000000224 18422.23388735 4393.65616434 -0.00000000
25.300000000000225 18412.60484604 4625.93793063 -0.00000000
25.350000000000225 18404.55585763 4858.39825846 -0.00000000
25.400000000000226 18398.12780148 5090.91626016 -0.00000000
25.450000000000227 18393.35921403 5323.34940319 -0.00000000
25.500000000000227 18390.28366264 5555.52258962 -0.00000000
25.550000000000228 18388.92697371 5787.21327153 -0.00000000
25.60000000000023 18389.33072640 6018.17426461 -0.00000000
25.65000000000023 18391.61059427 6248.23226042 -0.00000000
25.70000000000023 18395.93152649 6477.31682898 -0.00000000
25.75000000000023 18402.42573698 6705.38761344 -0.00000000
25.80000000000023 18411.15900592 6932.37026919 -0.00000000
25.850000000000232 18422.14029540 7158.14226442 -0.00000000
25.900000000000233 18435.36003962 7382.51901177 -0.00000000
25.950000000000234 18450.82735959 7605.25904320 -0.00000000
26.000000000000234 18468.58908034 7826.07096492 -0.00000000
26.050000000000235 18488.73305420 8044.64746347 -0.00000000
26.100000000000236 18511.41790539 8261.05027966 -0.00000000
26.150000000000237 18536.67297095 8475.13046806 -0.00000000
26.200000000000237 18564.46284130 8686.70253702 -0.00000000
26.250000000000238 18594.78511819 8895.61773380 -0.00000000
26.30000000000024 18627.66100289 9101.69169150 -0.00000000
26.35000000000024 18663.08583300 9304.68322658 -0.00000000
26.40000000000024 18700.84587588 9504.33884879 -0.00000000
26.45000000000024 18741.01668419 9700.30170756 -0.00000000
26.50000000000024 18783.80844926 9892.16149244 -0.00000000
26.550000000000242 18829.35728523 10079.58693839 -0.00000000
26.600000000000243 18877.89733257 10262.45633338 -0.00000000
26.650000000000244 18929.61910847 10440.74613922 -0.00000000
26.700000000000244 18984.49555383 10614.26731392 -0.00000000
26.750000000000245 19042.44324421 10782.67417010 -0.00000000
26.800000000000246 19103.43637322 10945.71668297 -0.00000000
26.850000000000247 19167.39730188 11103.27052947 -0.00000000
26.900000000000247 19234.16885266 11255.26771664 -0.00000000
26.950000000000248 19303.56823324 11402.02419400 -0.00000000
27.00000000000025 19375.35771915 11543.53055669 -0.00000000
27.05000000000025 19449.28936908 11679.65418807 -0.00000000
27.10000000000025 19525.22106676 11810.45820395 -0.00000000
27.15000000000025 19602.98947406 11935.64979520 -0.00000000
27.20000000000025 19682.17151790 12054.36588008 -0.00000000
27.250000000000252 19761.95477399 12165.84520627 -0.00000000
27.300000000000253 19841.49262103 12269.80773392 -0.00000000
27.350000000000254 19921.42663307 12365.90983369 -0.00000000
27.400000000000254 20002.41768459 12454.17999316 -0.00000000
27.450000000000255 20084.80047014 12534.85298311 -0.00000000
27.500000000000256 20168.41828182 12608.03310473 -0.00000000
27.550000000000257 20252.77134951 12673.50890517 -0.00000000
27.600000000000257 20337.35362855 12731.08496484 -0.00000000
27.650000000000258 20421.26309129 12780.20642113 -0.00000000
27.70000000000026 20503.89994319 12820.04109206 -0.00000000
27.75000000000026 20585.45963350 12851.09340332 -0.00000000
27.80000000000026 20666.62572613 12874.67955446 -0.00000000
27.85000000000026 20747.93584458 12891.74291469 -0.00000000
27.90000000000026 20829.60177551 12902.13929574 -0.00000000
27.950000000000262 20911.17146199 12905.30277751 -0.00000000
28.000000000000263 20991.88918839 12900.69922758 -0.00000000
28.050000000000264 21071.19859566 12887.62771774 -0.00000000
28.100000000000264 21148.66075123 12865.49353439 -0.00000000
28.150000000000265 21223.95135777 12834.73192364 -0.00000000
28.200000000000266 21296.76013563 12796.20354914 -0.00000000
28.250000000000266 21367.38134262 12750.06165495 -0.00000000
28.300000000000267 21436.46198705 12695.85524341 -0.00000000
28.350000000000268 21504.26156323 12633.13272272 -0.00000000
28.40000000000027 21570.48680589 12561.66193249 -0.00000000
28.45000000000027 21634.46463899 12481.22991254 -0.00000000
28.50000000000027 21695.56580384 12391.82014562 -0.00000000
28.55000000000027 21753.37708632 12293.44101620 -0.00000000
28.60000000000027 21807.67657880 12186.06320865 -0.00000000
28.650000000000272 21858.26667724 12069.53696822 -0.00000000
28.700000000000273 21904.84170442 11942.77864635 -0.00000000
28.750000000000274 21946.96934050 11805.66484699 -0.00000000
28.800000000000274 21984.77956888 11658.86838615 -0.00000000
28.850000000000275 22018.88637514 11503.00553436 -0.00000000
28.900000000000276 22035.16299114 11433.78120050 -0.00000000
28.950000000000276 22055.50206305 11307.29108214 -0.00000000
29.000000000000277 22081.57507039 11135.80346655 -0.00000000
29.050000000000278 22109.09478166 10915.41010389 -0.00000000
29.10000000000028 22136.62071312 10668.07418772 -0.00000000
29.15000000000028 22161.32725952 10409.74427284 -0.00000000
29.20000000000028 22194.01454140 9962.68020895 -0.00000000
29.25000000000028 22206.90969924 9609.95713332 -0.00000000
29.30000000000028 22194.24046999 9501.82155578 -0.00000000
29.350000000000282 22165.05723953 9429.59872430 -0.00000000
29.400000000000283 22133.79128300 9243.55032352 -0.00000000
29.450000000000284 22109.04911236 8941.31523695 -0.00000000
29.500000000000284 22093.06818903 8586.53139463 -0.00000000
29.550000000000285 22081.09509699 8240.17335611 -0.00000000
29.600000000000286 22065.97667981 7922.83413637 -0.00000000
29.650000000000286 22043.06120782 7620.85701615 -0.00000000
29.700000000000287 22011.98071074 7310.58620258 -0.00000000
29.750000000000288 21974.91942203 6977.30895641 -0.00000000
29.80000000000029 21934.81132457 6620.43029767 -0.00000000
29.85000000000029 21893.89539988 6248.07998701 -0.00000000
29.90000000000029 21853.20453741 5868.71484035 -0.00000000
29.95000000000029 21812.41092275 5485.97396340 -0.00000000
30.00000000000029 21770.54597054 5098.59118995 -0.00000000
30.050000000000292 21726.67785526 4703.09232263 -0.00000000
30.100000000000293 21680.55249765 4296.95396705 -0.00000000
30.150000000000293 21632.41848591 3879.83526007 -0.00000000
30.200000000000294 21583.73463898 3453.47186999 -0.00000000
30.250000000000295 21535.88594698 3020.23106749 -0.00000000
30.300000000000296 21489.20322786 2581.45044199 -0.00000000
30.350000000000296 21443.30949200 2137.25261910 -0.00000000
30.400000000000297 21397.82687658 1687.21506952 -0.00000000
30.450000000000298 21353.02033023 1231.22613047 -0.00000000
30.5000000000003 21309.29925238 769.47348834 -0.00000000
30.5500000000003 21266.94270270 302.29409358 -0.00000000
30.6000000000003 21226.49326623 -169.63780001 -0.00000000
30.6500000000003 21188.56406175 -645.55402827 -0.00000000
30.7000000000003 21153.68227377 -1124.78962557 -0.00000000
30.750000000000302 21122.26491289 -1606.86469809 -0.00000000
30.800000000000303 21094.79643022 -2091.33465850 -0.00000000
30.850000000000303 21071.77205494 -2577.75157406 -0.00000000
30.900000000000304 21053.58297390 -3065.67419726 -0.00000000
30.950000000000305 21040.50488230 -3554.61796415 -0.00000000
31.000000000000306 21032.64852183 -4043.85570128 -0.00000000
31.050000000000306 21030.00161326 -4532.39523744 -0.00000000
31.100000000000307 21033.10965296 -5020.12888865 -0.00000000
31.150000000000308 21042.50642050 -5506.83009328 -0.00000000
31.20000000000031 21058.50644080 -5992.00793985 -0.00000000
31.25000000000031 21081.09650655 -6475.02691240 -0.00000000
31.30000000000031 21110.14890067 -6955.40534205 -0.00000000
31.35000000000031 21145.50495246 -7433.16308818 -0.00000000
31.40000000000031 21187.31860696 -7908.09711604 -0.00000000
31.450000000000312 21235.46227015 -8379.28107113 -0.00000000
31.500000000000313 21289.73255215 -8845.39778195 -0.00000000
31.550000000000313 21350.29235056 -9305.87642263 -0.00000000
31.600000000000314 21417.89840160 -9759.95724122 -0.00000000
31.650000000000315 21493.17216197 -10207.88549750 -0.00000000
31.700000000000315 21576.25498369 -10648.20216813 -0.00000000
31.750000000000316 21667.09980018 -11078.51184439 -0.00000000
31.800000000000317 21765.62588306 -11497.05647495 -0.00000000
31.850000000000318 21871.20592639 -11903.87292595 -0.00000000
31.90000000000032 21982.18175046 -12300.43946746 -0.00000000
31.95000000000032 22096.91263807 -12687.48018344 -0.00000000
32.00000000000032 22214.69839769 -13063.80597096 -0.00000000
32.05000000000032 22334.79288266 -13428.41167277 -0.00000000
32.100000000000314 22455.78703017 -13781.49516621 -0.00000000
32.15000000000031 22577.05289292 -14123.03207300 -0.00000000
32.20000000000031 22699.23916870 -14451.76328332 -0.00000000
32.250000000000306 22822.88531903 -14766.30022326 -0.00000000
32.3000000000003 22947.23445614 -15065.65877888 -0.00000000
32.3500000000003 23070.79879166 -15349.81194351 -0.00000000
32.4000000000003 23192.68704119 -15615.57684375 -0.00000000
32.450000000000294 23311.84476060 -15864.38313018 -0.00000000
32.50000000000029 23427.19201581 -16097.60516348 -0.00000000
32.55000000000029 23538.68239713 -16315.33617756 -0.00000000
32.600000000000286 23648.62398379 -16517.61728047 -0.00000000
32.65000000000028 23756.89787100 -16702.04317771 -0.00000000
32.70000000000028 23861.22136990 -16865.58767702 -0.00000000
32.75000000000028 23961.21064481 -17007.71304680 -0.00000000
32.800000000000274 24060.56437681 -17132.18659528 -0.00000000
32.85000000000027 24157.64161124 -17238.72118141 -0.00000000
32.90000000000027 24248.11825400 -17319.48539126 -0.00000000
32.950000000000266 24332.03176975 -17373.21649563 -0.00000000
33.00000000000026 24413.24288286 -17407.57907742 -0.00000000
33.05000000000026 24494.57878328 -17426.66953296 -0.00000000
33.10000000000026 24576.21250550 -17429.63047477 -0.00000000
33.150000000000254 24656.74282931 -17413.89596978 -0.00000000
33.20000000000025 24734.31651462 -17377.12589235 -0.00000000
33.25000000000025 24807.54235542 -17317.35926455 -0.00000000
33.300000000000246 24874.63414205 -17235.60508601 -0.00000000
33.35000000000024 24931.51578191 -17138.32388829 -0.00000000
33.40000000000024 24979.41789607 -17024.87777620 -0.00000000
33.45000000000024 25022.61992276 -16889.68745540 -0.00000000
33.500000000000234 25063.97588566 -16728.98866101 -0.00000000
33.55000000000023 25103.78291953 -16542.70743698 -0.00000000
33.60000000000023 25139.89716007 -16333.29052936 -0.00000000
33.650000000000226 25169.51310675 -16103.24096715 -0.00000000
33.70000000000022 25190.42430590 -15853.66704820 -0.00000000
33.75000000000022 25201.20806191 -15583.20267932 -0.00000000
33.80000000000022 25201.77877202 -15289.33723168 -0.00000000
33.850000000000215 25194.16143746 -14970.71938794 -0.00000000
33.90000000000021 25181.49363196 -14628.25114019 -0.00000000
33.95000000000021 25165.84215516 -14264.14783667 -0.00000000
34.000000000000206 25147.16389693 -13880.19135018 -0.00000000
34.0500000000002 25123.96088215 -13476.96844029 -0.00000000
34.1000000000002 25094.52533936 -13054.23506871 -0.00000000
34.1500000000002 25058.02542915 -12611.84498548 -0.00000000
34.200000000000195 25014.89830861 -12150.09249725 -0.00000000
34.25000000000019 24965.10122145 -11669.16385660 -0.00000000
34.30000000000019 24907.83935021 -11168.56059098 -0.00000000
34.350000000000186 24842.79502788 -10648.06671481 -0.00000000
34.40000000000018 24770.69395792 -10108.35733532 -0.00000000
34.45000000000018 24692.97576044 -9550.71357914 -0.00000000
34.50000000000018 24611.21183400 -8976.68902519 -0.00000000
34.550000000000175 24526.67490736 -8387.98599162 -0.00000000
34.60000000000017 24439.95717124 -7785.95095397 -0.00000000
34.65000000000017 24350.27705049 -7170.34459313 -0.00000000
34.700000000000166 24259.07924946 -6539.61888065 -0.00000000
34.75000000000016 24168.68422937 -5898.09541821 -0.00000000
34.80000000000016 24080.88823795 -5248.27129583 -0.00000000
34.85000000000016 23995.86641539 -4589.50135632 -0.00000000
34.900000000000155 23912.52057612 -3922.99926752 -0.00000000
34.95000000000015 23873.66060673 -3615.91292765 -0.00000000
35.00000000000015 23827.89539336 -3113.99468849 -0.00000000
35.050000000000146 23687.81387952 -1578.44525116 -0.00000000
35.10000000000014 23584.13674696 -724.32854522 -0.00000000
35.15000000000014 23524.32758112 -270.72505963 -0.00000000
35.20000000000014 23484.71640197 170.43747165 -0.00000000
35.250000000000135 23454.92555048 771.80418796 -0.00000000
35.30000000000013 23428.72661461 1514.77218883 -0.00000000
35.35000000000013 23405.63913211 2305.40862691 -0.00000000
35.40000000000013 23386.82905187 3072.55715942 -0.00000000
35.450000000000124 23374.07362917 3792.88937315 -0.00000000
35.50000000000012 23375.36184219 4479.12414231 -0.00000000
35.55000000000012 23389.35316714 5159.80094161 -0.00000000
35.600000000000115 23413.59989026 5850.44599363 -0.00000000
35.65000000000011 23446.37127442 6551.48422680 -0.00000000
35.70000000000011 23486.41152563 7253.27401637 -0.00000000
35.75000000000011 23536.57816169 7948.37693397 -0.00000000
35.800000000000104 23599.17918787 8629.56579551 -0.00000000
35.8500000000001 23672.24496761 9291.15720822 -0.00000000
35.9000000000001 23752.59835365 9934.66755915 -0.00000000
35.950000000000095 23837.86976425 10566.47125981 -0.00000000
36.00000000000009 23928.78946548 11189.37575862 -0.00000000
36.05000000000009 24026.36637968 11802.35302968 -0.00000000
36.10000000000009 24130.15559828 12403.26580022 -0.00000000
36.150000000000084 24238.65812867 12988.59780937 -0.00000000
36.20000000000008 24348.26504694 13558.26519713 -0.00000000
36.25000000000008 24459.22455353 14108.90336190 -0.00000000
36.300000000000075 24572.30815792 14638.46029357 -0.00000000
36.35000000000007 24687.52476070 15146.84756441 -0.00000000
36.40000000000007 24803.86168305 15634.44764205 -0.00000000
36.45000000000007 24919.29586158 16101.66149681 -0.00000000
36.500000000000064 25031.90637407 16547.58298986 -0.00000000
36.55000000000006 25140.90479557 16972.13656212 -0.00000000
36.60000000000006 25246.12763951 17376.20401337 -0.00000000
36.650000000000055 25346.66170994 17758.57175587 -0.00000000
36.70000000000005 25441.14980979 18117.63725066 -0.00000000
36.75000000000005 25527.13836931 18450.27561050 -0.00000000
36.80000000000005 25604.53414811 18757.75465729 -0.00000000
36.850000000000044 25675.03158915 19040.45906992 -0.00000000
36.90000000000004 25739.31268965 19298.84679972 -0.00000000
36.95000000000004 25796.58762362 19533.13664417 -0.00000000
37.000000000000036 25845.88155775 19742.91990806 -0.00000000
37.05000000000003 25886.18809128 19928.33480904 -0.00000000
37.10000000000003 25916.37432092 20089.73731264 -0.00000000
37.15000000000003 25936.09664146 20225.54636182 -0.00000000
37.200000000000024 25944.80163949 20334.17040460 -0.00000000
37.25000000000002 25942.12854461 20415.53037806 -0.00000000
37.30000000000002 25927.67269172 20467.64438768 -0.00000000
37.350000000000016 25902.27247761 20491.50841836 -0.00000000
37.40000000000001 25868.98651251 20492.72650501 -0.00000000
37.45000000000001 25831.24003727 20475.70522447 -0.00000000
37.50000000000001 25788.97507786 20439.90167936 -0.00000000
37.550000000000004 25739.96605665 20382.75615798 -0.00000000
37.6 25683.22454337 20304.11692239 -0.00000000
37.65 25619.92026302 20206.73182670 -0.00000000
37.699999999999996 25553.65059427 20095.01656209 -0.00000000
37.74999999999999 25485.97638151 19970.55247061 -0.00000000
37.79999999999999 25415.54325344 19830.77529374 -0.00000000
37.84999999999999 25340.50007484 19673.70662326 -0.00000000
37.899999999999984 25260.11167296 19499.12451876 -0.00000000
37.94999999999998 25174.50474264 19307.39732001 -0.00000000
37.99999999999998 25083.78954033 19098.03436977 -0.00000000
38.049999999999976 24989.02635670 18872.18792018 -0.00000000
38.09999999999997 24891.17559038 18631.14304532 -0.00000000
38.14999999999997 24790.30483888 18375.46484027 -0.00000000
38.19999999999997 24685.56765082 18105.06651901 -0.00000000
38.249999999999964 24575.59249221 17819.48550321 -0.00000000
38.29999999999996 24458.89407873 17518.19174061 -0.00000000
38.34999999999996 24334.74144208 17200.98071953 -0.00000000
38.399999999999956 24203.30899945 16866.83990963 -0.00000000
38.44999999999995 24065.72696548 16516.63977245 -0.00000000
38.49999999999995 23922.59309215 16152.23955721 -0.00000000
38.54999999999995 23775.46672650 15773.48938311 -0.00000000
38.599999999999945 23627.23021044 15379.56145114 -0.00000000
38.64999999999994 23479.08894855 14970.34708304 -0.00000000
38.69999999999994 23330.85349691 14546.50190821 -0.00000000
38.749999999999936 23181.58435077 14108.60240687 -0.00000000
38.79999999999993 23030.27134390 13657.26695372 -0.00000000
38.84999999999993 22876.17296160 13193.56624231 -0.00000000
38.89999999999993 22721.67383766 12719.33525563 -0.00000000
38.949999999999925 22569.69278423 12236.61868180 -0.00000000
38.99999999999992 22420.40864815 11745.69895485 -0.00000000
39.04999999999992 22272.56327764 11245.97987832 -0.00000000
39.099999999999916 22125.70068647 10737.32707939 -0.00000000
39.14999999999991 21979.89802147 10222.38161474 -0.00000000
39.19999999999991 21832.69492799 9707.50014985 -0.00000000
39.24999999999991 21688.09111565 9189.59400417 -0.00000000
39.299999999999905 21552.46266107 8662.99249720 -0.00000000
39.3499999999999 21429.81305841 8127.54565739 -0.00000000
39.3999999999999 21321.52854207 7585.24868673 -0.00000000
39.449999999999896 21227.53773252 7038.06991443 -0.00000000
39.49999999999989 21144.04145128 6499.58460577 -0.00000000
39.54999999999989 21069.33526447 5971.83357872 -0.00000000
39.59999999999989 21004.82261665 5440.25117051 -0.00000000
39.649999999999885 20951.11954614 4900.77167905 -0.00000000
39.69999999999988 20909.80096580 4355.62390823 -0.00000000
39.74999999999988 20883.37399252 3808.77475832 -0.00000000
39.799999999999876 20871.46112571 3264.02743672 -0.00000000
39.84999999999987 20873.86947904 2724.03864459 -0.00000000
39.89999999999987 20890.70989342 2189.54974497 -0.00000000
39.94999999999987 20919.53457620 1659.95842746 -0.00000000
39.999999999999865 20938.17641154 1413.21786945 -0.00000000
40.04999999999986 21009.88138923 740.21049426 -0.00000000
40.09999999999986 21104.46422448 -98.86572997 -0.00000000
40.14999999999986 21158.34297796 -627.50882757 -0.00000000
40.199999999999854 21199.32879641 -987.65139388 -0.00000000
40.24999999999985 21263.10915727 -1370.25325285 -0.00000000
40.29999999999985 21357.80260566 -1827.73658725 -0.00000000
40.349999999999845 21473.59919396 -2336.31726619 -0.00000000
40.39999999999984 21596.05952450 -2848.67358773 -0.00000000
40.44999999999984 21717.85416987 -3336.25534046 -0.00000000
40.49999999999984 21837.97115983 -3795.57642313 -0.00000000
40.549999999999834 21957.87756300 -4233.20876530 -0.00000000
40.59999999999983 22079.85067074 -4659.61508253 -0.00000000
40.64999999999983 22203.06780505 -5082.85601073 -0.00000000
40.699999999999825 22324.98774042 -5504.90811200 -0.00000000
40.74999999999982 22446.21234989 -5921.48646999 -0.00000000
40.79999999999982 22567.40247080 -6327.17070134 -0.00000000
40.84999999999982 22688.65937970 -6718.98621304 -0.00000000
40.899999999999814 22810.85913367 -7100.06039148 -0.00000000
40.94999999999981 22937.37118523 -7478.36474901 -0.00000000
40.99999999999981 23061.09796960 -7842.98648478 -0.00000000
41.049999999999805 23179.41957548 -8186.39412507 -0.00000000
41.0999999999998 23291.00371836 -8512.55165720 -0.00000000
41.1499999999998 23396.09609409 -8828.96572393 -0.00000000
41.1999999999998 23494.83149310 -9137.65172295 -0.00000000
41.249999999999794 23585.47669465 -9434.27605168 -0.00000000
41.29999999999979 23675.15736776 -9721.96634769 -0.00000000
41.34999999999979 23765.75151937 -9999.48096681 -0.00000000
41.399999999999785 23854.35885117 -10265.21762854 -0.00000000
41.44999999999978 23937.30133919 -10515.34118651 -0.00000000
41.49999999999978 24014.11080710 -10746.28765243 -0.00000000
41.54999999999978 24086.43829945 -10958.20159406 -0.00000000
41.599999999999774 24155.64655214 -11153.11788953 -0.00000000
41.64999999999977 24221.61400528 -11332.16227822 -0.00000000
41.69999999999977 24282.86301441 -11494.49612328 -0.00000000
41.749999999999766 24337.63328982 -11638.82865149 -0.00000000
41.79999999999976 24384.99982647 -11766.16994500 -0.00000000
41.84999999999976 24427.23076320 -11878.04194292 -0.00000000
41.89999999999976 24466.77809457 -11974.87700683 -0.00000000
41.949999999999754 24504.19867315 -12056.23488379 -0.00000000
41.99999999999975 24538.54002377 -12121.60116384 -0.00000000
42.04999999999975 24568.36932867 -12171.06730419 -0.00000000
42.099999999999746 24592.51267705 -12205.31126047 -0.00000000
42.14999999999974 24610.24145117 -12224.96742279 -0.00000000
42.19999999999974 24620.93317730 -12230.36632711 -0.00000000
42.24999999999974 24625.05163284 -12221.16089573 -0.00000000
42.299999999999734 24623.38432486 -12197.22936761 -0.00000000
42.34999999999973 24615.87363262 -12159.68387584 -0.00000000
42.39999999999973 24603.05106690 -12108.99345845 -0.00000000
42.449999999999726 24586.38257498 -12044.44020714 -0.00000000
42.49999999999972 24566.67519305 -11965.45035400 -0.00000000
42.54999999999972 24544.31376687 -11870.44390978 -0.00000000
42.59999999999972 24518.31745767 -11759.61882178 -0.00000000
42.649999999999714 24487.18904686 -11635.13273276 -0.00000000
42.69999999999971 24450.49495072 -11497.92315600 -0.00000000
42.74999999999971 24408.61548155 -11347.04979981 -0.00000000
42.799999999999706 24362.37027227 -11181.20731223 -0.00000000
42.8499999999997 24313.06229863 -11000.70278338 -0.00000000
42.8999999999997 24261.59164471 -10806.87875096 -0.00000000
42.9499999999997 24208.13402248 -10601.12667386 -0.00000000
42.999999999999694 24152.55142138 -10384.22463182 -0.00000000
43.04999999999969 24094.75857118 -10156.07292494 -0.00000000
43.09999999999969 24034.66493012 -9915.53369615 -0.00000000
43.149999999999686 23972.44487377 -9662.42212485 -0.00000000
43.19999999999968 23908.83955407 -9398.43881449 -0.00000000
43.24999999999968 23843.75919861 -9125.30671852 -0.00000000
43.29999999999968 23777.56673804 -8843.38666805 -0.00000000
43.349999999999675 23710.60112098 -8552.23425897 -0.00000000
43.39999999999967 23642.94450961 -8251.35158417 -0.00000000
43.44999999999967 23574.66405005 -7940.54572121 -0.00000000
43.499999999999666 23505.92827018 -7619.92390778 -0.00000000
43.54999999999966 23437.84395125 -7291.38983635 -0.00000000
43.59999999999966 23370.59330665 -6954.78067762 -0.00000000
43.64999999999966 23304.07388967 -6609.38746935 -0.00000000
43.699999999999655 23238.39393912 -6255.22752331 -0.00000000
43.74999999999965 23173.77033396 -5892.68015055 -0.00000000
43.79999999999965 23110.50501073 -5522.14590249 -0.00000000
43.849999999999646 23049.06851290 -5143.79977468 -0.00000000
43.89999999999964 22990.77647820 -4756.33524576 -0.00000000
43.94999999999964 22937.16513648 -4358.71491528 -0.00000000
43.99999999999964 22886.24818972 -3954.85305949 -0.00000000
44.049999999999635 22834.91428448 -3543.02930434 -0.00000000
44.09999999999963 22784.46979824 -3127.38715942 -0.00000000
44.14999999999963 22735.41660636 -2712.05119901 -0.00000000
44.199999999999626 22687.78405464 -2296.90509946 -0.00000000
44.24999999999962 22643.02737182 -1877.68731951 -0.00000000
44.29999999999962 22601.81243272 -1449.35230150 -0.00000000
44.34999999999962 22565.28903345 -1008.41077950 -0.00000000
44.399999999999615 22534.31161462 -558.94179959 -0.00000000
44.44999999999961 22507.79035300 -103.82268426 -0.00000000
44.49999999999961 22484.82781826 355.89776337 -0.00000000
44.549999999999606 22465.85973766 819.41404467 -0.00000000
44.5999999999996 22451.79084924 1285.02839260 -0.00000000
44.6499999999996 22441.41396204 1748.69435116 -0.00000000
44.6999999999996 22431.90951946 2212.26754910 -0.00000000
44.749999999999595 22423.13762524 2680.89789867 -0.00000000
44.79999999999959 22417.28021337 3155.42880708 -0.00000000
44.84999999999959 22416.33692765 3633.52006637 -0.00000000
44.89999999999959 22420.60801827 4111.26228718 -0.00000000
44.949999999999584 22424.40977649 4329.31528489 -0.00000000
44.99999999999958 22441.71367601 5097.86619784 -0.00000000
45.04999999999958 22468.91266577 5677.54913218 -0.00000000
45.099999999999575 22496.38002843 6094.41849046 -0.00000000
45.14999999999957 22524.25346005 6468.33781326 -0.00000000
45.19999999999957 22550.31898086 6872.86180707 -0.00000000
45.24999999999957 22575.90590772 7324.84591694 -0.00000000
45.299999999999564 22604.84633953 7803.83472891 -0.00000000
45.34999999999956 22637.21795003 8285.07282424 -0.00000000
45.39999999999956 22670.68490525 8753.28271846 -0.00000000
45.449999999999555 22702.17074283 9204.92315714 -0.00000000
45.49999999999955 22735.15904018 9641.05109811 -0.00000000
45.54999999999955 22772.85162037 10066.12098322 -0.00000000
45.59999999999955 22815.48367205 10485.40496093 -0.00000000
45.649999999999544 22861.46192629 10901.64148817 -0.00000000
45.69999999999954 22908.22666657 11313.76495449 -0.00000000
45.74999999999954 22953.81105528 11717.58688354 -0.00000000
45.799999999999535 22999.42608415 12110.91531555 -0.00000000
45.84999999999953 23046.96510806 12493.51041934 -0.00000000
45.89999999999953 23097.35929783 12865.36327989 -0.00000000
45.94999999999953 23150.09016910 13226.30035587 -0.00000000
45.999999999999524 23203.16789043 13576.67238366 -0.00000000
46.04999999999952 23255.22664537 13915.84147676 -0.00000000
46.09999999999952 23306.89793367 14241.34435713 -0.00000000
46.149999999999515 23359.05854406 14551.46274762 -0.00000000
46.19999999999951 23411.93901756 14845.52684614 -0.00000000
46.24999999999951 23464.99066765 15123.86131092 -0.00000000
46.29999999999951 23517.38723597 15386.89429572 -0.00000000
46.349999999999504 23568.53031845 15634.39460328 -0.00000000
46.3999999999995 23617.97844492 15865.70721107 -0.00000000
46.4499999999995 23665.32968424 16079.91918297 -0.00000000
46.499999999999496 23710.14622820 16276.04118951 -0.00000000
46.54999999999949 23752.38425414 16454.31423918 -0.00000000
46.59999999999949 23791.38102217 16612.47477124 -0.00000000
46.64999999999949 23828.18699128 16746.36621690 -0.00000000
46.699999999999484 23863.09574865 16858.97890888 -0.00000000
46.74999999999948 23896.17948217 16954.48771228 -0.00000000
46.79999999999948 23927.53526838 17034.13172479 -0.00000000
46.849999999999476 23957.43875810 17096.66293124 -0.00000000
46.89999999999947 23986.28378639 17139.90630788 -0.00000000
46.94999999999947 24013.58951061 17162.69431134 -0.00000000
46.99999999999947 24038.19760722 17165.43393924 -0.00000000
47.049999999999464 24059.73410600 17149.55762245 -0.00000000
47.09999999999946 24078.41557253 17115.92849745 -0.00000000
47.14999999999946 24094.64925781 17064.75006307 -0.00000000
47.199999999999456 24109.93936001 16997.76867185 -0.00000000
47.24999999999945 24124.40911307 16914.73984310 -0.00000000
47.29999999999945 24137.16135049 16813.68069624 -0.00000000
47.34999999999945 24147.77506978 16695.87376526 -0.00000000
47.399999999999444 24156.98930015 16564.13468653 -0.00000000
47.44999999999944 24164.47197662 16419.06798726 -0.00000000
47.49999999999944 24171.59843846 16260.02942856 -0.00000000
47.549999999999436 24175.25437416 16085.76057518 -0.00000000
47.59999999999943 24173.53840139 15894.83103760 -0.00000000
47.64999999999943 24166.06005707 15687.53478795 -0.00000000
47.69999999999943 24154.12511598 15465.31345136 -0.00000000
47.749999999999424 24139.31232244 15229.35024282 -0.00000000
47.79999999999942 24122.40507822 14979.74827785 -0.00000000
47.84999999999942 24103.50788175 14716.78924552 -0.00000000
47.899999999999416 24081.90188109 14440.43065829 -0.00000000
47.94999999999941 24057.22909891 14150.91407532 -0.00000000
47.99999999999941 24029.14788334 13848.24242832 -0.00000000
48.04999999999941 23997.54469506 13532.66686518 -0.00000000
48.099999999999405 23962.40292080 13204.49230901 -0.00000000
48.1499999999994 23923.32164070 12863.53050992 -0.00000000
48.1999999999994 23880.25544078 12510.00209244 -0.00000000
48.249999999999396 23833.26789050 12144.04564173 -0.00000000
48.29999999999939 23782.38527994 11765.57853081 -0.00000000
48.34999999999939 23727.48829202 11374.19428354 -0.00000000
48.39999999999939 23668.28705504 10968.75214449 -0.00000000
48.449999999999385 23605.07135482 10547.88678545 -0.00000000
48.49999999999938 23537.75388315 10113.01198901 -0.00000000
48.54999999999938 23466.48136721 9665.11652356 -0.00000000
48.599999999999376 23391.74221896 9204.28937474 -0.00000000
48.64999999999937 23314.30025736 8730.10678138 -0.00000000
48.69999999999937 23235.09657834 8242.40705649 -0.00000000
48.74999999999937 23154.97864356 7741.95244935 -0.00000000
48.799999999999365 23074.77567982 7230.23240727 -0.00000000
48.84999999999936 22995.39028077 6708.61247656 -0.00000000
48.89999999999936 22917.36262388 6178.34545401 -0.00000000
48.949999999999356 22841.14336534 5640.81486046 -0.00000000
48.99999999999935 22766.96903293 5096.36950661 -0.00000000
49.04999999999935 22694.97007875 4544.28286032 -0.00000000
49.09999999999935 22626.27411938 3984.98330437 -0.00000000
49.149999999999345 22562.50714492 3418.72194331 -0.00000000
49.19999999999934 22503.84271754 2844.22914726 -0.00000000
49.24999999999934 22453.65434828 2262.18242163 -0.00000000
49.299999999999336 22416.24828472 1672.99416637 -0.00000000
49.34999999999933 22392.03536051 1078.51785245 -0.00000000
49.39999999999933 22378.04188783 481.79743397 -0.00000000
49.44999999999933 22372.70624554 -118.67975227 -0.00000000
49.499999999999325 22375.80255163 -722.32663102 -0.00000000
49.54999999999932 22387.99157960 -1327.49481698 -0.00000000
49.59999999999932 22409.91460222 -1931.99581240 -0.00000000
49.64999999999932 22441.86339491 -2534.26489945 -0.00000000
49.699999999999314 22484.60943569 -3139.50975426 -0.00000000
49.74999999999931 22538.77807486 -3746.60504944 -0.00000000
49.79999999999931 22573.21339531 -4022.59601946 -0.00000000
49.849999999999305 22716.65728337 -5019.20094829 -0.00000000
49.8999999999993 22803.47304970 -5731.39098284 -0.00000000
49.9499999999993 22869.99064431 -6261.82971981 -0.00000000
49.9999999999993 22944.45824506 -6745.67291007 -0.00000000
50.049999999999294 23050.39863438 -7275.10582317 -0.00000000
