# (1): time [s] (2): displacement/rotation [m/rad] (3): support force/ moment [N]/[N m]
0.05 0.0 0.0
0.1 1.1512821412172027e-13 0.00018180318860564612
0.15000000000000002 2.695807269731111e-12 0.004257048207012297
0.2 1.286846700419309e-11 0.020321068572777167
0.25 3.8386090288534783e-11 0.06061688410437381
0.3 8.898224635593545e-11 0.14051513124053727
0.35 1.7498455596221829e-10 0.27632453498358023
0.39999999999999997 3.0519421747985684e-10 0.4819433907241948
0.44999999999999996 4.843787001954118e-10 0.7649001841988126
0.49999999999999994 7.03540185449628e-10 1.1109861297050994
0.5499999999999999 9.343961607599642e-10 1.4755392736956066
0.6 1.1463497350613202e-09 1.8102429424558117
0.65 1.3237405783670583e-09 2.0903673341043345
0.7000000000000001 1.4738958025113118e-09 2.3274829598740436
0.7500000000000001 1.6242148513695965e-09 2.5648572872627304
0.8000000000000002 1.811496980890222e-09 2.8606013720246746
0.8500000000000002 2.0689777164965673e-09 3.2671986522384526
0.9000000000000002 2.4160365399659807e-09 3.8152519788865513
0.9500000000000003 2.8535340873977837e-09 4.506120414022346
1.0000000000000002 3.3656817822747487e-09 5.314871636960821
1.0500000000000003 3.927507332999552e-09 6.202070985453297
1.1000000000000003 4.515206267817741e-09 7.1301279444288355
1.1500000000000004 5.115520420660625e-09 8.078106057218333
1.2000000000000004 5.7306778442550446e-09 9.049523723661578
1.2500000000000004 6.3774438187961365e-09 10.070855613070474
1.3000000000000005 7.077596749317955e-09 11.176492804192675
1.3500000000000005 7.854186131193385e-09 12.402833601184195
1.4000000000000006 8.725761389285658e-09 13.77917008168789
1.4500000000000006 9.707155421055082e-09 15.328925418512584
1.5000000000000007 1.081093701327894e-08 17.071947444185223
1.5500000000000007 1.2047724423824697e-08 19.025003839438714
1.6000000000000008 1.3426233183027444e-08 21.20185761812154
1.6500000000000008 1.4953442767894388e-08 23.61353032855172
1.7000000000000008 1.6635059507415698e-08 26.26903304428373
1.7500000000000009 1.8476325887871576e-08 29.176644367823762
1.800000000000001 2.048311431448765e-08 32.345637629805395
1.850000000000001 2.2663150957196915e-08 35.788213508752506
1.900000000000001 2.502715411855344e-08 39.52129766963466
1.950000000000001 2.758965735547779e-08 43.56784058562735
2.000000000000001 3.036932652498486e-08 47.957318196657646
2.0500000000000007 3.3388664241831236e-08 52.72526520762759
2.1000000000000005 3.6673105724395895e-08 57.91184730545808
2.1500000000000004 4.024962134592958e-08 63.55965439647468
2.2 4.414502944479554e-08 69.71103630313172
2.25 4.8389452673913014e-08 76.41356081228112
2.3 5.300867046736653e-08 83.70793717449858
2.3499999999999996 5.8018673223492426e-08 91.61941641471137
2.3999999999999995 6.342574751533818e-08 100.15792589116224
2.4499999999999993 6.92298399335188e-08 109.32338126313101
2.499999999999999 7.542902011870443e-08 119.11273422934765
2.549999999999999 8.20230897384899e-08 129.52567159583154
2.5999999999999988 8.901523963965166e-08 140.56723214584477
2.6499999999999986 9.641167773143328e-08 152.24721901673
2.6999999999999984 1.0421989572315953e-07 164.57746264165905
2.7499999999999982 1.1244652782858926e-07 177.56843935108182
2.799999999999998 1.210956132389144e-07 191.22652758006464
2.849999999999998 1.3016709057788244e-07 205.5516304071145
2.8999999999999977 1.3965716588083905e-07 220.53775664339128
2.9499999999999975 1.4955914036259744e-07 236.1743279913332
2.9999999999999973 1.5986366689748508e-07 252.44658406171226
3.049999999999997 1.7055955589685695e-07 269.3368549643945
3.099999999999997 1.8163459885489005e-07 286.8258617997316
3.149999999999997 1.930754255976337e-07 304.89249123529703
3.1999999999999966 2.0486593216981615e-07 323.5113129242386
3.2499999999999964 2.169872917534868e-07 342.65259674730777
3.2999999999999963 2.2941878154865826e-07 362.28361857043126
3.349999999999996 2.421383140386833e-07 382.36949918536726
3.399999999999996 2.5512254695709196e-07 402.87337796237455
3.4499999999999957 2.6834700679760067e-07 423.7566078894008
3.4999999999999956 2.817863510319825e-07 444.9791696499464
3.5499999999999954 2.9541458685382084e-07 466.50001704935426
3.599999999999995 3.092051079227296e-07 488.2771350389571
3.649999999999995 3.231304751276246e-07 510.2671935113118
3.699999999999995 3.371619572287439e-07 532.4248219111539
3.7499999999999947 3.5126896828338187e-07 554.7017208537253
3.7999999999999945 3.654182535774707e-07 577.0453765994547
3.8499999999999943 3.7957246555897906e-07 599.3968122581181
3.899999999999994 3.9369056401128773e-07 621.691219717305
3.949999999999994 4.077302906669348e-07 643.8618673958116
3.999999999999994 4.21648298431274e-07 665.8403043054625
4.049999999999994 4.3540290148046587e-07 687.5607028317891
4.099999999999993 4.48951095859035e-07 708.9551538502755
4.149999999999993 4.6224877537460864e-07 729.9540076536645
4.199999999999993 4.752498605324569e-07 750.4844984205183
4.249999999999993 4.87906490599041e-07 770.4710475098174
4.299999999999993 5.001699500630542e-07 789.8367264695942
4.3499999999999925 5.119916174455898e-07 808.5047553378963
4.399999999999992 5.233235138232219e-07 826.3993688357148
4.449999999999992 5.341183503313501e-07 843.4458913812608
4.499999999999992 5.443303066435963e-07 859.5719664153532
4.549999999999992 5.539141055073859e-07 874.7060949665872
4.599999999999992 5.628264214081771e-07 888.7798601247229
4.6499999999999915 5.710238411783536e-07 901.7247065633326
4.699999999999991 5.784633190304718e-07 913.4726590995042
4.749999999999991 5.85104081463868e-07 923.9593308017819
4.799999999999991 5.909087857042487e-07 933.1257523246434
4.849999999999991 5.958430466530722e-07 940.9176248969044
4.899999999999991 5.998746380975146e-07 947.2840589230585
4.94999999999999 6.02972500912534e-07 952.1760077987523
4.99999999999999 6.051059638215583e-07 955.545037385387
5.04999999999999 6.062444865920526e-07 957.3429204808127
5.09999999999999 6.063580169769057e-07 957.5222004785734
5.14999999999999 6.054178623551243e-07 956.0375678077193
5.1999999999999895 6.033978516621489e-07 952.8476947796172
5.249999999999989 6.002755244022133e-07 947.917113201009
5.299999999999989 5.960331220944362e-07 941.2177800029244
5.349999999999989 5.906582450697139e-07 932.7301144127623
5.399999999999989 5.841441390385432e-07 922.4434504840575
5.449999999999989 5.764896597724385e-07 910.3559813236104
5.4999999999999885 5.676990103363891e-07 896.4743441456156
5.549999999999988 5.577813504113198e-07 880.8130033384203
5.599999999999988 5.467503699588266e-07 863.3935772228591
5.649999999999988 5.346239442219775e-07 844.2442932513569
5.699999999999988 5.214240012583646e-07 823.3997788245083
5.749999999999988 5.071766627472857e-07 800.9012836448678
5.799999999999987 4.919126130138739e-07 776.7972624564952
5.849999999999987 4.75667590630765e-07 751.144151351195
5.899999999999987 4.5848288918477914e-07 724.0071585475616
5.949999999999987 4.404057715507809e-07 695.4609185860386
5.999999999999987 4.2148972247357596e-07 665.5898911902619
6.0499999999999865 4.0179446972947934e-07 634.4883946840694
6.099999999999986 3.8138569824163543e-07 602.2601545405092
6.149999999999986 3.6033453845739313e-07 569.0174954597743
6.199999999999986 3.3871708264112883e-07 534.8805775294452
6.249999999999986 3.1661403183280823e-07 499.9768387237968
6.299999999999986 2.941104536607334e-07 464.44061245701783
6.349999999999985 2.712956183455718e-07 428.41286861115424
6.399999999999985 2.482628859457923e-07 392.0410354812379
6.449999999999985 2.2510961077264275e-07 355.4788488334699
6.499999999999985 2.019370150786352e-07 318.8861524420713
6.549999999999985 1.788499830876608e-07 282.4285728346774
6.5999999999999845 1.5595674649572897e-07 246.27702265501182
6.649999999999984 1.333684498600597e-07 210.60701435284966
6.699999999999984 1.1119859696618754e-07 175.59778592199137
6.749999999999984 8.956239590355576e-08 141.4312666850946
6.799999999999984 6.857603718009844e-08 108.29093733791471
6.849999999999984 4.835594901056584e-08 76.36065394776531
6.8999999999999835 2.9018073515597203e-08 45.82350497290763
6.949999999999983 1.0677198074346908e-08 16.86075537694033
6.999999999999983 -6.553639142834231e-09 -10.349092116362913
7.049999999999983 -2.2563666916862696e-08 -35.63111460918118
7.099999999999983 -3.7244833109412976e-08 -58.814683003920145
7.149999999999983 -5.049221042101796e-08 -79.73410275072139
7.199999999999982 -6.220437678322328e-08 -98.22921453867536
7.249999999999982 -7.225985215363209e-08 -114.10818477400856
7.299999999999982 -8.054495127041186e-08 -127.19148888703755
7.349999999999982 -8.696842588667531e-08 -137.33503342191108
7.399999999999982 -9.145771298715136e-08 -144.424231457849
7.4499999999999815 -9.394941111091841e-08 -148.3589634208118
7.499999999999981 -9.438224862107024e-08 -149.04247302003594
7.549999999999981 -9.269460632434384e-08 -146.3774551257583
7.599999999999981 -8.882544698628124e-08 -140.2675236007249
7.649999999999981 -8.27167269607078e-08 -130.62101959281733
7.699999999999981 -7.431583656521727e-08 -117.35486522155291
7.7499999999999805 -6.357733524138348e-08 -100.3973036332627
7.79999999999998 -5.046375942893234e-08 -79.68917474484883
7.84999999999998 -3.494558534862997e-08 -55.18385647287714
7.89999999999998 -1.700063536591731e-08 -26.846327300603658
7.94999999999998 3.364284823564182e-09 5.31266564818675
7.99999999999998 2.612835174358569e-08 41.260239257872655
8.04999999999998 5.1271991084123856e-08 80.96548301703729
8.09999999999998 7.878063912809312e-08 124.40539882548164
8.14999999999998 1.0864352377347718e-07 171.56297606153066
8.199999999999982 1.4085045647974864e-07 222.42212562687553
8.249999999999982 1.753884695118411e-07 276.96236969510295
8.299999999999983 2.122390540762873e-07 335.15448035109875
8.349999999999984 2.513760905507512e-07 396.95721114053293
8.399999999999984 2.927643744975955e-07 462.3149694437826
8.449999999999985 3.3635871466132544e-07 531.1563920905883
8.499999999999986 3.8210370775547643e-07 603.3939897177619
8.549999999999986 4.299343256600834e-07 678.925074034263
8.599999999999987 4.79777332431981e-07 757.6339954741745
8.649999999999988 5.315533341781977e-07 839.3953802270178
8.699999999999989 5.85179065364983e-07 924.0777406322549
8.74999999999999 6.405694347210524e-07 1011.5467059401952
8.79999999999999 6.976389380865595e-07 1101.667253393666
8.84999999999999 7.563022636562565e-07 1194.304663989701
8.899999999999991 8.16474179578724e-07 1289.3243449833594
8.949999999999992 8.780690033306523e-07 1386.5909919571761
8.999999999999993 9.410000354374575e-07 1485.9676945886033
9.049999999999994 1.0051792821240414e-06 1587.3154986776447
9.099999999999994 1.0705176335530472e-06 1690.4936876094268
9.149999999999995 1.1369254822762771e-06 1795.3607589735334
9.199999999999996 1.2043136518279496e-06 1901.7758909397003
9.249999999999996 1.2725945720408095e-06 2009.600798242624
9.299999999999997 1.3416832710042368e-06 2118.701298619421
9.349999999999998 1.4114979241552436e-06 2228.9481798993734
9.399999999999999 1.481960150795684e-06 2340.2176682451404
9.45 1.552995261280609e-06 2452.391818496962
9.5 1.6245325543138113e-06 2565.358983642964
9.55 1.6965056710662654e-06 2679.0143740205867
9.600000000000001 1.768853053636525e-06 2793.260781288223
9.650000000000002 1.8415187069844214e-06 2908.0097816226926
9.700000000000003 1.914453406220141e-06 3023.1836421937305
9.750000000000004 1.987616003323453e-06 3138.7173846522865
9.800000000000004 2.060974328615752e-06 3254.5602086781137
9.850000000000005 2.1345056179594516e-06 3370.67616658601
9.900000000000006 2.208196777790449e-06 3487.044581848312
9.950000000000006 2.2820449996104696e-06 3603.661019462312
10.000000000000007 2.3560590683351683e-06 3720.5393520107627
10.050000000000008 2.430221017598317e-06 3837.6512081453125
10.100000000000009 2.5044887304299623e-06 3954.9300794128403
10.15000000000001 2.578826955670828e-06 4072.3202994138674
10.20000000000001 2.653251646380371e-06 4189.847060210127
10.25000000000001 2.7278786381187625e-06 4307.693281986332
10.300000000000011 2.80296248936569e-06 4426.260947381119
10.350000000000012 2.8788942767679155e-06 4546.167619881533
10.400000000000013 2.9561371979127065e-06 4668.144751798913
10.450000000000014 3.0351201841607363e-06 4792.869684388471
10.500000000000014 3.1161596946001898e-06 4920.842149811728
10.550000000000015 3.199437319337396e-06 5052.348903670703
10.600000000000016 3.285026663869489e-06 5187.506179107551
10.650000000000016 3.3729443685249173e-06 5326.340253475693
10.700000000000017 3.4631989595616886e-06 5468.8645909021
10.750000000000018 3.555888893927896e-06 5615.234668367285
10.800000000000018 3.651196701181183e-06 5765.738724995319
10.85000000000002 3.7493397203385094e-06 5920.719968805134
10.90000000000002 3.850548635287666e-06 6080.542681191003
10.95000000000002 3.9550554271628165e-06 6245.573192076557
11.000000000000021 4.06308382460829e-06 6416.164799575832
11.050000000000022 4.174886880792207e-06 6592.717109234718
11.100000000000023 4.290688036183614e-06 6775.58296409908
11.150000000000023 4.41061197281257e-06 6964.959254138937
11.200000000000024 4.534671692084303e-06 7160.866510350489
11.250000000000025 4.662761333485569e-06 7363.137564511752
11.300000000000026 4.794696893582831e-06 7571.481850047133
11.350000000000026 4.930265120823424e-06 7785.562613602595
11.400000000000027 5.069252955338596e-06 8005.043404519206
11.450000000000028 5.21145335298238e-06 8229.597271786684
11.500000000000028 5.356655291866183e-06 8458.890982995372
11.55000000000003 5.504628493802287e-06 8692.56089740687
11.60000000000003 5.655107103310863e-06 8930.187192874973
11.65000000000003 5.807776639182899e-06 9171.27326057976
11.700000000000031 5.962258942276568e-06 9415.22193554035
11.750000000000032 6.118109404394527e-06 9661.331120633346
11.800000000000033 6.274845661548796e-06 9908.839097180553
11.850000000000033 6.4319790164118745e-06 10156.974145294886
11.900000000000034 6.589010322600636e-06 10404.94804460199
11.950000000000035 6.745415881854229e-06 10651.933803956246
12.000000000000036 6.9006308054459394e-06 10897.039386835526
12.050000000000036 7.05403050005216e-06 11139.278474997336
12.100000000000037 7.204917271567238e-06 11377.549314071159
12.150000000000038 7.352520350658941e-06 11610.634753914006
12.200000000000038 7.496007753183662e-06 11837.220977827425
12.250000000000039 7.634503203395234e-06 12055.924226617664
12.30000000000004 7.767102219736971e-06 12265.316200260308
12.35000000000004 7.892884160981249e-06 12463.943080401443
12.400000000000041 8.010920184621332e-06 12650.338097746282
12.450000000000042 8.120278644436721e-06 12823.030055552732
12.500000000000043 8.220030005113873e-06 12980.551090489353
12.550000000000043 8.309256699831689e-06 13121.45223911041
12.600000000000044 8.387062235774603e-06 13244.317816705818
12.650000000000045 8.452571149645578e-06 13347.765347050068
12.700000000000045 8.504926321683284e-06 13430.441320868169
12.750000000000046 8.54329746103203e-06 13491.034595394762
12.800000000000047 8.566895803918064e-06 13528.299604803788
12.850000000000048 8.574987540106848e-06 13541.077562419992
12.900000000000048 8.56690283797563e-06 13528.31071254227
12.950000000000049 8.542040572977106e-06 13489.049797334192
13.00000000000005 8.499870671372521e-06 13422.457757898974
13.05000000000005 8.439936209342603e-06 13327.813049062588
13.100000000000051 8.361856360855309e-06 13204.514294459934
13.150000000000052 8.26533005741005e-06 13052.086065771262
13.200000000000053 8.150139607335593e-06 12870.184598088328
13.250000000000053 8.016153509682638e-06 12658.602233435464
13.300000000000054 7.863328016303053e-06 12417.269887506216
13.350000000000055 7.691707538363052e-06 12146.257691603227
13.400000000000055 7.501424458418181e-06 11845.774695878948
13.450000000000056 7.292698968146393e-06 11516.168613093992
13.500000000000057 7.065839246210442e-06 11157.926099486158
13.550000000000058 6.8212418562061765e-06 10771.673383185187
13.600000000000058 6.55939194532879e-06 10358.176577933937
13.650000000000059 6.280862820297763e-06 9918.34101341589
13.70000000000006 5.986314691582173e-06 9453.209252215247
13.75000000000006 5.676492610121024e-06 8963.957831616266
13.800000000000061 5.352223712111937e-06 8451.892912747966
13.850000000000062 5.014413660839899e-06 7918.4446617452895
13.900000000000063 4.664040669408526e-06 7365.157810824662
13.950000000000063 4.302141145480425e-06 6793.668989366593
14.000000000000064 3.929799299310625e-06 6205.690313579842
14.050000000000065 3.5481510651896575e-06 5603.015578996117
14.100000000000065 3.158391130704113e-06 4987.531360633425
14.150000000000066 2.76177512743125e-06 4361.220472402333
14.200000000000067 2.3596157385964623e-06 3726.155820565017
14.250000000000068 1.9532740683062146e-06 3084.4867745741967
14.300000000000068 1.5441498591108759e-06 2438.4237192675537
14.350000000000069 1.133674670820376e-06 1790.2272832851697
14.40000000000007 7.233076192485556e-07 1142.2016099643215
14.45000000000007 3.145309911971161e-07 496.6874327996888
14.500000000000071 -9.115562410155583e-08 -143.947191810682
14.550000000000072 -4.922426287737239e-07 -777.3184024558304
14.600000000000072 -8.872183506153527e-07 -1401.0390620736841
14.650000000000073 -1.274576693874132e-06 -2012.7308395817688
14.700000000000074 -1.6528239646951241e-06 -2610.0349881889533
14.750000000000075 -2.0204849479893854e-06 -3190.6219416017343
14.800000000000075 -2.376108712939951e-06 -3752.2004817118254
14.850000000000076 -2.7182746769080523e-06 -4292.527314333034
14.900000000000077 -3.045599110186927e-06 -4809.417341096756
14.950000000000077 -3.3567416039807886e-06 -5300.753873274966
15.000000000000078 -3.65041124445157e-06 -5764.498381444047
15.050000000000079 -3.92537263854728e-06 -6198.700011091516
15.10000000000008 -4.1804519655882925e-06 -6601.505138898058
15.15000000000008 -4.414543087621835e-06 -6971.167021822569
15.200000000000081 -4.626613652094628e-06 -7306.055434056519
15.250000000000082 -4.815711102613321e-06 -7604.6661588363695
15.300000000000082 -4.9809685308195605e-06 -7865.630229354291
15.350000000000083 -5.121610310020601e-06 -8087.722825031032
15.400000000000084 -5.236957444080715e-06 -8269.87171814667
15.450000000000085 -5.326432523023972e-06 -8411.16509941486
15.500000000000085 -5.389563970099728e-06 -8510.858284679825
15.550000000000086 -5.425988940616885e-06 -8568.378292571933
15.600000000000087 -5.435454485525699e-06 -8583.325681962451
15.650000000000087 -5.4178175765907016e-06 -8555.474591715018
15.700000000000088 -5.37304515519629e-06 -8484.772817756344
15.750000000000089 -5.301214902897255e-06 -8371.343029880836
15.80000000000009 -5.202516555045479e-06 -8215.484846146735
15.85000000000009 -5.07725306658536e-06 -8017.676673826449
15.900000000000091 -4.9258410111096875e-06 -7778.576339570339
15.950000000000092 -4.748810021626533e-06 -7499.020206301197
16.000000000000092 -4.546818141354615e-06 -7180.04741421863
16.050000000000093 -4.320657937683297e-06 -6822.909535577716
16.100000000000094 -4.071220525713629e-06 -6429.01376294217
16.150000000000095 -3.7995039431442643e-06 -5999.936134274079
16.200000000000095 -3.506579243846826e-06 -5537.367990054276
16.250000000000096 -3.1935840255476523e-06 -5043.1057526070035
16.300000000000097 -2.8617198370092597e-06 -4519.046831685009
16.350000000000097 -2.512255479485541e-06 -3967.1948379186156
16.400000000000098 -2.14653355958154e-06 -3389.6699306771156
16.4500000000001 -1.765976583287233e-06 -2788.7184413811874
16.5000000000001 -1.3720896975888848e-06 -2166.7172028820196
16.5500000000001 -9.664583526093948e-07 -1526.1698576613203
16.6000000000001 -5.50740770703553e-07 -869.694965503221
16.6500000000001 -1.2665655135083486e-07 -200.00800906223998
16.700000000000102 3.0402646487046637e-07 480.099349717311
16.750000000000103 7.394611131943796e-07 1167.7101851548293
16.800000000000104 1.1777676713199596e-06 1859.856158771238
16.850000000000104 1.6171137640768495e-06 2553.643699679208
16.900000000000105 2.0556339523642722e-06 3246.127024525301
16.950000000000106 2.4914487130469654e-06 3934.338109340279
17.000000000000107 2.9226627121692887e-06 4615.283962708123
17.050000000000107 3.3473836148679843e-06 5285.976329189673
17.100000000000108 3.7637422665506403e-06 5943.463558162277
17.15000000000011 4.16990278317882e-06 6584.84653775623
17.20000000000011 4.564065480850138e-06 7207.283321065366
17.25000000000011 4.944468331847142e-06 7807.99142544728
17.30000000000011 5.309390520661261e-06 8384.253447971278
17.35000000000011 5.657158708571314e-06 8933.426958044227
17.400000000000112 5.986154882188164e-06 9452.956891335496
17.450000000000113 6.294824340636456e-06 9940.388162628797
17.500000000000114 6.581682841959079e-06 10393.376950971782
17.550000000000114 6.845322587999014e-06 10809.700150622632
17.600000000000115 7.084417219501123e-06 11187.26325899864
17.650000000000116 7.297726084141875e-06 11524.1071164786
17.700000000000117 7.484098374505883e-06 11818.414440833434
17.750000000000117 7.642477513478639e-06 12068.516752360834
17.800000000000118 7.771905519364985e-06 12272.901267004052
17.85000000000012 7.8715269200947e-06 12430.2170774176
17.90000000000012 7.940591974902363e-06 12539.28024044019
17.95000000000012 7.978459221051302e-06 12599.077798719984
18.00000000000012 7.98459751182061e-06 12608.77099897469
18.05000000000012 7.958587701443213e-06 12567.69795273913
18.100000000000122 7.90012402746386e-06 12475.375819297455
18.150000000000123 7.809015139850124e-06 12331.502430790113
18.200000000000124 7.68518469028953e-06 12135.957222794574
18.250000000000124 7.528671425174404e-06 11888.801381161116
18.300000000000125 7.339628782317359e-06 11590.277205171444
18.350000000000126 7.118324033312333e-06 11240.806753209527
18.400000000000126 6.8651370254733e-06 10840.989856110844
18.450000000000127 6.580558567558348e-06 10391.601568000024
18.500000000000128 6.2651884844227795e-06 9893.589094322148
18.55000000000013 5.919733348639245e-06 9348.068209760853
18.60000000000013 5.545003897390953e-06 8756.319179159582
18.65000000000013 5.1419121628800746e-06 8119.782226044173
18.70000000000013 4.7114683503761295e-06 7440.052602634473
18.75000000000013 4.254777464646392e-06 6718.875262516775
18.800000000000132 3.773035679652829e-06 5958.139127898998
18.850000000000133 3.267526443774072e-06 5159.87093922375
18.900000000000134 2.739616235445438e-06 4326.228552743703
18.950000000000134 2.190749881415114e-06 3459.4935474080953
19.000000000000135 1.622445436167049e-06 2562.063138771464
19.050000000000136 1.0362886993569146e-06 1636.441521275547
19.100000000000136 4.33927471233141e-07 685.2307967737894
19.150000000000137 -1.829343745876294e-07 -288.87838536649537
19.200000000000138 -8.125429577416656e-07 -1283.116408288209
19.25000000000014 -1.4531005878960755e-06 -2294.644473203942
19.30000000000014 -2.102772123732786e-06 -3320.5646411009793
19.35000000000014 -2.7596916389820504e-06 -4357.930359319479
19.40000000000014 -3.4219692641942208e-06 -5403.757265645406
19.45000000000014 -4.087697783862929e-06 -6455.033606069885
19.500000000000142 -4.754959084622171e-06 -7508.730417373888
19.550000000000143 -5.421830726279585e-06 -8561.811903688078
19.600000000000144 -6.086392771436214e-06 -9611.24622139605
19.650000000000144 -6.746734866422763e-06 -10654.016660900657
19.700000000000145 -7.400963479137479e-06 -11687.133076159498
19.750000000000146 -8.047209162709121e-06 -12707.643355001686
19.800000000000146 -8.68363372405589e-06 -13712.644739262398
19.850000000000147 -9.308437218647234e-06 -14699.294870467953
19.900000000000148 -9.919864741157588e-06 -15664.822513206409
19.95000000000015 -1.051621301652772e-05 -16606.537963314426
20.00000000000015 -1.1095836820068971e-05 -17521.84318609953
20.05000000000015 -1.1657155243901127e-05 -18408.241711902152
20.10000000000015 -1.219865763555882e-05 -19263.348013966977
20.15000000000015 -1.271890905442276e-05 -20084.896124893785
20.200000000000152 -1.3216555308119517e-05 -20870.747589801165
20.250000000000153 -1.3690327663454853e-05 -21618.898905534305
20.300000000000153 -1.4139047244624203e-05 -22327.48846604054
20.350000000000154 -1.456162907247851e-05 -22994.802940922338
20.400000000000155 -1.4957085650078575e-05 -23619.282937517753
20.450000000000156 -1.5324529868120515e-05 -24199.527588964407
20.500000000000156 -1.566317709396394e-05 -24734.29785306056
20.550000000000157 -1.597234664731285e-05 -25222.518842567
20.600000000000158 -1.6251462892483015e-05 -25663.28155004652
20.65000000000016 -1.6500056018622427e-05 -26055.844079938695
20.70000000000016 -1.6717762459259926e-05 -26399.63231108451
20.75000000000016 -1.6904324889345213e-05 -26694.23989205214
20.80000000000016 -1.7059591831298186e-05 -26939.427619034977
20.85000000000016 -1.718351698269453e-05 -27135.122374175302
20.900000000000162 -1.7276158344540163e-05 -27281.415748990432
20.950000000000163 -1.733767711214402e-05 -27378.562292909253
21.000000000000163 -1.736833619090664e-05 -27426.977169499478
21.050000000000164 -1.7368498185057006e-05 -27427.232980408182
21.100000000000165 -1.7338622786465782e-05 -27380.055641940944
21.150000000000166 -1.7279263639571696e-05 -27286.31943435202
21.200000000000166 -1.719106483183608e-05 -27147.041459792294
21.250000000000167 -1.7074757010058435e-05 -26963.37550944065
21.300000000000168 -1.6931152995783202e-05 -26736.60513963186
21.35000000000017 -1.676114288571098e-05 -26468.135934736107
21.40000000000017 -1.6565688740525883e-05 -26159.487120091304
21.45000000000017 -1.6345818807146113e-05 -25812.282438146955
21.50000000000017 -1.610262220554579e-05 -25428.24175822943
21.55000000000017 -1.5837243945535326e-05 -25009.173207356995
21.600000000000172 -1.555088019883036e-05 -24556.965704190316
21.650000000000173 -1.524477376023654e-05 -24073.581791622735
21.700000000000173 -1.4920209431528112e-05 -23561.050347293567
21.750000000000174 -1.4578509369240892e-05 -23021.45923711717
21.800000000000175 -1.4221027763273885e-05 -22456.9469120675
21.850000000000176 -1.3849145175340256e-05 -21869.69346781818
21.900000000000176 -1.3464262955043157e-05 -21261.911826962933
21.950000000000177 -1.306779782970856e-05 -20635.839195622008
22.000000000000178 -1.2661176684882331e-05 -19993.728821133536
22.05000000000018 -1.2245831538482979e-05 -19337.842055553672
22.10000000000018 -1.1823194685756879e-05 -18670.44068887718
22.15000000000018 -1.1394693982092283e-05 -17993.779499955905
22.20000000000018 -1.096174820405205e-05 -17310.098930935274
22.25000000000018 -1.0525775050919079e-05 -16621.6377227884
22.300000000000182 -1.0088255223309083e-05 -15930.734104205443
22.350000000000183 -9.650629603461801e-06 -15239.663425217572
22.400000000000183 -9.214289103636605e-06 -14550.622126425846
22.450000000000184 -8.780568283475869e-06 -13865.717659945449
22.500000000000185 -8.350742941455441e-06 -13186.96468597672
22.550000000000185 -7.926036460593715e-06 -12516.295093547269
22.600000000000186 -7.50762600093095e-06 -11855.56777928336
22.650000000000187 -7.096645389348439e-06 -11206.573210829416
22.700000000000188 -6.69418443067692e-06 -10571.032338994044
22.75000000000019 -6.3011687860830244e-06 -9950.406909301104
22.80000000000019 -5.918423964596864e-06 -9346.00051335967
22.85000000000019 -5.546796295681356e-06 -8759.149621088456
22.90000000000019 -5.187214395250446e-06 -8191.3206439612595
22.95000000000019 -4.84057215837245e-06 -7643.925164490133
23.000000000000192 -4.507675113413731e-06 -7118.23522208466
23.050000000000193 -4.1892274912112275e-06 -6615.362893507657
23.100000000000193 -3.885841858490858e-06 -6136.275505359779
23.150000000000194 -3.5980526192198784e-06 -5681.816954560576
23.200000000000195 -3.3263228636081064e-06 -5252.718523857715
23.250000000000195 -3.071044964346863e-06 -4849.5998233697765
23.300000000000196 -2.8325390869445464e-06 -4472.966438202484
23.350000000000197 -2.611052365623704e-06 -4123.208627077518
23.400000000000198 -2.406759035667903e-06 -3800.601531326322
23.4500000000002 -2.2197606833571346e-06 -3505.305569572271
23.5000000000002 -2.050086061458561e-06 -3237.3661463653375
23.5500000000002 -1.8976906419540686e-06 -2996.712945877754
23.6000000000002 -1.7624564484337618e-06 -2783.1596672304277
23.6500000000002 -1.6441925688511222e-06 -2596.404834203432
23.700000000000202 -1.5426363604387682e-06 -2436.0336979627095
23.750000000000203 -1.4574551206564548e-06 -2301.5208757153864
23.800000000000203 -1.3882480151309935e-06 -2192.233395190467
23.850000000000204 -1.3345480304099208e-06 -2107.433778303822
23.900000000000205 -1.2958239405884772e-06 -2046.283146731038
23.950000000000205 -1.2714824381624694e-06 -2007.8445868153815
24.000000000000206 -1.260870562511646e-06 -1991.0869844750328
24.050000000000207 -1.263278466901664e-06 -1994.8893946774526
24.100000000000207 -1.2779424874079609e-06 -2018.0458876897105
24.150000000000208 -1.3040484560090422e-06 -2059.2707809056997
24.20000000000021 -1.3407352066702571e-06 -2117.2041754317147
24.25000000000021 -1.3870982742558197e-06 -2190.4177971741906
24.30000000000021 -1.442193609615334e-06 -2277.4208634691913
24.35000000000021 -1.5050413244525858e-06 -2376.665996742175
24.40000000000021 -1.574629553541323e-06 -2486.5553234746894
24.450000000000212 -1.6499185328804873e-06 -2605.446914168984
24.500000000000213 -1.7298449845718373e-06 -2731.661707669209
24.550000000000214 -1.8133268176930424e-06 -2863.4909344826574
24.600000000000215 -1.899268027040434e-06 -2999.203852564251
24.650000000000215 -1.9865636079621815e-06 -3137.05550851
24.700000000000216 -2.0741043501727944e-06 -3275.2943076454385
24.750000000000217 -2.160781476416782e-06 -3412.1693391096687
24.800000000000217 -2.2454911788548272e-06 -3545.937539429269
24.850000000000218 -2.3271392037162944e-06 -3674.870932311347
24.90000000000022 -2.40464545089304e-06 -3797.263892030952
24.95000000000022 -2.4769485183635613e-06 -3911.4403196980425
25.00000000000022 -2.543010215099172e-06 -4015.7607697532767
25.05000000000022 -2.6018200257780857e-06 -4108.629500361891
25.10000000000022 -2.6523994797338614e-06 -4188.50137258055
25.150000000000222 -2.6938063854459426e-06 -4253.888537196782
25.200000000000223 -2.7251389120457314e-06 -4303.366879985026
25.250000000000224 -2.7455395123309108e-06 -4335.582216682541
25.300000000000225 -2.754198681745575e-06 -4349.256228932901
25.350000000000225 -2.7503585373026184e-06 -4343.1921158936975
25.400000000000226 -2.73331618791311e-06 -4316.279916447363
25.450000000000227 -2.702426862739733e-06 -4267.501449298908
25.500000000000227 -2.6571067710662685e-06 -4195.9348291007955
25.550000000000228 -2.5968356792222583e-06 -4100.758535769259
25.60000000000023 -2.5211591867244644e-06 -3981.2550088228218
25.65000000000023 -2.42969065825566e-06 -3836.8136982409214
25.70000000000023 -2.3221127746646593e-06 -3666.933513704982
25.75000000000023 -2.198178680054549e-06 -3471.2246360075474
25.80000000000023 -2.0577126841748963e-06 -3249.409626225592
25.850000000000232 -1.9006104762572943e-06 -3001.323763396085
25.900000000000233 -1.726838806902475e-06 -2726.9145421722496
25.950000000000234 -1.5364346805157518e-06 -2426.2403975687334
26.000000000000234 -1.3295042882337549e-06 -2099.4690199070465
26.050000000000235 -1.1062218760077777e-06 -1746.87556736443
26.100000000000236 -8.668280800814911e-07 -1368.8400374656196
26.150000000000237 -6.11627786752254e-07 -965.8438873533742
26.200000000000237 -3.409876458356206e-07 -538.4661072090145
26.250000000000238 -5.533333311102227e-08 -87.3788972799182
26.30000000000024 2.4485327933416494e-07 386.6568005340217
26.35000000000024 5.590368822681752e-07 882.7956597768408
26.40000000000024 8.866310869434931e-07 1400.1116924544224
26.45000000000024 1.227000563937586e-06 1937.6016265564033
26.50000000000024 1.5794631849752495e-06 2494.188288286454
26.550000000000242 1.9432923197542713e-06 3068.7242290639842
26.600000000000243 2.317719591639361e-06 3659.9960771415786
26.650000000000244 2.701938154278779e-06 4266.729711830574
26.700000000000244 3.095105722264198e-06 4887.595049327293
26.750000000000245 3.49634695542543e-06 5521.2098078403515
26.800000000000246 3.9047562348506664e-06 6166.143891306119
26.850000000000247 4.319401686384012e-06 6820.925743041349
26.900000000000247 4.739330276442063e-06 7484.05039273418
26.950000000000248 5.1635728448117e-06 8153.987403919848
27.00000000000025 5.591147677404573e-06 8829.186515848434
27.05000000000025 6.0210633630137076e-06 9508.082154694075
27.10000000000025 6.4523220242090175e-06 10189.098535580657
27.15000000000025 6.883922638776507e-06 10870.654907588363
27.20000000000025 7.3148638683008185e-06 11551.170020472204
27.250000000000252 7.744146219290542e-06 12229.06553737431
27.300000000000253 8.170774011045852e-06 12902.769142355948
27.350000000000254 8.593757377242835e-06 13570.717701172802
27.400000000000254 9.012113613171333e-06 14231.359388747696
27.450000000000255 9.424867211324066e-06 14883.153745370684
27.500000000000256 9.831048696888759e-06 15524.569837781932
27.550000000000257 1.0229692494142123e-05 16154.082889916137
27.600000000000257 1.0619834313005155e-05 16770.170155916072
27.650000000000258 1.1000511660810237e-05 17371.311728282803
27.70000000000026 1.1370761580021431e-05 17955.986965426764
27.75000000000026 1.1729617900067982e-05 18522.670151937193
27.80000000000026 1.2076109223179012e-05 19069.827317939737
27.85000000000026 1.2409255175606425e-05 19595.910319264967
27.90000000000026 1.2728061709760405e-05 20099.349418878115
27.950000000000262 1.3031520032576164e-05 20578.551594623652
28.000000000000263 1.331861025838502e-05 21031.906307608104
28.050000000000264 1.3588306563986957e-05 21457.793642764333
28.100000000000264 1.3839582013664621e-05 21854.591928208232
28.150000000000265 1.4071412647437785e-05 22220.684191151424
28.200000000000266 1.428278111111811e-05 22554.463890253955
28.250000000000266 1.4472680354238296e-05 22854.34075515996
28.300000000000267 1.4640117895541625e-05 23118.747522288748
28.350000000000268 1.4784121001613737e-05 23346.148112602325
28.40000000000027 1.490374292326667e-05 23535.047479708333
28.45000000000027 1.4998069927994985e-05 23684.002715069637
28.50000000000027 1.5066228851366925e-05 23791.63497268327
28.55000000000027 1.5107394857104678e-05 23856.641723308006
28.60000000000027 1.512079907699983e-05 23877.808818935264
28.650000000000272 1.510573587902841e-05 23854.021970136353
28.700000000000273 1.5061569343448408e-05 23784.27697270575
28.750000000000274 1.4987739620856614e-05 23667.689747902044
28.800000000000274 1.4883769656562849e-05 23503.506961154068
28.850000000000275 1.4749272011944525e-05 23291.11679391228
28.900000000000276 1.4584126204538993e-05 23030.328987897705
28.950000000000276 1.4388373573517068e-05 22721.208823312296
29.000000000000277 1.4162065106672792e-05 22363.836816853087
29.050000000000278 1.3905247963278677e-05 21958.287439458247
29.10000000000028 1.3617986508584368e-05 21504.66233265596
29.15000000000028 1.3300405531971656e-05 21003.15855593931
29.20000000000028 1.2952460658462001e-05 20453.70603515093
29.25000000000028 1.257422032905001e-05 19856.412847977477
29.30000000000028 1.2166204608924606e-05 19212.100248447347
29.350000000000282 1.1729332758519877e-05 18522.219874452694
29.400000000000283 1.1264620912230862e-05 17788.376341113108
29.450000000000284 1.0773051865904468e-05 17012.121617423145
29.500000000000284 1.025559454675572e-05 16194.98577191172
29.550000000000285 9.713275847420208e-06 15338.59040843095
29.600000000000286 9.147227764144468e-06 14444.72310380272
29.650000000000286 8.558690252101053e-06 13515.34191675154
29.700000000000287 7.94898959755876e-06 12552.541234604712
29.750000000000288 7.319514921991038e-06 11558.514670067516
29.80000000000029 6.671707592109258e-06 10535.53833821805
29.85000000000029 6.007062245947451e-06 9485.972476835308
29.90000000000029 5.327128394453616e-06 8412.2639755308
29.95000000000029 4.633505980453679e-06 7316.939362745518
30.00000000000029 3.927835002668486e-06 6202.588420654354
30.050000000000292 3.2117816006496155e-06 5071.842211377482
30.100000000000293 2.4870246692412795e-06 3927.3519393858455
30.150000000000293 1.7552457519024738e-06 2771.7729916752082
30.200000000000294 1.0181209597222912e-06 1607.7521767866313
30.250000000000295 2.7731287996541676e-07 437.9149472936707
30.300000000000296 -4.655402671977835e-07 -735.1517232031294
30.350000000000296 -1.208838253346273e-06 -1908.9208552690475
30.400000000000297 -1.9510329957381485e-06 -3080.9478146252454
30.450000000000298 -2.690640360491818e-06 -4248.888950985392
30.5000000000003 -3.4262503932684087e-06 -5410.517753701764
30.5500000000003 -4.156537960268843e-06 -6563.741655354296
30.6000000000003 -4.880272959574307e-06 -7706.618156853115
30.6500000000003 -5.596329207564153e-06 -8837.368860307211
30.7000000000003 -6.303691721406145e-06 -9954.390969072101
30.750000000000302 -7.001462638860404e-06 -11056.266635929496
30.800000000000303 -7.688866367881924e-06 -12141.771095013659
30.850000000000303 -8.365254145313717e-06 -13209.87986061108
30.900000000000304 -9.03010756556917e-06 -14259.774299432285
30.950000000000305 -9.683040656183966e-06 -15290.844908192072
31.000000000000306 -1.0323800959025381e-05 -16302.693020986788
31.050000000000306 -1.0952270179675444e-05 -17295.13183475912
31.100000000000307 -1.1568460885644285e-05 -18268.181195325586
31.150000000000308 -1.2172510776209251e-05 -19222.058548669193
31.20000000000031 -1.2764675198855352e-05 -20157.16712337583
31.25000000000031 -1.3345318151242063e-05 -21074.081721509814
31.30000000000031 -1.3914900862727964e-05 -21973.53068728032
31.35000000000031 -1.447396689954206e-05 -22856.372386070718
31.40000000000031 -1.5023125755620525e-05 -23723.56929212659
31.450000000000312 -1.5563037565574034e-05 -24576.163848241355
31.500000000000313 -1.6094399723833527e-05 -25415.25733555819
31.550000000000313 -1.661793372694263e-05 -26241.98909575108
31.600000000000314 -1.713437596033652e-05 -27057.52198208912
31.650000000000315 -1.7644470743302827e-05 -27863.031376479037
31.700000000000315 -1.8148961514544027e-05 -28659.691270263214
31.750000000000316 -1.864857784024873e-05 -29448.653748188208
31.800000000000317 -1.9144020074479366e-05 -30231.024765059927
31.850000000000318 -1.96359424821249e-05 -31007.83749457878
31.90000000000032 -2.0124933083048424e-05 -31780.020500493363
31.95000000000032 -2.0611491971871736e-05 -32548.363500576517
32.00000000000032 -2.1096009846845374e-05 -33313.48346077592
32.05000000000032 -2.157874558153834e-05 -34075.789177846134
32.100000000000314 -2.2059805116477126e-05 -34835.44794636098
32.15000000000031 -2.2539129237649176e-05 -35592.36625929986
32.20000000000031 -2.3016488846421538e-05 -36346.18233860258
32.250000000000306 -2.349148590134593e-05 -37096.26762240838
32.3000000000003 -2.3963559708090585e-05 -37841.736697718145
32.3500000000003 -2.443199470033435e-05 -38581.45958748987
32.4000000000003 -2.4895923548420816e-05 -39314.066659628515
32.450000000000294 -2.5354333213388463e-05 -40037.95818712717
32.50000000000029 -2.5806072601923768e-05 -40751.31643628453
32.55000000000029 -2.6249859311606557e-05 -41452.116318369364
32.600000000000286 -2.6684290585667827e-05 -42138.14268868072
32.65000000000028 -2.710785378801881e-05 -42807.00688805076
32.70000000000028 -2.7518934765473464e-05 -43456.15994793725
32.75000000000028 -2.7915821795039838e-05 -44082.89882373622
32.800000000000274 -2.8296686430590372e-05 -44684.336149056035
32.85000000000027 -2.8659571042512106e-05 -45257.38055912169
32.90000000000027 -2.900240580470149e-05 -45798.76351556181
32.950000000000266 -2.93230331003598e-05 -46305.077846495995
33.00000000000026 -2.9619224403848675e-05 -46772.8044052925
33.05000000000026 -2.9888694005184944e-05 -47198.33374342183
33.10000000000026 -3.0129116784145382e-05 -47577.994178197834
33.150000000000254 -3.0338146401316935e-05 -47908.08051893294
33.20000000000025 -3.0513431014234483e-05 -48184.87888486802
33.25000000000025 -3.065262804595855e-05 -48404.690026775614
33.300000000000246 -3.0753421815344184e-05 -48563.85716756454
33.35000000000024 -3.0813531223416836e-05 -48658.77814011826
33.40000000000024 -3.0830731160442176e-05 -48685.939191984464
33.45000000000024 -3.080288555749945e-05 -48641.96717832774
33.500000000000234 -3.0727976561973674e-05 -48523.675634020154
33.55000000000023 -3.060412642440304e-05 -48328.09933596533
33.60000000000023 -3.0429615165518602e-05 -48052.52220176925
33.650000000000226 -3.0202896411642648e-05 -47694.502295999075
33.70000000000022 -2.9922612741866346e-05 -47251.89606547465
33.75000000000022 -2.9587612999152913e-05 -46722.88567586692
33.80000000000022 -2.9196971333867868e-05 -46106.00908403553
33.850000000000215 -2.875000476704104e-05 -45400.18777282052
33.90000000000021 -2.8246287127947304e-05 -44604.74876038758
33.95000000000021 -2.7685659966351557e-05 -43719.44183215468
34.000000000000206 -2.7068240894572674e-05 -42744.45271405142
34.0500000000002 -2.6394427553536854e-05 -41680.409335459444
34.1000000000002 -2.566489613600192e-05 -40528.37949718172
34.1500000000002 -2.4880595363814505e-05 -39289.86136070833
34.200000000000195 -2.4042734933088258e-05 -37966.76520157323
34.25000000000019 -2.3152772679674636e-05 -36561.393141878114
34.30000000000019 -2.2212400915033577e-05 -35076.417572764265
34.350000000000186 -2.122353034415765e-05 -33514.8557586163
34.40000000000018 -2.018827149242758e-05 -31880.040507528007
34.45000000000018 -1.9108914114446268e-05 -30175.587655036386
34.50000000000018 -1.7987905098703992e-05 -28405.361172567456
34.550000000000175 -1.68278254960402e-05 -26573.43689223713
34.60000000000017 -1.5631367334755915e-05 -24684.065894744224
34.65000000000017 -1.4401313062428367e-05 -22741.642045185385
34.700000000000166 -1.3140514712434415e-05 -20750.669094147543
34.75000000000016 -1.1851857556273252e-05 -18715.70327975658
34.80000000000016 -1.0538219776131779e-05 -16641.289645145134
34.85000000000016 -9.202443488060584e-06 -14531.916280086212
34.900000000000155 -7.847311545572109e-06 -12391.97769070365
34.95000000000015 -6.475937749116554e-06 -10226.390993577832
35.00000000000015 -5.091598142949317e-06 -8040.329510436956
35.050000000000146 -3.6959677710463894e-06 -5836.438364704619
35.10000000000014 -2.2905769976257787e-06 -3617.134210688229
35.15000000000014 -8.778456014922103e-07 -1386.2382099143124
35.20000000000014 5.394687241337581e-07 851.8948630336959
35.250000000000135 1.9587482628084357e-06 3093.131276038443
35.30000000000013 3.377707762222875e-06 5333.8623033005715
35.35000000000013 4.7943369691192704e-06 7570.9134801159935
35.40000000000013 6.206776678166725e-06 9801.348867106093
35.450000000000124 7.613257366561999e-06 12022.374145863403
35.50000000000012 9.012088450292491e-06 14231.319653122133
35.55000000000012 1.0401667386778748e-05 16425.654755075066
35.600000000000115 1.1780482482214025e-05 18602.9922805465
35.65000000000011 1.3147105998454647e-05 20761.077635829803
35.70000000000011 1.4500184825144288e-05 22897.774074696506
35.75000000000011 1.5838435187564404e-05 25011.05434136867
35.800000000000104 1.7160636639330926e-05 27098.991184165723
35.8500000000001 1.8465622438152947e-05 29159.74215751179
35.9000000000001 1.97522735585587e-05 31191.5401672115
35.950000000000095 2.1019517103308256e-05 33192.69096185347
36.00000000000009 2.2266320109496785e-05 35161.56335180063
36.05000000000009 2.3491673529358384e-05 37096.56391268958
36.10000000000009 2.4694571584131728e-05 38996.10438236203
36.150000000000084 2.5873996362098534e-05 40858.57733906203
36.20000000000008 2.70289102679876e-05 42682.34427801275
36.25000000000008 2.8158251371892066e-05 44465.72826672102
36.300000000000075 2.9260931241387508e-05 46207.010521595395
36.35000000000007 3.0335833811585403e-05 47904.42862360618
36.40000000000007 3.138180987640401e-05 49556.16781924903
36.45000000000007 3.239766980113713e-05 51160.34951269484
36.500000000000064 3.338217512644668e-05 52715.01800734621
36.55000000000006 3.433403488372447e-05 54218.13468729
36.60000000000006 3.525191349694457e-05 55667.590495402466
36.650000000000055 3.613443679976283e-05 57061.215435171915
36.70000000000005 3.6980193085580634e-05 58396.78022889293
36.75000000000005 3.778772625234066e-05 59671.98549236179
36.80000000000005 3.8555537534892424e-05 60884.464470518426
36.850000000000044 3.9282092596743154e-05 62031.79423629054
36.90000000000004 3.996583474420789e-05 63111.516557543066
36.95000000000004 4.0605202788499915e-05 64121.166103760734
37.000000000000036 4.119864634195414e-05 65058.294600875925
37.05000000000003 4.174463904983639e-05 65920.4917261043
37.10000000000003 4.2241693257643096e-05 66705.40826961615
37.15000000000003 4.268837369375747e-05 67410.77774132094
37.200000000000024 4.3083307679731804e-05 68034.43249429886
37.25000000000002 4.342519245197927e-05 68574.3152867531
37.30000000000002 4.37127934248449e-05 69028.47653916146
37.350000000000016 4.3944939569101786e-05 69395.06703629006
37.40000000000001 4.4120529275297205e-05 69672.34718621842
37.45000000000001 4.423852661457099e-05 69858.68111566055
37.50000000000001 4.429795314805226e-05 69952.52373588267
37.550000000000004 4.4297882839193345e-05 69952.41270858294
37.6 4.4237433578525015e-05 69856.95506232137
37.65 4.411574871221802e-05 69664.79802359345
37.699999999999996 4.3931973837556795e-05 69374.59237371088
37.74999999999999 4.36852425841773e-05 68984.9699954324
37.79999999999999 4.337469824783622e-05 68494.57803564274
37.84999999999999 4.299953080972742e-05 67902.1373639141
37.899999999999984 4.255901394015455e-05 67206.50100636361
37.94999999999998 4.2052538117452565e-05 66406.70644495805
37.99999999999998 4.147964127523317e-05 65502.02401370385
38.049999999999976 4.084003677469019e-05 64492.00107074135
38.09999999999997 4.013364055821702e-05 63376.504877618725
38.14999999999997 3.936059711225084e-05 62155.76359817215
38.19999999999997 3.852130359670209e-05 60830.404402193635
38.249999999999964 3.761643140063171e-05 59401.487504792094
38.29999999999996 3.664694324325934e-05 57870.533171223076
38.34999999999996 3.561410497208464e-05 56239.54034773519
38.399999999999956 3.451949201056263e-05 54510.996843330846
38.44999999999995 3.3364993575911684e-05 52687.88599026177
38.49999999999995 3.215282282562141e-05 50773.70266675191
38.54999999999995 3.0885516007612934e-05 48772.45195498438
38.599999999999945 2.9565911243911246e-05 46688.6156376198
38.64999999999994 2.8197118962164082e-05 44527.10550512237
38.69999999999994 2.678249254778841e-05 42293.217011487264
38.749999999999936 2.5325597936320078e-05 39992.58125640387
38.79999999999993 2.383018051072899e-05 37631.112711591144
38.84999999999993 2.230012829436569e-05 35214.951097428624
38.89999999999993 2.0739429042645425e-05 32750.393624859793
38.949999999999925 1.9152136388719155e-05 30243.841534778592
38.99999999999992 1.7542342321178344e-05 27701.75663656286
39.04999999999992 1.591415252944111e-05 25130.62237506869
39.099999999999916 1.4271663428543963e-05 22536.907549635762
39.14999999999991 1.2618923351989395e-05 19927.005032288605
39.19999999999991 1.0959849850084377e-05 17307.10117050741
39.24999999999991 9.298180423326722e-06 14683.09798851013
39.299999999999905 7.63747967213176e-06 12060.62447764834
39.3499999999999 5.981158159481031e-06 9445.06638310808
39.3999999999999 4.332467773937599e-06 6841.558881477174
39.449999999999896 2.69447320232503e-06 4254.941532205512
39.49999999999989 1.0699650120769371e-06 1689.6210227529864
39.54999999999989 -5.386078930816414e-07 -850.5354931232055
39.59999999999989 -2.1291033129963994e-06 -3362.145188531711
39.649999999999885 -3.6996263071647157e-06 -5842.215693372615
39.69999999999988 -5.248492576112098e-06 -8288.087268524925
39.74999999999988 -6.774219427192059e-06 -10697.418539609564
39.799999999999876 -8.275531243312139e-06 -13068.195132855355
39.84999999999987 -9.751365195174245e-06 -15398.738695507409
39.89999999999987 -1.1200869590298487e-05 -17687.70428871006
39.94999999999987 -1.2623393555154705e-05 -19934.064094182064
39.999999999999865 -1.4017517536300865e-05 -22135.57644297956
40.04999999999986 -1.538254015163223e-05 -24291.133756877312
40.09999999999986 -1.6719377482819732e-05 -26402.182654065906
40.14999999999986 -1.8028929614321994e-05 -28470.144490950814
40.199999999999854 -1.9311258268482317e-05 -30495.116735549807
40.24999999999985 -2.056603882110451e-05 -32476.586761879622
40.29999999999985 -2.179297725857878e-05 -34414.0902822575
40.349999999999845 -2.2992003317780623e-05 -36307.5163416046
40.39999999999984 -2.416325226714605e-05 -38157.07854727313
40.44999999999984 -2.530695629469853e-05 -39963.14355589322
40.49999999999984 -2.642335430634199e-05 -41726.08863254661
40.549999999999834 -2.751264489031875e-05 -43446.22737521576
40.59999999999983 -2.857497048965906e-05 -45123.784720918
40.64999999999983 -2.9610404201667606e-05 -46758.876100290145
40.699999999999825 -3.061892966120573e-05 -48351.47567054104
40.74999999999982 -3.1600426690954036e-05 -49901.393655254644
40.79999999999982 -3.255466442683901e-05 -51408.265488498786
40.84999999999982 -3.3481299988909554e-05 -52871.54971595756
40.899999999999814 -3.437987587809818e-05 -54290.52388406138
40.94999999999981 -3.5249805094611516e-05 -55664.26103989118
40.99999999999981 -3.609038618263638e-05 -56991.65348882601
41.049999999999805 -3.6900826368296826e-05 -58271.44933254024
41.0999999999998 -3.7680254930566516e-05 -59502.273583502116
41.1499999999998 -3.842773009965853e-05 -60682.639058474204
41.1999999999998 -3.914224367854943e-05 -61810.95367653176
41.249999999999794 -3.982272304791614e-05 -62885.52362513212
41.29999999999979 -4.046805097543845e-05 -63904.58464171132
41.34999999999979 -4.10770840938278e-05 -64866.33119301768
41.399999999999785 -4.1648660780173544e-05 -65768.92891767656
41.44999999999978 -4.2181610954710794e-05 -66610.53009978443
41.49999999999978 -4.267477143637974e-05 -67389.29791743614
41.54999999999978 -4.3127000621055964e-05 -68103.42962165718
41.599999999999774 -4.35371884548105e-05 -68751.17228554472
41.64999999999977 -4.390426230630249e-05 -69330.83207757834
41.69999999999977 -4.4227190546654954e-05 -69840.77991473333
41.749999999999766 -4.450498590071203e-05 -70279.45675457396
41.79999999999976 -4.473671101645453e-05 -70645.38239012197
41.84999999999976 -4.4921489741422525e-05 -70937.17325686946
41.89999999999976 -4.505851913262463e-05 -71153.56139806737
41.949999999999754 -4.5147075871321656e-05 -71293.4045945458
41.99999999999975 -4.51865161267919e-05 -71355.68614958088
42.04999999999975 -4.5176272323778066e-05 -71339.50978425141
42.099999999999746 -4.5115851542231894e-05 -71244.09711041696
42.14999999999974 -4.500483791398035e-05 -71068.79141538138
42.19999999999974 -4.484289967338508e-05 -70813.06879584798
42.24999999999974 -4.462979452563453e-05 -70476.5466351866
42.299999999999734 -4.43653720150365e-05 -70058.98734329133
42.34999999999973 -4.404957119188137e-05 -69560.29467223861
42.39999999999973 -4.368242372063872e-05 -68980.51862455456
42.449999999999726 -4.326406998440834e-05 -68319.88088434472
42.49999999999972 -4.2794778409338096e-05 -67578.80533319153
42.54999999999972 -4.227496011877135e-05 -66757.94119105644
42.59999999999972 -4.170517763267919e-05 -65858.17675387263
42.649999999999714 -4.1086148366394073e-05 -64880.644918523714
42.69999999999971 -4.0418743003825286e-05 -63826.72061392859
42.74999999999971 -3.970397929757678e-05 -62698.011010579925
42.799999999999706 -3.8943014168344784e-05 -61496.34304441294
42.8499999999997 -3.8137139441024744e-05 -60223.75668353541
42.8999999999997 -3.7287780683379505e-05 -58882.50309432593
42.9499999999997 -3.6396492505039045e-05 -57475.037217911864
42.999999999999694 -3.546494718726244e-05 -56003.99981500911
43.04999999999969 -3.4494919028106836e-05 -54472.19274480388
43.09999999999969 -3.348826669619007e-05 -52882.551099131466
43.149999999999686 -3.244691752373584e-05 -51238.11839904746
43.19999999999968 -3.137285478787206e-05 -49542.0265102591
43.24999999999968 -3.0268103567969812e-05 -47797.47330993013
43.29999999999968 -2.9134719804126455e-05 -46007.70540852987
43.349999999999675 -2.797478257243921e-05 -44176.00595143422
43.39999999999967 -2.6790386176001285e-05 -42305.68212952732
43.44999999999967 -2.5583630575567282e-05 -40400.0500679141
43.499999999999666 -2.4356610398668204e-05 -38462.417469810316
43.54999999999966 -2.3111399950600063e-05 -36496.059946844594
43.59999999999966 -2.1850042216790518e-05 -34504.20365229183
43.64999999999966 -2.057454406233245e-05 -32490.01770048052
43.699999999999655 -1.928687355907684e-05 -30456.609945906996
43.74999999999965 -1.7988956731032595e-05 -28407.02184377685
43.79999999999965 -1.668267312486448e-05 -26344.221455215615
43.849999999999646 -1.5369850735113918e-05 -24271.09543349869
43.89999999999964 -1.4052262574197056e-05 -22190.443607609363
43.94999999999964 -1.273162180770144e-05 -20104.971300207257
43.99999999999964 -1.1409568615613266e-05 -18017.26857971003
44.049999999999635 -1.008766888242489e-05 -15929.808191794056
44.09999999999963 -8.7674088217271e-06 -13844.93707089079
44.14999999999963 -7.450182961710215e-06 -11764.857367650573
44.199999999999626 -6.137289682285338e-06 -9691.619401446987
44.24999999999962 -4.829944489372351e-06 -7627.142622292262
44.29999999999962 -3.529309031066581e-06 -5573.261431331062
44.34999999999962 -2.236528782657626e-06 -3531.7846906369164
44.399999999999615 -9.527528231448455e-07 -1504.5269530337082
44.44999999999961 3.208709024921139e-07 506.69901942682895
44.49999999999961 1.5832109588813902e-06 2500.1065356205872
44.549999999999606 2.8331655789792485e-06 4473.955754769355
44.5999999999996 4.069669722414085e-06 6426.564832530905
44.6499999999996 5.291699273037066e-06 8356.316549505276
44.6999999999996 6.49826789147581e-06 10261.65334098677
44.749999999999595 7.688409067558779e-06 12141.048955288552
44.79999999999959 8.86115535454268e-06 13992.975661748953
44.84999999999959 1.001552430396604e-05 15815.882039942504
44.89999999999959 1.115051697696798e-05 17608.190628848763
44.949999999999584 1.2264508529259451e-05 19367.335577212325
44.99999999999958 1.3356628091222369e-05 21091.941662854722
45.04999999999958 1.4426552108704421e-05 22781.497949538254
45.099999999999575 1.5473550416514188e-05 24434.851406609036
45.14999999999957 1.6496645967252252e-05 26050.45914265693
45.19999999999957 1.7494785225692687e-05 27626.657481537535
45.24999999999957 1.8466954683652684e-05 29161.845955279397
45.299999999999564 1.941221491924677e-05 30654.541088302463
45.34999999999956 2.0329677496333846e-05 32103.339918487007
45.39999999999956 2.1218469405631846e-05 33506.86384483263
45.449999999999555 2.2077708122229157e-05 34863.71923985906
45.49999999999955 2.2906493384141238e-05 36172.48446682314
45.54999999999955 2.370390768445816e-05 37431.71065688705
45.59999999999955 2.4469017557942238e-05 38639.92374083191
45.649999999999544 2.5200873524125557e-05 39795.624359200934
45.69999999999954 2.5898508388300884e-05 40897.28517933185
45.74999999999954 2.6560934163881812e-05 41943.346035342816
45.799999999999535 2.7187144804294134e-05 42932.2182421624
45.84999999999953 2.7776126276704747e-05 43862.30050332462
45.89999999999953 2.8326869321749134e-05 44731.99906032294
45.94999999999953 2.8838381128904875e-05 45539.74612962109
45.999999999999524 2.9309695997849486e-05 46284.016738394625
46.04999999999952 2.9739885927872225e-05 46963.3454466597
46.09999999999952 3.0128071035267773e-05 47576.342797761856
46.149999999999515 3.0473429360569282e-05 48121.710805337636
46.19999999999951 3.0775203742340486e-05 48598.25380797205
46.24999999999951 3.103270584844887e-05 49004.884835129975
46.29999999999951 3.124532381891447e-05 49340.637676259255
46.349999999999504 3.1412536328654045e-05 49604.68908778612
46.3999999999995 3.1533927037618875e-05 49796.381611858225
46.4499999999995 3.160919339573601e-05 49915.237480550524
46.499999999999496 3.1638146667467455e-05 49960.95865464758
46.54999999999949 3.1620698554664965e-05 49933.405699302595
46.59999999999949 3.155685223502185e-05 49832.58363252771
46.64999999999949 3.1446693385487174e-05 49658.627749937885
46.699999999999484 3.129038701717623e-05 49411.79862664188
46.74999999999948 3.1088180642326345e-05 49092.487118298406
46.79999999999948 3.084040737419575e-05 48701.21925628016
46.849999999999476 3.054748554492079e-05 48238.6556442182
46.89999999999947 3.0209915679955405e-05 47705.586680228196
46.94999999999947 2.9828277012583963e-05 47102.92705284979
46.99999999999947 2.9403224751655874e-05 46431.71142642597
47.049999999999464 2.8935487596449003e-05 45693.09051673273
47.09999999999946 2.8425865338306642e-05 44888.32730363594
47.14999999999946 2.787522565954618e-05 44018.79197613055
47.199999999999456 2.7284498359733674e-05 43085.95281483885
47.24999999999945 2.6654664201122917e-05 42091.358577433864
47.29999999999945 2.5986736236866504e-05 41036.60901333215
47.34999999999945 2.528176094655002e-05 39923.35665685746
47.399999999999444 2.45408190278907e-05 38753.3080774412
47.44999999999944 2.37650254268232e-05 37528.223927131956
47.49999999999944 2.29555144850487e-05 36249.89548654514
47.549999999999436 2.2113447102825804e-05 34920.155975889
47.59999999999943 2.1240028137403862e-05 33540.90802946927
47.64999999999943 2.0336519792956236e-05 32114.144840224268
47.69999999999943 1.9404244059299926e-05 30641.95401079657
47.749999999999424 1.844457731610017e-05 29126.509032834423
47.79999999999942 1.7458942661692572e-05 27570.057173153236
47.84999999999942 1.644880323200663e-05 25974.908923402476
47.899999999999416 1.5415655366898615e-05 24343.427208771092
47.94999999999941 1.4361026897086213e-05 22678.024682823154
47.99999999999941 1.3286478561372497e-05 20981.16596548822
48.04999999999941 1.2193606019586735e-05 19255.370821770066
48.099999999999405 1.1084041496347703e-05 17503.216757473656
48.1499999999994 9.95945564721033e-06 15727.34196610581
48.1999999999994 8.821560956560092e-06 13930.450694614963
48.249999999999396 7.672117288366728e-06 12115.322008790079
48.29999999999939 6.512938923032281e-06 10284.820905405692
48.34999999999939 5.34590123560895e-06 8441.90885804082
48.39999999999939 4.172944416932378e-06 6589.649693257129
48.449999999999385 2.996074424455261e-06 4731.211092095185
48.49999999999938 1.8173626588804306e-06 2869.8640794338808
48.54999999999938 6.389420352680753e-07 1008.976819731646
48.599999999999376 -5.370018819314475e-07 -847.9993819686209
48.64999999999937 -1.7082439098219162e-06 -2697.550657681996
48.69999999999937 -2.872535751561734e-06 -4536.126639344034
48.74999999999937 -4.0276270219423105e-06 -6360.17366107332
48.799999999999365 -5.171291027573338e-06 -8166.175469608274
48.84999999999936 -6.301354204806961e-06 -9950.699710813713
48.89999999999936 -7.415728376975154e-06 -11710.448868268353
48.949999999999356 -8.512444175367996e-06 -13442.313039558308
48.99999999999935 -9.589678919813622e-06 -15143.413963524215
49.04999999999935 -1.0645774093983228e-05 -16811.13261615679
49.09999999999935 -1.1679247687277963e-05 -18443.128700123405
49.149999999999345 -1.2688804858200898e-05 -20037.357483690175
49.19999999999934 -1.3673349025093511e-05 -21592.087314511005
49.24999999999934 -1.463198998188985e-05 -23105.91243551287
49.299999999999336 -1.5564044139825044e-05 -24577.753366586603
49.34999999999933 -1.6469034501644662e-05 -26006.85686385994
49.39999999999933 -1.7346698268522945e-05 -27392.80793206131
49.44999999999933 -1.81969958357613e-05 -28735.544029957506
49.499999999999325 -1.9020107841123666e-05 -30035.35040927173
49.54999999999932 -1.9816418084414316e-05 -31292.83314236196
49.59999999999932 -2.0586488633981868e-05 -32508.879811987754
49.64999999999932 -2.1331034672031403e-05 -33684.619788619326
49.699999999999314 -2.2050889914954696e-05 -34821.369624411804
49.74999999999931 -2.2746985560524066e-05 -35920.5998079463
49.79999999999931 -2.3419653275486404e-05 -36982.83408635638
49.849999999999305 -2.407024202834846e-05 -38010.202665323835
49.8999999999993 -2.470062586875656e-05 -39005.66492543062
49.9499999999993 -2.5312304719765514e-05 -39971.58945022602
49.9999999999993 -2.590648796980993e-05 -40909.88602937673
50.049999999999294 -2.6484287241149475e-05 -41822.310066394166
