# (1): time [s] (2): displacement/rotation [m/rad] (3): support force/ moment [N]/[N m]
0.05 0.0 0.0
0.1 1.3479378820271085e-11 5.321445461139927e-05
0.15000000000000002 7.433098427793679e-11 0.0002934469638267315
0.2 2.3265007068695015e-10 0.0009184656646262693
0.25 5.427563194171052e-10 0.002142716063535249
0.3 1.0463622332960288e-09 0.0041308725211488696
0.35 1.7530929190403334e-09 0.0069209334357116245
0.39999999999999997 2.6207665535598487e-09 0.010346371644496827
0.44999999999999996 3.5380370286088304e-09 0.013967610331509929
0.49999999999999994 4.163301685110959e-09 0.016436056253773545
0.5499999999999999 3.798789537415506e-09 0.014997019974915314
0.6 1.6580370511743941e-09 0.006545667910976008
0.65 -2.8040837828975764e-09 -0.011070079057883686
0.7000000000000001 -9.66130418803854e-09 -0.038141300133811284
0.7500000000000001 -1.8454201669018464e-08 -0.07285426800445408
0.8000000000000002 -2.832319648970197e-08 -0.11181549789107248
0.8500000000000002 -3.8293816416555556e-08 -0.15117792761573784
0.9000000000000002 -4.761343384119427e-08 -0.18797030247601115
0.9500000000000003 -5.602461622286835e-08 -0.22117631953702546
1.0000000000000002 -6.38875733120026e-08 -0.2522180298940239
1.0500000000000003 -7.211161472959214e-08 -0.28468524404193707
1.1000000000000003 -8.190872531237237e-08 -0.32336268633224385
1.1500000000000004 -9.443721356889307e-08 -0.37282317546646504
1.2000000000000004 -1.104493995746172e-07 -0.43603675205572756
1.2500000000000004 -1.3007011401721207e-07 -0.5134962279017883
1.3000000000000005 -1.5293863262610733e-07 -0.6037775206652869
1.3500000000000005 -1.783698558952069e-07 -0.7041759659060033
1.4000000000000006 -2.0573608839079213e-07 -0.8122135213778684
1.4500000000000006 -2.345308059197284e-07 -0.925890509718554
1.5000000000000007 -2.643799117300653e-07 -1.0437300561482672
1.5500000000000007 -2.95079835267141e-07 -1.164928496330119
1.6000000000000008 -3.266384995323666e-07 -1.2895171090199478
1.6500000000000008 -3.59300854690106e-07 -1.418462918705855
1.7000000000000008 -3.935503591435746e-07 -1.5536745426614882
1.7500000000000009 -4.300833166179314e-07 -1.6979008778109772
1.800000000000001 -4.697572135250891e-07 -1.854527144820277
1.850000000000001 -5.135179797468471e-07 -2.0272877251791988
1.900000000000001 -5.623143483974404e-07 -2.219928067095629
1.950000000000001 -6.170098731785122e-07 -2.435857343935292
2.000000000000001 -6.783042347352444e-07 -2.6778377841682066
2.0500000000000007 -7.466748825831499e-07 -2.947754282930214
2.1000000000000005 -8.223477452271626e-07 -3.2464987702079653
2.1500000000000004 -9.053019372889862e-07 -3.57398879383284
2.2 -9.953086535817911e-07 -3.9293210671332672
2.25 -1.091825670838702e-06 -4.310354978452797
2.3 -1.194203831511446e-06 -4.714527756513257
2.3499999999999996 -1.301963762119546e-06 -5.139946910669571
2.3999999999999995 -1.4150170543361959e-06 -5.5862634188372065
2.4499999999999993 -1.5337805353769454e-06 -6.055122848904596
2.499999999999999 -1.6591580885302502e-06 -6.550093589064465
2.549999999999999 -1.792395983954976e-06 -7.076095716694768
2.5999999999999988 -1.934851977844923e-06 -7.63848943839788
2.6499999999999986 -2.087742148531968e-06 -8.242075638996344
2.6999999999999984 -2.251934468192884e-06 -8.890280935296524
2.7499999999999982 -2.4278430113033993e-06 -9.584740027805626
2.799999999999998 -2.6154464808280836e-06 -10.32536883919781
2.849999999999998 -2.814507886164163e-06 -11.11123176807461
2.8999999999999977 -3.024717123019973e-06 -11.941104571763306
2.9499999999999975 -3.2458025182761107e-06 -12.813914727777927
2.9999999999999973 -3.477620627760991e-06 -13.729095941227603
3.049999999999997 -3.7202211566875977e-06 -14.68684444042786
3.099999999999997 -3.973878303632291e-06 -15.688242717969109
3.149999999999997 -4.239083700209471e-06 -16.73523165766942
3.1999999999999966 -4.516503409158839e-06 -17.830440769827664
3.2499999999999964 -4.806925362987088e-06 -18.97698068729817
3.2999999999999963 -5.111205986451657e-06 -20.178232439503017
3.349999999999996 -5.430216482438443e-06 -21.437635397576972
3.399999999999996 -5.764787590643236e-06 -22.758469190383117
3.4499999999999957 -6.115651716171225e-06 -24.14362523738128
3.4999999999999956 -6.483401038982635e-06 -25.595441371348127
3.5499999999999954 -6.8684711307285725e-06 -27.115637160237565
3.599999999999995 -7.271148216156504e-06 -28.705342574060502
3.649999999999995 -7.691593731910945e-06 -30.365194939143827
3.699999999999995 -8.129879225810016e-06 -32.095476714951786
3.7499999999999947 -8.586026002057443e-06 -33.896272007109516
3.7999999999999945 -9.06023247127703e-06 -35.76836410936339
3.8499999999999943 -9.552725595287799e-06 -37.712649031060565
3.899999999999994 -1.0063670831914928e-05 -39.72977997351287
3.949999999999994 -1.0593253525432729e-05 -41.82048864658648
3.999999999999994 -1.114198599564358e-05 -43.98679760779194
4.049999999999994 -1.1710638184249422e-05 -46.23174646513327
4.099999999999993 -1.229995302091758e-05 -48.558268187376186
4.149999999999993 -1.2910491601179967e-05 -50.968577890893194
4.199999999999993 -1.3542570735147655e-05 -53.46392629187089
4.249999999999993 -1.4196305106601158e-05 -56.044766143727244
4.299999999999993 -1.4871718556443515e-05 -58.71119156657487
4.3499999999999925 -1.5568867052901733e-05 -61.463423514117615
4.399999999999992 -1.6287923096738176e-05 -64.30214299206884
4.449999999999992 -1.7029196532992106e-05 -67.2285732196138
4.499999999999992 -1.7792935705142534e-05 -70.24369461750989
4.549999999999992 -1.8579374839608577e-05 -73.34843187459587
4.599999999999992 -1.9388876807038336e-05 -76.54421754676997
4.6499999999999915 -2.0221876885371804e-05 -79.83277004246108
4.699999999999991 -2.1078495563879433e-05 -83.21456503424278
4.749999999999991 -2.1958700221928392e-05 -86.68947374101852
4.799999999999991 -2.286252273022268e-05 -90.25762198328448
4.849999999999991 -2.379012796590183e-05 -93.91966066989747
4.899999999999991 -2.4741805604351046e-05 -97.67673339344016
4.94999999999999 -2.571792059618205e-05 -101.53028092117799
4.99999999999999 -2.671885280760082e-05 -105.48180290478231
5.04999999999999 -2.7744947343924692e-05 -109.53266176543664
5.09999999999999 -2.8796486380259517e-05 -113.68397148580762
5.14999999999999 -2.98736839207988e-05 -117.93657692058727
5.1999999999999895 -3.097669792360176e-05 -122.29110166319819
5.249999999999989 -3.210565080021336e-05 -126.74802897504952
5.299999999999989 -3.3260649447891485e-05 -131.30778086960004
5.349999999999989 -3.444179870719293e-05 -135.97077124077802
5.399999999999989 -3.564920595752838e-05 -140.7374240055052
5.449999999999989 -3.688297806158712e-05 -145.60816104076898
5.4999999999999885 -3.814321415229478e-05 -150.58337370767296
5.549999999999988 -3.942999843712331e-05 -155.66339444399145
5.599999999999988 -4.074339568858187e-05 -160.8484789613411
5.649999999999988 -4.2083448728806916e-05 -166.13879631474043
5.699999999999988 -4.3450175729863176e-05 -171.5344182446254
5.749999999999988 -4.484356650312868e-05 -177.03530452792884
5.799999999999987 -4.626357834895433e-05 -182.64128659319277
5.849999999999987 -4.771013237835836e-05 -188.3520529992006
5.899999999999987 -4.9183110937929483e-05 -194.16713926890196
5.949999999999987 -5.0682356399780524e-05 -200.08592311234128
5.999999999999987 -5.220767148869423e-05 -206.10762571817756
6.0499999999999865 -5.3758821955746646e-05 -212.2313223087265
6.099999999999986 -5.533554359868941e-05 -218.45596985531878
6.149999999999986 -5.693755098255963e-05 -224.78044150588806
6.199999999999986 -5.8564539513459004e-05 -231.20353477192262
6.249999999999986 -6.0216178434647165e-05 -237.72394387815027
6.299999999999986 -6.189209765607645e-05 -244.34020776762574
6.349999999999985 -6.35918720703452e-05 -251.05064818359614
6.399999999999985 -6.531500621786236e-05 -257.8533091299972
6.449999999999985 -6.706092147993723e-05 -264.74590631179854
6.499999999999985 -6.8828947571466e-05 -271.7257935494757
6.549999999999985 -7.061831919559107e-05 -278.78994957213547
6.5999999999999845 -7.242817716879456e-05 -285.9349824592058
6.649999999999984 -7.425757285301968e-05 -293.1571471377506
6.699999999999984 -7.610547483864477e-05 -300.4523717657935
6.749999999999984 -7.797077670438275e-05 -307.8162883671726
6.799999999999984 -7.985230447980143e-05 -315.24426229239026
6.849999999999984 -8.174882240732427e-05 -322.7314149660799
6.8999999999999835 -8.365903584572531e-05 -330.2726353495451
6.949999999999983 -8.558159065047011e-05 -337.86257749444303
6.999999999999983 -8.751506900875134e-05 -345.4956441001644
7.049999999999983 -8.945798236305861e-05 -353.16595857720694
7.099999999999983 -9.140876258081535e-05 -360.86733018629894
7.149999999999983 -9.336575280489996e-05 -368.59321791770464
7.199999999999982 -9.53271993959268e-05 -376.33669868062475
7.249999999999982 -9.729136328841354e-05 -384.0909069197239
7.299999999999982 -9.925653102429344e-05 -391.8490781736915
7.349999999999982 -0.0001012208577600339 -399.6039292921881
7.399999999999982 -0.00010318227745680025 -407.3473038808236
7.4499999999999815 -0.00010513845771050204 -415.0699939773273
7.499999999999981 -0.00010708682962146302 -422.761857972279
7.549999999999981 -0.00010902467664688416 -430.4121713845728
7.599999999999981 -0.00011094923730734683 -438.01003233043906
7.649999999999981 -0.00011285777489591144 -445.5446367239358
7.699999999999981 -0.00011474758833103903 -453.005321122565
7.7499999999999805 -0.00011661596823651757 -460.3813893377722
7.79999999999998 -0.00011846012458471186 -467.6618267819463
7.84999999999998 -0.00012027711844070656 -474.83503100509733
7.89999999999998 -0.00012206382197681344 -481.88865383845825
7.94999999999998 -0.00012381721480757223 -488.81077127817645
7.99999999999998 -0.00012553409858596993 -495.58875675634965
8.04999999999998 -0.0001272109143844573 -502.2085601901765
8.09999999999998 -0.0001288437201676657 -508.65461904780756
8.14999999999998 -0.0001304283086628349 -514.9103236821426
8.199999999999982 -0.0001319603669290145 -520.9586472847872
8.249999999999982 -0.00013343561070921613 -526.7826762870902
8.299999999999983 -0.00013484985455875415 -532.3658872157358
8.349999999999984 -0.00013619900772365623 -537.6921304213604
8.399999999999984 -0.0001374790106565224 -542.7453794532097
8.449999999999985 -0.00013868574066987698 -547.509358593502
8.499999999999986 -0.0001398149168107772 -551.9671673174356
8.549999999999986 -0.00014086202685995781 -556.1009920973628
8.599999999999987 -0.0001418222883335193 -559.8919524436263
8.649999999999988 -0.00014269064485565954 -563.3200865846784
8.699999999999989 -0.00014346179177683393 -566.3644526035221
8.74999999999999 -0.00014413022095643733 -569.0033052326542
8.79999999999999 -0.00014469027347846998 -571.214303967172
8.84999999999999 -0.0001451361896760271 -572.9747105535428
8.899999999999991 -0.00014546214750430235 -574.2615404801487
8.949999999999992 -0.00014566228281344342 -575.0516430113134
8.999999999999993 -0.00014573068844481323 -575.3216976194842
9.049999999999994 -0.00014566139313416606 -575.048130698309
9.099999999999994 -0.0001454483253415866 -574.2069727689599
9.149999999999995 -0.00014508527031193848 -572.7736889615788
9.199999999999996 -0.00014456582944105727 -570.7230185994368
9.249999999999996 -0.00014388338826545722 -568.0288488273621
9.299999999999997 -0.00014303110684440112 -564.6641766416733
9.349999999999998 -0.00014200192841221505 -560.6011430481494
9.399999999999999 -0.00014078860650301064 -555.8111401461406
9.45 -0.00013938374442039705 -550.264966948746
9.5 -0.00013777983604108837 -543.9329904689982
9.55 -0.00013596929725168594 -536.7852698273066
9.600000000000001 -0.00013394448154994452 -528.7916178427859
9.650000000000002 -0.00013169767965848952 -519.9215995082737
9.700000000000003 -0.00012922110722930234 -510.14448344958487
9.750000000000004 -0.0001265068850664707 -499.4291638480579
9.800000000000004 -0.00012354701668264504 -487.7440718369975
9.850000000000005 -0.00012033337198937318 -475.0571111136961
9.900000000000006 -0.00011685768771065276 -461.33565957207367
9.950000000000006 -0.00011311159335673622 -446.5466718431494
10.000000000000007 -0.00010908666118944027 -430.6568765501773
10.050000000000008 -0.00010477260211618907 -413.62565398380946
10.100000000000009 -0.00010015839641643181 -395.4095000310671
10.15000000000001 -9.523526432245844e-05 -375.97375355833765
10.20000000000001 -8.999869405716818e-05 -355.30060278356865
10.25000000000001 -8.444800034364977e-05 -333.3873423419525
10.300000000000011 -7.858345040084835e-05 -310.2350271716
10.350000000000012 -7.240274341806915e-05 -285.8345740359675
10.400000000000013 -6.589930273501504e-05 -260.1600193208897
10.450000000000014 -5.906310115409339e-05 -233.1717772369704
10.500000000000014 -5.1883407416592e-05 -204.82748247292344
10.550000000000015 -4.435199987937537e-05 -175.0946772826391
10.600000000000016 -3.646539765625947e-05 -143.9596196782768
10.650000000000016 -2.82253315678321e-05 -111.42914266563282
10.700000000000017 -1.9637370573136642e-05 -77.52523161378082
10.750000000000018 -1.0707919379278252e-05 -42.273171292893856
10.800000000000018 -1.4400550522990335e-06 -5.685109472792602
10.85000000000002 8.169814157865946e-06 32.253133507422355
10.90000000000002 1.81322227596357e-05 71.58314622001325
10.95000000000002 2.8461085031056975e-05 112.35986003291933
11.000000000000021 3.9168650720463246e-05 154.63163501416633
11.050000000000022 5.026314436088609e-05 198.4309403187164
11.100000000000023 6.174495886135788e-05 243.7593270892556
11.150000000000023 7.360757122493854e-05 290.5910435660607
11.200000000000024 8.58446564820991e-05 338.9011197702917
11.250000000000025 9.845513200433858e-05 388.6852816559414
11.300000000000026 0.0001114432911961568 439.96047890458874
11.350000000000026 0.00012481603459404674 492.75395374237
11.400000000000027 0.00013857990445300414 547.0915339567649
11.450000000000028 0.00015273939061406062 602.9909447296957
11.500000000000028 0.0001672966824834368 660.4608294904707
11.55000000000003 0.00018225239749476938 719.503625769385
11.60000000000003 0.00019760685570947457 780.1205971182638
11.65000000000003 0.00021336107408100613 842.3157583084202
11.700000000000031 0.00022951736391871655 906.0982340234369
11.750000000000032 0.00024607931886405843 971.482211391113
11.800000000000033 0.00026305090732682904 1038.4833570653682
11.850000000000033 0.0002804351986270352 1107.113788235902
11.900000000000034 0.0002982341521403551 1177.3812402078406
11.950000000000035 0.00031644895823506946 1249.2904123667934
12.000000000000036 0.00033508035422947146 1322.844215528709
12.050000000000036 0.0003541292633377614 1398.0462943971606
12.100000000000037 0.00037359745252932356 1474.9036246876735
12.150000000000038 0.0003934876622297363 1553.4270251667872
12.200000000000038 0.0004138032622541782 1633.6297993315882
12.250000000000039 0.0004345477516306037 1715.5257607907565
12.30000000000004 0.00045572434567056895 1799.1276030855258
12.35000000000004 0.00047733572798795194 1884.445920698833
12.400000000000041 0.000499384027027737 1971.4891163946718
12.450000000000042 0.0005218709924158159 2060.2640974192027
12.500000000000043 0.0005447982015342869 2150.7770910273457
12.550000000000043 0.00056816698134602 2243.0333358585335
12.600000000000044 0.0005919782981568211 2337.0366467351796
12.650000000000045 0.0006162329038026182 2432.789991786558
12.700000000000045 0.0006409315088370379 2530.2961761659485
12.750000000000046 0.000666074609175062 2629.557157667226
12.800000000000047 0.0006916621139296863 2730.57257748288
12.850000000000048 0.000717693094693636 2833.3387704079
12.900000000000048 0.000744165788989927 2937.848778462047
12.950000000000049 0.0007710777005603903 3044.092746813076
13.00000000000005 0.0007984256309742447 3152.058048562381
13.05000000000005 0.0008262056167760222 3261.72903661495
13.100000000000051 0.0008544128278025184 3373.0866422507756
13.150000000000052 0.000883041475308985 3486.1080124215987
13.200000000000053 0.0009120847448091477 3600.7662446139307
13.250000000000053 0.0009415347557003015 3717.0302274553155
13.300000000000054 0.0009713825504806849 3834.864598146229
13.350000000000055 0.0010016181014960443 3954.22976909445
13.400000000000055 0.0010322303092313964 4075.0819211712073
13.450000000000056 0.0010632069791338726 4197.3729122114355
13.500000000000057 0.0010945347876112946 4321.050142781535
13.550000000000058 0.0011261992536402865 4446.056444092688
13.600000000000058 0.0011581847205938552 4572.330006259024
13.650000000000059 0.0011904743428075223 4699.804325262833
13.70000000000006 0.0012230500717795925 4828.408148475408
13.75000000000006 0.0012558926441556162 4958.065427221608
13.800000000000061 0.0012889815812746014 5088.69531498837
13.850000000000062 0.0013222952121785235 5220.212258262616
13.900000000000063 0.0013558107504410067 5352.52629983873
13.950000000000063 0.0013895045328538478 5485.544021115179
14.000000000000064 0.0014233521527380673 5619.169068385456
14.050000000000065 0.0014573282718397453 5753.301410232599
14.100000000000065 0.00149140637522616 5887.836369897934
14.150000000000066 0.0015255586686276088 6022.664220002827
14.200000000000067 0.0015597561166349084 6157.670333346375
14.250000000000068 0.0015939685533866046 6292.7356198809875
14.300000000000068 0.0016281648211242303 6427.737073706628
14.350000000000069 0.0016623128560978822 6562.548112212431
14.40000000000007 0.0016963797032601257 6697.038634085918
14.45000000000007 0.001730331510906665 6831.074998155207
14.500000000000071 0.001764133543127722 6964.52007254509
14.550000000000072 0.0017977502221677199 7097.233401906359
14.600000000000072 0.001831145192269068 7229.071459460964
14.650000000000073 0.001864281386159594 7359.8879094838785
14.700000000000074 0.0018971210789995461 7489.533820277324
14.750000000000075 0.001929625927540035 7617.857818762104
14.800000000000075 0.0019617570042288436 7744.706225121947
14.850000000000076 0.001993474836226905 7869.923206834378
14.900000000000077 0.002024739453899042 7993.350970104498
14.950000000000077 0.0020555104599966176 8114.83003298713
15.000000000000078 0.0020857471259644596 8234.199605591322
15.050000000000079 0.002115408493778686 8351.297992119971
15.10000000000008 0.002144453455493941 8465.962904909711
15.15000000000008 0.0021728408049343654 8578.031668498701
15.200000000000081 0.002200529277984634 8687.341378689252
15.250000000000082 0.0022274776023362614 8793.729098938375
15.300000000000082 0.0022536445670528673 8897.032134990439
15.350000000000083 0.0022789891092713653 8997.088377159753
15.400000000000084 0.0023034704096712797 9093.736677228306
15.450000000000085 0.0023270479889673655 9186.81722938338
15.500000000000085 0.002349681793677001 9276.171908813625
15.550000000000086 0.0023713322504331663 9361.644486128123
15.600000000000087 0.002391960282246906 9443.080691558001
15.650000000000087 0.0024115273166954616 9520.328247281894
15.700000000000088 0.002429995325194679 9593.237022467187
15.750000000000089 0.0024473269033056344 9661.659350307871
15.80000000000009 0.002463485371519122 9725.45042590575
15.85000000000009 0.002478434870043815 9784.468680479105
15.900000000000091 0.00249214043422277 9838.576079095117
15.950000000000092 0.002504568051040483 9887.638343750777
16.000000000000092 0.0025156877879585595 9931.537305521018
16.050000000000093 0.0025254695196018626 9970.154034191826
16.100000000000094 0.002533887768387842 10003.387948298854
16.150000000000095 0.0025409179883084283 10031.142144086392
16.200000000000095 0.002546533880004518 10053.3127958463
16.250000000000096 0.0025507070687064326 10069.787884477895
16.300000000000097 0.0025534083193276672 10080.45199448581
16.350000000000097 0.002554609195062917 10085.192861862522
16.400000000000098 0.0025542834574112548 10083.906901158343
16.4500000000001 0.0025524078507691136 10076.502302930348
16.5000000000001 0.0025489622170778354 10062.899486352755
16.5500000000001 0.00254392910863696 10043.029570665067
16.6000000000001 0.0025372931694998676 10016.831933019943
16.6500000000001 0.002529040545036777 9984.25187753136
16.700000000000102 0.0025191584930880136 9945.239100169238
16.750000000000103 0.0025076260794936038 9899.71095618261
16.800000000000104 0.002494420231814332 9847.576359232426
16.850000000000104 0.0024795296613908317 9788.790743477823
16.900000000000105 0.002462955276743349 9723.357695612965
16.950000000000106 0.002444700881659431 9651.29223238918
17.000000000000107 0.0024247671091226783 9572.59685272556
17.050000000000107 0.0024031511615412336 9487.260512172144
17.100000000000108 0.002379849682210282 9395.269958989484
17.15000000000011 0.002354861451466603 9296.620378140182
17.20000000000011 0.0023281883926192628 9191.319362544093
17.25000000000011 0.0022998351739922144 9079.385342005466
17.30000000000011 0.002269808374360688 8960.844288487891
17.35000000000011 0.002238115925996057 8835.727517343546
17.400000000000112 0.0022047670105551616 8704.07127630074
17.450000000000113 0.0021697722264455528 8565.917406195393
17.500000000000114 0.002133143781838076 8421.31410295419
17.550000000000114 0.002094895577301798 8270.316243824183
17.600000000000115 0.002055043170166104 8112.985246680002
17.650000000000116 0.002013603665662297 7949.388640268107
17.700000000000117 0.001970595623915437 7779.59969702529
17.750000000000117 0.0019260390319003418 7603.6973223653995
17.800000000000118 0.0018799553111354698 7421.766085053578
17.85000000000012 0.0018323673212439708 7233.896231264724
17.90000000000012 0.001783299340964985 7040.183609619106
17.95000000000012 0.0017327770288206698 6840.729515902009
18.00000000000012 0.0016808273752202199 6635.640503977982
18.05000000000012 0.0016274786568618734 6425.0282057771765
18.100000000000122 0.0015727603981448104 6209.009178955628
18.150000000000123 0.0015167033383873567 5987.70477747791
18.200000000000124 0.0014593394009255404 5761.241029623127
18.250000000000124 0.0014007016606844408 5529.7485099617315
18.300000000000125 0.0013408243088948667 5293.362200062549
18.350000000000126 0.0012797426154947708 5052.221340059517
18.400000000000126 0.0012174928905775585 4806.469276455709
18.450000000000127 0.001154112446148464 4556.253311143553
18.500000000000128 0.0010896395589010436 4301.724554452322
18.55000000000013 0.0010241134341421225 4043.037782729531
18.60000000000013 0.0009575741706475156 3780.3512995968845
18.65000000000013 0.0008900627259604173 3513.82679895381
18.70000000000013 0.0008216208805307589 3243.629223405316
18.75000000000013 0.0007522911982503434 2969.9266084609503
18.800000000000132 0.0006821169896492966 2692.8899372402084
18.850000000000133 0.0006111422890357699 2412.6930502237033
18.900000000000134 0.0005394118394167533 2129.5125857229173
18.950000000000134 0.000466971070628019 1843.527893540682
19.000000000000135 0.00039386606500957816 1554.9208994633118
19.050000000000136 0.00032014351546890373 1263.8759397008444
19.100000000000136 0.00024585068396290746 970.579596980456
19.150000000000137 0.00017103536561696497 675.2205588940499
19.200000000000138 9.574585944695397e-05 377.98950231349596
19.25000000000014 2.0030943763579896e-05 79.07899629080062
19.30000000000014 -5.606014702606421e-05 -221.31658952566391
19.35000000000014 -0.00013247774415282035 -523.0011706948262
19.40000000000014 -0.00020917177313129035 -825.7770610720991
19.45000000000014 -0.0002860918006365217 -1129.4451578711173
19.500000000000142 -0.0003631870841340847 -1433.8051375954292
19.550000000000143 -0.000440406608505346 -1738.6556006292801
19.600000000000144 -0.0005176991090357383 -2043.7941619916646
19.650000000000144 -0.0005950130902749234 -2349.017525793265
19.700000000000145 -0.000672296849601999 -2654.1215782681593
19.750000000000146 -0.0007494985070797684 -2958.901505633754
19.800000000000146 -0.0008265660371966935 -3263.15191940299
19.850000000000147 -0.0009034472974455319 -3566.666969208283
19.900000000000148 -0.0009800900520155597 -3869.240436334666
19.95000000000015 -0.0010564419928147616 -4170.665816712073
20.00000000000015 -0.0011324507626161164 -4470.736412293209
20.05000000000015 -0.0012080639835521344 -4769.245443545475
20.10000000000015 -0.0012832292826058392 -5065.986150085331
20.15000000000015 -0.0013578943133661548 -5360.751876565125
20.200000000000152 -0.0014320067854088796 -5653.336188664521
20.250000000000153 -0.0015055145038332318 -5943.5330291745295
20.300000000000153 -0.0015783654103535194 -6231.136880220922
20.350000000000154 -0.0016505076163305281 -6515.942893666914
20.400000000000155 -0.0017218894229608017 -6797.746970817257
20.450000000000156 -0.0017924593273808353 -7076.345786516624
20.500000000000156 -0.0018621660362740957 -7351.536842867975
20.550000000000157 -0.0019309585265191176 -7623.118708661641
20.600000000000158 -0.0019987861378239287 -7890.891385081378
20.65000000000016 -0.0020655986544793215 -8154.6566284533465
20.70000000000016 -0.002131346350301255 -8414.218127671602
20.75000000000016 -0.002195979998992231 -8669.381545103171
20.80000000000016 -0.0022594508717593783 -8919.954507184619
20.85000000000016 -0.0023217107455538863 -9165.746636950034
20.900000000000162 -0.0023827119318050125 -9406.56966746835
20.950000000000163 -0.0024424073199169204 -9642.23761356196
21.000000000000163 -0.002500750421904504 -9872.566948021904
21.050000000000164 -0.0025576954057991677 -10097.376733488598
21.100000000000165 -0.002613197113959271 -10316.488694738571
21.150000000000166 -0.0026672110817223264 -10529.727292320391
21.200000000000166 -0.0027196935813660014 -10736.919896105745
21.250000000000167 -0.0027706016895944208 -10937.89705171468
21.300000000000168 -0.002819893353562554 -11132.492741169444
21.35000000000017 -0.002867527437922903 -11320.544568627349
21.40000000000017 -0.002913463754968719 -11501.893879381436
21.45000000000017 -0.0029576630892481698 -11676.385857033312
21.50000000000017 -0.0030000872026591605 -11843.869543606683
21.55000000000017 -0.003040698811445682 -12004.197748732591
21.600000000000172 -0.003079461607941885 -12157.227135491576
21.650000000000173 -0.003116340354973943 -12302.81859309728
21.700000000000173 -0.0031513010084176733 -12440.837720734558
21.750000000000174 -0.0031843108169581913 -12571.155221394803
21.800000000000175 -0.003215338366053232 -12693.647075436176
21.850000000000176 -0.003244353564228919 -12808.194486481472
21.900000000000176 -0.0032713276070872105 -12914.683739325219
21.950000000000177 -0.0032962329566243926 -13013.006118286356
22.000000000000178 -0.0033190433513370686 -13103.05794710508
22.05000000000018 -0.0033397338486337393 -13184.74075637706
22.10000000000018 -0.0033582808852422033 -13257.961522032285
22.15000000000018 -0.0033746623281837277 -13322.632866573029
22.20000000000018 -0.0033888574883435474 -13378.673112648039
22.25000000000018 -0.003400848801469866 -13426.012919370582
22.300000000000182 -0.003410621919267528 -13464.595641941849
22.350000000000183 -0.0034181639232838856 -13494.370280355
22.400000000000183 -0.0034234614190943244 -13515.283955541185
22.450000000000184 -0.0034265003097615925 -13527.281015022823
22.500000000000185 -0.0034272665212395897 -13530.305896692986
22.550000000000185 -0.0034257470252024766 -13524.307166782854
22.600000000000186 -0.003421930771532414 -13509.241201175764
22.650000000000187 -0.003415809266794838 -13485.074469136058
22.700000000000188 -0.0034073767018618804 -13451.78403714614
22.75000000000019 -0.0033966230997115924 -13409.330517502123
22.80000000000019 -0.0033835375786774174 -13357.670951106345
22.85000000000019 -0.003368117240951818 -13296.793897873202
22.90000000000019 -0.003350367964305372 -13226.722562310835
22.95000000000019 -0.003330297979600936 -13147.489438563356
23.000000000000192 -0.003307913523685476 -13059.11914871567
23.050000000000193 -0.003283218565239009 -12961.627360488483
23.100000000000193 -0.003256216880143738 -12855.028980467237
23.150000000000194 -0.0032269140758975686 -12739.346146166336
23.200000000000195 -0.0031953183450872656 -12614.611200621935
23.250000000000195 -0.003161440105713098 -12480.86527245056
23.300000000000196 -0.0031252912928025423 -12338.155479252087
23.350000000000197 -0.0030868849102160937 -12186.533158210033
23.400000000000198 -0.0030462350000068504 -12026.05374512802
23.4500000000002 -0.003003356854250122 -11856.777610699557
23.5000000000002 -0.0029582672230497697 -11678.770881684159
23.5500000000002 -0.0029109843824191954 -11492.10570889075
23.6000000000002 -0.00286152806919536 -11296.860010228502
23.6500000000002 -0.0028099193674792364 -11093.117022391718
23.700000000000202 -0.0027561806255087017 -10880.96497268716
23.750000000000203 -0.0027003354324486315 -10660.496987405018
23.800000000000203 -0.0026424086378871686 -10431.811168787093
23.850000000000204 -0.002582426377461675 -10195.010696193996
23.900000000000205 -0.002520416076888285 -9950.203842013196
23.950000000000205 -0.0024564064280752996 -9697.503877358466
24.000000000000206 -0.0023904273478798418 -9437.028909247698
24.050000000000207 -0.00232250993500079 -9168.90171042302
24.100000000000207 -0.002252686436087252 -8893.249585552418
24.150000000000208 -0.0021809902262056513 -8610.204294116867
24.20000000000021 -0.0021074558039332696 -8319.902031040443
24.25000000000021 -0.0020321187832779307 -8022.483394790485
24.30000000000021 -0.0019550158672124807 -7718.09328289593
24.35000000000021 -0.0018761848201201742 -7406.880783166046
24.40000000000021 -0.0017956644490609525 -7088.999099732669
24.450000000000212 -0.0017134945876640226 -6764.605489460652
24.500000000000213 -0.0016297160743307074 -6433.861175896168
24.550000000000214 -0.0015443707231060579 -6096.931234272441
24.600000000000215 -0.0014575012921944524 -5753.984467214317
24.650000000000215 -0.0013691514566054374 -5405.193296748372
24.700000000000216 -0.0012793657874415562 -5050.733682534534
24.750000000000217 -0.0011881897353697973 -4690.78505661398
24.800000000000217 -0.0010956696139339552 -4325.530257528976
24.850000000000218 -0.001001852581289124 -3955.155458213548
24.90000000000022 -0.0009067866189661677 -3579.850082158971
24.95000000000022 -0.000810520508004996 -3199.806709191716
25.00000000000022 -0.0007131038059314942 -2815.220984582018
25.05000000000022 -0.0006145868263256435 -2426.2915383820446
25.10000000000022 -0.0005150206196281818 -2033.2199096536283
25.150000000000222 -0.00041445695235606803 -1636.2104644142123
25.200000000000223 -0.0003129482825553176 -1235.4702987285273
25.250000000000224 -0.00021054773112769035 -831.2091255108925
25.300000000000225 -0.00010730905031502554 -423.63915010635816
25.350000000000225 -3.286591366065203e-06 -12.974942644439764
25.400000000000226 0.00010146472667057394 400.5666851612901
25.450000000000227 0.00020688944533798123 816.7667920986702
25.500000000000227 0.00031293159037696483 1235.4044006497536
25.550000000000228 0.0004195346879483746 1656.2565610339711
25.60000000000023 0.0005266417743112488 2079.0983894159235
25.65000000000023 0.0006341954098948552 2503.7031234595725
25.70000000000023 0.0007421377079324344 2929.8422353697288
25.75000000000023 0.0008504103752081692 3357.2855927546393
25.80000000000023 0.000958954755237085 3785.8016290934006
25.850000000000232 0.0010677118665946789 4215.15749505527
25.900000000000233 0.001176622431679658 4645.119172050406
25.950000000000234 0.0012856268942134596 5075.4515413152
26.000000000000234 0.001394665425698352 5505.918409407846
26.050000000000235 0.0015036779246003767 5936.282504982715
26.100000000000236 0.0016126040495523964 6366.30560987074
26.150000000000237 0.0017213832558007896 6795.748702965199
26.200000000000237 0.0018299548233685762 7224.372071405279
26.250000000000238 0.0019382578841874664 7651.935417689106
26.30000000000024 0.0020462314463810644 8078.197955539998
26.35000000000024 0.0021538144107421946 8502.918474956337
26.40000000000024 0.002260945581198497 8925.855383528089
26.45000000000024 0.0023675636621439556 9346.766695902088
26.50000000000024 0.0024736072422496423 9765.40996986943
26.550000000000242 0.0025790147793726707 10181.542246788404
26.600000000000243 0.002683724609503026 10594.920086905153
26.650000000000244 0.0027876749814713937 11005.299706374704
26.700000000000244 0.0028908040881596353 11412.437100474977
26.750000000000245 0.0029930500755249263 11816.088079232657
26.800000000000246 0.003094351047614114 12216.008287219089
26.850000000000247 0.003194645085454824 12611.953278129367
26.900000000000247 0.0032938702810033182 13003.678648803114
26.950000000000248 0.003391964817367212 13390.940355931078
27.00000000000025 0.0034888670455898215 13773.49501918757
27.05000000000025 0.003584515537976528 14151.100131754529
27.10000000000025 0.0036788491474172747 14523.514294517345
27.15000000000025 0.0037718070387475432 14890.497339873027
27.20000000000025 0.0038633286411296304 15251.810143739025
27.250000000000252 0.0039533535622287225 15607.214286733955
27.300000000000253 0.004041821538677684 15956.47185862041
27.350000000000254 0.004128672409320902 16299.345352675908
27.400000000000254 0.004213846133525105 16635.5977379811
27.450000000000255 0.004297282858590747 16964.992725549233
27.500000000000256 0.004378922999453789 17287.29508297621
27.550000000000257 0.004458707287088136 17602.270825525702
27.600000000000257 0.004536576796163552 17909.68732531826
27.650000000000258 0.0046124729282780216 18209.31324513531
27.70000000000026 0.004686337339175566 18500.91825108662
27.75000000000026 0.004758111970091839 18784.273136357748
27.80000000000026 0.004827739241358498 19059.15058552945
27.85000000000026 0.004895162297121909 19325.326140688434
27.90000000000026 0.004960325148414894 19582.578766251943
27.950000000000262 0.005023172699397591 19830.69095256255
28.000000000000263 0.005083650716725036 20069.448594956193
28.050000000000264 0.005141705760625449 20298.64072167017
28.100000000000264 0.005197285106938499 20518.059186062554
28.150000000000265 0.005250336772293308 20727.49876601093
28.200000000000266 0.005300809653103383 20926.75771264244
28.250000000000266 0.005348653650755916 21115.638244561298
28.300000000000267 0.005393819708231066 21293.946692415935
28.350000000000268 0.005436259791984135 21461.493427372694
28.40000000000027 0.005475926873584117 21618.092788627713
28.45000000000027 0.0055127749196864665 21763.563043821032
28.50000000000027 0.005546758905454455 21897.72644202195
28.55000000000027 0.005577834844855251 22020.409333333184
28.60000000000027 0.00560595982397202 22131.442300401744
28.650000000000272 0.00563109202140248 22230.660238949233
28.700000000000273 0.005653190625128633 22317.902029586658
28.750000000000274 0.005672215777103289 22393.010319050845
28.800000000000274 0.005688128636328723 22455.831769228946
28.850000000000275 0.005700891507274398 22506.217564131337
28.900000000000276 0.005710477569167118 22544.061819589537
28.950000000000276 0.005716863045133543 22569.27066827005
29.000000000000277 0.005720021167756862 22581.738436646963
29.050000000000278 0.0057199196091973145 22581.337499524452
29.10000000000028 0.005716521684901494 22567.92303209061
29.15000000000028 0.005709789134435267 22541.343988205797
29.20000000000028 0.005699665842122961 22501.378832062182
29.25000000000028 0.005686094737711945 22447.80225933314
29.30000000000028 0.005669047862125404 22380.50389200764
29.350000000000282 0.005648521952780208 22299.470849923757
29.400000000000283 0.005624515340192666 22204.696542224054
29.450000000000284 0.005597013827588797 22096.12492229135
29.500000000000284 0.005565991472031917 21973.653571516814
29.550000000000285 0.005531419102469648 21837.167327201674
29.600000000000286 0.005493271688571961 21686.567373563754
29.650000000000286 0.005451530508044176 21521.779797946278
29.700000000000287 0.0054061811725834375 21342.747797606367
29.750000000000288 0.00535721061949337 21149.419803085762
29.80000000000029 0.005304605412710786 20941.74277093312
29.85000000000029 0.0052483518875389166 20719.66275508789
29.90000000000029 0.005188437325300065 20483.129544223128
29.95000000000029 0.005124851052051956 20232.100999303762
30.00000000000029 0.005057584856966695 19966.54470528055
30.050000000000292 0.004986632764516097 19686.437071713783
30.100000000000293 0.004911990579576825 19391.761536920356
30.150000000000293 0.0048336555935785995 19082.507407893412
30.200000000000294 0.0047516266317261064 18758.67004672695
30.250000000000295 0.004665904361046519 18420.2520867387
30.300000000000296 0.004576491614709127 18067.264712832693
30.350000000000296 0.004483393566305865 17699.72834953123
30.400000000000297 0.004386617750245133 17317.672741486425
30.450000000000298 0.004286174034519759 16921.136845972454
30.5000000000003 0.004182074613301242 16510.168803648805
30.5500000000003 0.004074334030899424 16084.826033149238
30.6000000000003 0.003962969255325149 15645.175521495561
30.6500000000003 0.003847999789174908 15191.294261852636
30.7000000000003 0.00372944778594141 14723.26971270412
30.750000000000302 0.003607338144681659 14241.200171587046
30.800000000000303 0.0034816985849950187 13745.195071093369
30.850000000000303 0.003352559711539584 13235.375233570378
30.900000000000304 0.003219955072094354 12711.873100340974
30.950000000000305 0.003083921215436041 12174.832960192156
31.000000000000306 0.0029444977729646805 11624.411271620009
31.050000000000306 0.002801727581600978 11060.777148008981
31.100000000000307 0.0026556567396976744 10484.112578361111
31.150000000000308 0.0025063346202546604 9894.612479467207
31.20000000000031 0.0023538138945104156 9292.484789042112
31.25000000000031 0.002198150580647473 8677.95065800617
31.30000000000031 0.0020394040894097802 8051.24463057536
31.35000000000031 0.0018776372112684252 7412.614593593598
31.40000000000031 0.0017129160858642017 6762.3216558968315
31.450000000000312 0.0015453102416560153 6100.640304838666
31.500000000000313 0.0013748927225023123 5427.858906013819
31.550000000000313 0.0012017401830944309 4744.28008001389
31.600000000000314 0.0010259329664260516 4050.2210082644874
31.650000000000315 0.0008475550751084823 3346.013319782519
31.700000000000315 0.0006666942411089404 2632.003366491891
31.750000000000316 0.00048344217594305434 1908.5532109439137
31.800000000000317 0.000297894854703852 1176.041747618805
31.850000000000318 0.00011015261033461057 434.86507509998137
31.90000000000032 -7.96800496425835e-05 -314.5642274525842
31.95000000000032 -0.0002714947059820694 -1071.8181380132373
32.00000000000032 -0.0004651791084234359 -1836.4535103163064
32.05000000000032 -0.0006606171463713488 -2608.0119581047024
32.100000000000314 -0.0008576889036532801 -3386.0200713047675
32.15000000000031 -0.0010562707633644142 -4169.989829937374
32.20000000000031 -0.001256235404798729 -4959.418592002322
32.250000000000306 -0.0014574517095007297 -5753.788722585444
32.3000000000003 -0.001659784669779056 -6552.567232684807
32.3500000000003 -0.0018630954098601625 -7355.205862722096
32.4000000000003 -0.0020672409649354372 -8161.1402102556
32.450000000000294 -0.002272074339361979 -8969.789959747672
32.50000000000029 -0.0024774448050818203 -9780.560060676598
32.55000000000029 -0.002683198171273492 -10592.841792078309
32.600000000000286 -0.0028891769982335473 -11406.013606916782
32.65000000000028 -0.003095220540826829 -12219.440908834662
32.70000000000028 -0.0033011644529203476 -13032.47488530496
32.75000000000028 -0.003506840630969568 -13844.45189013449
32.800000000000274 -0.003712077623811967 -14654.695061263965
32.85000000000027 -0.003916700989073864 -15462.515727805778
32.90000000000027 -0.004120532751464729 -16267.21127147565
32.950000000000266 -0.004323390941499939 -17068.063305543063
33.00000000000026 -0.004525090258871953 -17864.340293715682
33.05000000000026 -0.004725443096144085 -18655.30159152039
33.10000000000026 -0.0049242601033451456 -19440.19967523359
33.150000000000254 -0.005121350242151579 -20218.28035578371
33.20000000000025 -0.0053165206077623985 -20988.782075541614
33.25000000000025 -0.005509576207785644 -21750.93503539936
33.300000000000246 -0.005700320039039286 -22503.961497967997
33.35000000000024 -0.005888553921023119 -23247.07907799271
33.40000000000024 -0.006074079075465041 -23979.503030309817
33.45000000000024 -0.006256695898844806 -24700.44535180657
33.500000000000234 -0.006436203443749553 -25409.112733894828
33.55000000000023 -0.006612399212413088 -26104.705747436805
33.60000000000023 -0.006785079444281448 -26786.419978008442
33.650000000000226 -0.006954039682209899 -27453.448261155543
33.70000000000022 -0.0071190753082998595 -28104.982797793145
33.75000000000022 -0.007279981773356007 -28740.2160600659
33.80000000000022 -0.007436554514207421 -29358.340464944995
33.850000000000215 -0.007588588829680992 -29958.54788459082
33.90000000000021 -0.0077358800030844 -30540.030129896375
33.95000000000021 -0.007878223723172694 -31101.98061239672
34.000000000000206 -0.008015416618375432 -31643.596453313174
34.0500000000002 -0.008147256699977116 -32164.08023315956
34.1000000000002 -0.008273543646526308 -32662.641114544374
34.1500000000002 -0.008394079008014074 -33138.495648234995
34.200000000000195 -0.008508666424225025 -33590.86863517302
34.25000000000019 -0.008617111850072565 -34018.99401606218
34.30000000000019 -0.008719223710230335 -34422.11548182879
34.350000000000186 -0.008814813031913291 -34799.486997820495
34.40000000000018 -0.008903693664771582 -35150.37367191241
34.45000000000018 -0.008985682621115876 -35474.05309766296
34.50000000000018 -0.009060600507008654 -35769.81705619403
34.550000000000175 -0.009128272008933767 -36036.973437485394
34.60000000000017 -0.00918852636693533 -36274.84810825221
34.65000000000017 -0.009241197668025265 -36482.78607027154
34.700000000000166 -0.009286124885803585 -36660.15161679698
34.75000000000016 -0.009323152368344701 -36806.33025865661
34.80000000000016 -0.009352130488872063 -36920.731293013465
34.85000000000016 -0.009372915991005691 -37002.78916634824
34.900000000000155 -0.009385372297914895 -37051.96469494519
34.95000000000015 -0.009389406712937266 -37067.89192704944
35.00000000000015 -0.009384940097562975 -37050.25843634701
35.050000000000146 -0.009371794309200772 -36998.36094407685
35.10000000000014 -0.009349795335575188 -36911.51247731105
35.15000000000014 -0.009318836227690464 -36789.2908183379
35.20000000000014 -0.009278856485747711 -36631.45712352485
35.250000000000135 -0.009229803768334434 -36437.804757257865
35.30000000000013 -0.0091716151009297 -36208.08510609335
35.35000000000013 -0.009104219629187596 -35942.018448285606
35.40000000000013 -0.009027549938754174 -35639.338642632865
35.450000000000124 -0.008941551146735394 -35299.82902015409
35.50000000000012 -0.008846183911725324 -34923.33426720405
35.55000000000012 -0.008741422306955106 -34509.75202900192
35.600000000000115 -0.008627250504577615 -34059.019819711844
35.65000000000011 -0.00850366092292398 -33571.107708104835
35.70000000000011 -0.008370654446422604 -33046.01918576429
35.75000000000011 -0.008228241545185826 -32483.79558703693
35.800000000000104 -0.008076443651299637 -31884.521522406834
35.8500000000001 -0.00791529445172251 -31248.32998265546
35.9000000000001 -0.0077448403643335 -30575.404218224165
35.950000000000095 -0.007565139978535011 -29865.975530802476
36.00000000000009 -0.007376263292089075 -29120.320260478482
36.05000000000009 -0.007178291356312867 -28338.758385026864
36.10000000000009 -0.0069713163103043655 -27521.65365502639
36.150000000000084 -0.006755441736134133 -26669.414996100866
36.20000000000008 -0.006530782825993618 -25782.497168794158
36.25000000000008 -0.0062974666958062735 -24861.4020066573
36.300000000000075 -0.006055632709372589 -23906.67969592175
36.35000000000007 -0.005805432566413481 -22918.92912308079
36.40000000000007 -0.005547030181624695 -21898.797397415434
36.45000000000007 -0.005280601457298217 -20846.97895333974
36.500000000000064 -0.005006334139650495 -19764.21498320737
36.55000000000006 -0.004724427657412589 -18651.292800091025
36.60000000000006 -0.004435092827181126 -17509.044674554672
36.650000000000055 -0.004138551681334802 -16338.347155295087
36.70000000000005 -0.0038350374388124928 -15140.120953778494
36.75000000000005 -0.0035247946929473713 -13915.331685779915
36.80000000000005 -0.0032080792794306067 -12664.989350124755
36.850000000000044 -0.0028851579710021526 -11390.147123376353
36.90000000000004 -0.0025563081119597012 -10091.899916935157
36.95000000000004 -0.002221817248782841 -8771.38291880135
37.000000000000036 -0.0018819828245792579 -7429.7703872968095
37.05000000000003 -0.0015371118573821452 -6068.274381034183
37.10000000000003 -0.0011875205693633664 -4688.143295109128
37.15000000000003 -0.000833534179782984 -3290.6610436978185
37.200000000000024 -0.00047548681611795133 -1877.1467092070793
37.25000000000002 -0.0001137213164198478 -448.9537620140021
37.30000000000002 0.0002514108704269887 992.5303332991656
37.350000000000016 0.0006195499959828284 2445.8853468188067
37.40000000000001 0.0009903289611305718 3909.662029320217
37.45000000000001 0.0013633745378967756 5382.386935823674
37.50000000000001 0.0017383081675835825 6862.565576493001
37.550000000000004 0.0021147462384226725 8348.683512769428
37.6 0.0024923003386462072 9839.207356455641
37.65 0.00287057786734988 11332.58718130643
37.699999999999996 0.0032491830460588916 12827.260516531103
37.74999999999999 0.0036277178533428334 14321.656036505145
37.79999999999999 0.004005782425663682 15814.195143254668
37.84999999999999 0.004382975179773083 17303.292449661534
37.899999999999984 0.0047588930183670546 18787.356591355558
37.94999999999998 0.005133131684464963 20264.79162574665
37.99999999999998 0.005505286107530882 21733.998398457155
38.049999999999976 0.005874950885560056 23193.37644652294
38.09999999999997 0.006241720880474177 24641.32634891971
38.14999999999997 0.006605191789722986 26076.251983155707
38.19999999999997 0.006964960618737596 27496.56239044265
38.249999999999964 0.007320626054203975 28900.673249320385
38.29999999999996 0.007671788778274169 30287.00811611307
38.34999999999996 0.008018051788679984 31653.999688687345
38.399999999999956 0.008359020647768996 33000.09078960708
38.44999999999995 0.008694303867623716 34323.735886522896
38.49999999999995 0.009023513500808053 35623.40342434576
38.54999999999995 0.009346265637685822 36897.577788581686
38.599999999999945 0.009662180735144717 38144.76060308204
38.64999999999994 0.00997088392510066 39363.47194796984
38.69999999999994 0.010272005410339256 40552.2519223592
38.749999999999936 0.010565180906991689 41709.662391180165
38.79999999999993 0.010850052103381667 42834.28879663382
38.84999999999993 0.011126267166831193 43924.742158981266
38.89999999999993 0.01139348135460425 44979.66148845265
38.949999999999925 0.011651357704326662 45997.716510915525
38.99999999999992 0.01189956757848649 46977.609817476194
39.04999999999992 0.012137791003953036 47918.07820484708
39.099999999999916 0.01236571694342355 48817.89374697532
39.14999999999991 0.012583043827766156 49675.86589664845
39.19999999999991 0.012789480642295117 50490.84577393721
39.24999999999991 0.012984747383680783 51261.72797000375
39.299999999999905 0.013168574722061616 51987.44921317335
39.3499999999999 0.013340703812855462 52666.987625995134
39.3999999999999 0.013500886545028937 53299.36370537027
39.449999999999896 0.01364888602366593 53883.642227656106
39.49999999999989 0.013784478304550195 54418.93909652375
39.54999999999989 0.013907453790382896 54904.426855003956
39.59999999999989 0.014017616475624767 55339.33170424355
39.649999999999885 0.014114782884298373 55722.92931011678
39.69999999999988 0.014198781818933807 56054.54381210266
39.74999999999988 0.014269454806475358 56333.54958365395
39.799999999999876 0.014326656847900505 56559.37419157432
39.84999999999987 0.0143702571533927 56731.501298364165
39.89999999999987 0.014400139631357233 56849.47259277785
39.94999999999987 0.014416203076412382 56912.88853198303
39.999999999999865 0.014418389245320727 56921.519180894764
40.04999999999986 0.014406630674082222 56875.09820231633
40.09999999999986 0.014380835576321983 56773.263238163934
40.14999999999986 0.014340936943466909 56615.74974919438
40.199999999999854 0.014286912359304616 56402.46923974831
40.24999999999985 0.014218768632961388 56133.44859117881
40.29999999999985 0.014136524261312547 55808.760826222715
40.349999999999845 0.01404020313964339 55428.500279685206
40.39999999999984 0.01392983761381576 54992.79464791044
40.44999999999984 0.013805474027618368 54501.82688884282
40.49999999999984 0.013667176099280911 53955.84855197046
40.549999999999834 0.013515025609847797 53355.18249591567
40.59999999999983 0.013349121307221767 52700.218561772665
40.64999999999983 0.013169577235167535 51991.40697627828
40.699999999999825 0.012976521524972872 51229.253581481214
40.74999999999982 0.012770096184684472 50414.31900267851
40.79999999999982 0.012550457579785144 49547.2205460531
40.84999999999982 0.012317776965086617 48628.634298502395
40.899999999999814 0.01207224033450401 47659.29453457169
40.94999999999981 0.011814047319721604 46639.989368560906
40.99999999999981 0.011543411462616391 45571.561830009625
41.049999999999805 0.011260561240355148 44454.91391061816
41.0999999999998 0.010965740138104352 43291.00685129477
41.1499999999998 0.010659205625162572 42080.85710008838
41.1999999999998 0.01034122812989367 40825.532265387046
41.249999999999794 0.010012090815915153 39526.15023234501
41.29999999999979 0.009672089113516422 38183.877312996054
41.34999999999979 0.009321530370312353 36799.92686708916
41.399999999999785 0.008960733697178506 35375.558693865074
41.44999999999978 0.008590030127013433 33912.079658824776
41.49999999999978 0.008209762926619473 32410.844924985515
41.54999999999978 0.007820287580180326 30873.257887652875
41.599999999999774 0.007421971333522484 29300.76837523702
41.64999999999977 0.0070151925913355135 27694.870269573774
41.69999999999977 0.006600340476964882 26057.09976805633
41.749999999999766 0.006177814557702493 24389.034299125768
41.79999999999976 0.005748024413127656 22692.290818149515
41.84999999999976 0.005311389015845268 20968.52336267365
41.89999999999976 0.004868336126009707 19219.420662099084
41.949999999999754 0.004419301808582826 17446.704231892487
41.99999999999975 0.003964730030208918 15652.126782112431
42.04999999999975 0.003505072225089799 13837.470503552939
42.099999999999746 0.003040786767404304 12004.544984939119
42.14999999999974 0.002572338390130539 10155.184918529392
42.19999999999974 0.002100197612022784 8291.24783791097
42.24999999999974 0.0016248402435005069 6414.612167327882
42.299999999999734 0.0011467469194241294 4527.17537715362
42.34999999999973 0.0006664025100835618 2630.851658567087
42.39999999999973 0.000184295510470257 727.5695124953032
42.449999999999726 -0.0002990824421776465 -1180.7301550420211
42.49999999999972 -0.0007832369789754791 -3092.0956539169283
42.54999999999972 -0.0012676712844785808 -5004.56563536976
42.59999999999972 -0.0017518864833761783 -6916.170618615394
42.649999999999714 -0.0022353823171060863 -8824.935662011021
42.69999999999971 -0.002717657871458712 -10728.883235521616
42.74999999999971 -0.003198212098269179 -12626.035280277887
42.799999999999706 -0.003676544159636214 -14514.414567497979
42.8499999999997 -0.004152153851592275 -16392.046371070097
42.8999999999997 -0.004624542210996168 -18256.960863468514
42.9499999999997 -0.00509321223022766 -20107.19593725482
42.999999999999694 -0.005557669551196098 -21940.799944914128
43.04999999999969 -0.006017423040400373 -23755.833969100808
43.09999999999969 -0.0064719851823600745 -25550.37337584244
43.149999999999686 -0.006920872463202803 -27322.50932888181
43.19999999999968 -0.007363605965187486 -29070.351136760903
43.24999999999968 -0.0077997121002100385 -30792.029148585163
43.29999999999968 -0.008228723257897363 -32485.69731259607
43.349999999999675 -0.0086501782920429 -34149.53509654169
43.39999999999967 -0.009063622907452265 -35781.74901488207
43.44999999999967 -0.009468610031842371 -37380.57409698812
43.499999999999666 -0.009864700216803362 -38944.27547007584
43.54999999999966 -0.01025146223520713 -40471.15071768065
43.59999999999966 -0.010628473595053329 -41959.53190824014
43.64999999999966 -0.010995320898909476 -43407.787014106696
43.699999999999655 -0.011351600190174815 -44814.321278542455
43.74999999999965 -0.011696917346279897 -46177.57876800901
43.79999999999965 -0.012030888497842137 -47496.04402692723
43.849999999999646 -0.012353140428943378 -48768.24365790977
43.89999999999964 -0.01266331080646322 -49992.74722713272
43.94999999999964 -0.012961048317887601 -51168.16780838211
43.99999999999964 -0.013246013271819655 -52293.16435377572
44.049999999999635 -0.013517877953174114 -53366.44309601441
44.09999999999963 -0.013776327301468976 -54386.76022617027
44.14999999999963 -0.01402105987132878 -55352.92568560156
44.199999999999626 -0.014251788473664932 -56263.80569723119
44.24999999999962 -0.014468240134554855 -57118.32260320811
44.29999999999962 -0.014670155570399739 -57915.45279291312
44.34999999999962 -0.01485728859831593 -58654.22437527745
44.399999999999615 -0.015029406326341876 -59333.7179296896
44.44999999999961 -0.015186289749287303 -59953.06885831366
44.49999999999961 -0.015327734280691696 -60511.46948617719
44.549999999999606 -0.015453550164499563 -61008.170686400015
44.5999999999996 -0.015563562909547905 -61442.48359548203
44.6499999999996 -0.015657613986668494 -61813.78236535266
44.6999999999996 -0.015735561094576824 -62121.50521305835
44.749999999999595 -0.015797277740144146 -62365.15276374303
44.79999999999959 -0.015842652869496588 -62544.28659428578
44.84999999999959 -0.015871590960100154 -62658.52959683781
44.89999999999959 -0.015884012544671044 -62707.56804713755
44.949999999999584 -0.015879880669486687 -62691.256057735845
44.99999999999958 -0.01585913733481371 -62609.36465486317
45.04999999999958 -0.015821729179245587 -62461.68317613046
45.099999999999575 -0.015767636086165052 -62248.13220431599
45.14999999999957 -0.015696870656094677 -61968.76148428896
45.19999999999957 -0.015609466588704218 -61623.70405701297
45.24999999999957 -0.015505469952765564 -61213.14179470952
45.299999999999564 -0.015384937238247054 -60737.29771083466
45.34999999999956 -0.01524793768817274 -60196.445165890385
45.39999999999956 -0.015094556474726852 -59590.92040618239
45.449999999999555 -0.014924896692716362 -58921.130433694954
45.49999999999955 -0.014739080035486242 -58187.555674497315
45.54999999999955 -0.014537246451410551 -57390.74862262489
45.59999999999955 -0.014319553210389281 -56531.33015475651
45.649999999999544 -0.014086173964398926 -55609.98582141678
45.69999999999954 -0.013837298260592198 -54627.463924770746
45.74999999999954 -0.013573131656159913 -53584.57597208046
45.799999999999535 -0.01329389595415603 -52482.19760670494
45.84999999999953 -0.01299982922035168 -51321.26867463719
45.89999999999953 -0.012691185617920582 -50102.79257186837
45.94999999999953 -0.012368235169480714 -48827.83530496601
45.999999999999524 -0.012031263434977941 -47497.5242194095
46.04999999999952 -0.011680571232763266 -46113.046898447225
46.09999999999952 -0.011316474582143497 -44675.650936295715
46.149999999999515 -0.010939304704608686 -43186.643942985356
46.19999999999951 -0.010549407912337954 -41647.39310419902
46.24999999999951 -0.010147145310173114 -40059.32400471112
46.29999999999951 -0.009732892375174723 -38423.918968541395
46.349999999999504 -0.009307038543631569 -36742.71542853377
46.3999999999995 -0.00886998685679311 -35017.30452776401
46.4499999999995 -0.008422153661969172 -33249.32993952872
46.499999999999496 -0.007963968343578043 -31440.486805565666
46.54999999999949 -0.00749587293697508 -29592.520211510342
46.59999999999949 -0.007018321904935643 -27707.224304485866
46.64999999999949 -0.00653178223512108 -25786.442677883315
46.699999999999484 -0.006036732995470239 -23832.06661611776
46.74999999999948 -0.005533664338551407 -21846.031163967276
46.79999999999948 -0.0050230765373495065 -19830.311320013352
46.849999999999476 -0.00450547937069159 -17786.91961039801
46.89999999999947 -0.003981391814184806 -15717.904868695801
46.94999999999947 -0.003451341773592214 -13625.351183323704
46.99999999999947 -0.0029158656402578286 -11511.37614242956
47.049999999999464 -0.0023755076200836066 -9378.128184799387
47.09999999999946 -0.0018308189959905206 -7227.783688170416
47.14999999999946 -0.00128235744534121 -5062.544274523724
47.199999999999456 -0.0007306862425773759 -2884.633662222846
47.24999999999945 -0.00017637357043516448 -696.2949468010972
47.29999999999945 0.0003800078949694472 1500.2110370556634
47.34999999999945 0.0009378815676658717 3702.608019174269
47.399999999999444 0.0014966678537468663 5908.607854523613
47.44999999999944 0.002055785005523255 8115.9138952823305
47.49999999999944 0.0026146497643197886 10322.223528495135
47.549999999999436 0.0031726778169872804 12525.229978310494
47.59999999999943 0.003729284143003909 14722.623676281652
47.64999999999943 0.004283883487432431 16912.094128526856
47.69999999999943 0.004835891050034446 19091.33263624344
47.749999999999424 0.005384723267571311 21258.03538410803
47.79999999999942 0.005929798513694272 23409.906203332044
47.84999999999942 0.006470537748126825 25544.65913453093
47.899999999999416 0.00700636511435179 27660.020787298145
47.94999999999941 0.007536708533565409 29753.732685041952
47.99999999999941 0.008061000277805382 31823.55352760421
48.04999999999941 0.00857867754940358 33867.26147884801
48.099999999999405 0.00908918307115563 35882.6564965538
48.1499999999994 0.009591965628333116 37867.562472197744
48.1999999999994 0.010086480613340807 39819.82938117236
48.249999999999396 0.010572190569617435 41737.335430020656
48.29999999999939 0.011048565705675747 43617.98908578492
48.34999999999939 0.011515084352215885 45459.73088061804
48.39999999999939 0.011971233307178916 47260.53477400021
48.449999999999385 0.012416508086312858 49018.40914193399
48.49999999999938 0.01285041340370249 50731.3986739999
48.54999999999938 0.013272463776413598 52397.58676039628
48.599999999999376 0.013682184070223773 54015.0976463981
48.64999999999937 0.014079109934196558 55582.09814798689
48.69999999999937 0.014462788194125623 57096.799205106174
48.74999999999937 0.014832777323147606 58557.45773956641
48.799999999999365 0.015188648036168607 59962.37900174676
48.84999999999936 0.015529983934279007 61309.91911464284
48.89999999999936 0.01585638214461277 62598.48759992995
48.949999999999356 0.0161674539578488 63826.54989471762
48.99999999999935 0.01646282535426494 64992.629428327484
49.04999999999935 0.016742137337041864 66095.30893812433
49.09999999999935 0.017005046263416503 67133.23177685746
49.149999999999345 0.017251224181333978 68105.10324170919
49.19999999999934 0.01748035900169162 69009.69125428703
49.24999999999934 0.017692154746384317 69845.82733986745
49.299999999999336 0.017886331845844403 70612.40780203626
49.34999999999933 0.018062627585568473 71308.39548550585
49.39999999999933 0.018220796761724906 71932.82236434994
49.44999999999933 0.018360611984555658 72484.7907397858
49.499999999999325 0.018481863907889185 72963.47414625506
49.54999999999932 0.01858436158250875 73368.11874646573
49.59999999999932 0.018667932936949825 73698.04522950438
49.64999999999932 0.018732425249740624 73952.65067516698
49.699999999999314 0.018777704904528684 74131.4075872374
49.74999999999931 0.0188036572875902 74233.86348887048
49.79999999999931 0.018810220335630495 74259.7733639997
49.849999999999305 0.01879730161927091 74208.77231606412
49.8999999999993 0.018764816099104433 74080.52462294142
49.9499999999993 0.018712719418416495 73874.85517134148
49.9999999999993 0.01864100577599777 73591.7410590079
50.049999999999294 0.01854969314940741 73231.25325849939
