# (1): time [s] (2): displacement/rotation [m/rad] (3): support force/ moment [N]/[N m]
0.05 0.0 0.0
0.1 1.1711419428029703e-07 4.161134762275874
0.15000000000000002 5.866838245659303e-07 20.845214125141833
0.2 1.724197475382783e-06 61.26172916898628
0.25 3.886263863682843e-06 138.08119295807538
0.3 7.43184435923765e-06 264.05770966611493
0.35 1.2684038835000044e-05 450.6712038342172
0.39999999999999997 1.9894333522178093e-05 706.8571260740225
0.44999999999999996 2.9212204149184734e-05 1037.9264350907322
0.49999999999999994 4.067625418475367e-05 1445.2507343580273
0.5499999999999999 5.410496621371201e-05 1922.380605589115
0.6 6.907953509298074e-05 2454.435660884002
0.65 8.504245268493526e-05 3021.607315075214
0.7000000000000001 0.0001014416230543084 3604.2792816616197
0.7500000000000001 0.00011785156354860014 4187.333916988294
0.8000000000000002 0.00013403383244808554 4762.299249448196
0.8500000000000002 0.0001499290627872082 5327.065936568998
0.9000000000000002 0.0001655966672246295 5883.74494432536
0.9500000000000003 0.00018113081481621436 6435.682153498839
1.0000000000000002 0.00019658279949755393 6984.700067158291
1.0500000000000003 0.00021191272366644884 7529.38110052278
1.1000000000000003 0.0002269806020950513 8064.751497837231
1.1500000000000004 0.00024157277215340592 8583.219702823004
1.2000000000000004 0.0002554486851014268 9076.238880226314
1.2500000000000004 0.00026838917429449134 9536.021912957942
1.3000000000000005 0.0002802329817615446 9956.839212446885
1.3500000000000005 0.00029087821276763695 10335.070400084916
1.4000000000000006 0.0003002602158700232 10668.418372882159
1.4500000000000006 0.0003083420669344501 10955.571195086057
1.5000000000000007 0.00031511001109691544 11196.04014845796
1.5500000000000007 0.00032056778718327186 11389.958075633389
1.6000000000000008 0.0003247305478152712 11537.863357988732
1.6500000000000008 0.00032761918574422823 11640.498327009169
1.7000000000000008 0.00032925579088365905 11698.647850042267
1.7500000000000009 0.00032966075724476224 11713.036538049682
1.800000000000001 0.0003288517858725698 11684.293319354436
1.850000000000001 0.0003268447470253075 11612.982073370087
1.900000000000001 0.0003236561040678945 11499.687752932537
1.950000000000001 0.00031930639968066275 11345.14025130336
2.000000000000001 0.0003138241884101701 11150.35412796472
2.0500000000000007 0.00030724977949510925 10916.761593379195
2.1000000000000005 0.00029963822548610144 10646.318696372036
2.1500000000000004 0.00029106113689097215 10341.56979952276
2.2 0.0002816070932507966 10005.662184933757
2.25 0.0002713882063039528 9642.579247228461
2.3 0.00026053347949425644 9256.904553051496
2.3499999999999996 0.00024917954102465675 8853.492581130164
2.3999999999999995 0.00023746299362027785 8437.196904949975
2.4499999999999993 0.0002255154483763725 8012.69374251271
2.499999999999999 0.00021346122978054645 7584.4004144545015
2.549999999999999 0.000201417283841728 7156.472079815219
2.5999999999999988 0.00018949446093016284 6732.847316082207
2.6499999999999986 0.000177799275865077 6317.310656118474
2.6999999999999984 0.00016643543995937897 5913.5470225931895
2.7499999999999982 0.0001555047681937982 5525.173960401208
2.799999999999998 0.00014510735227436862 5155.747785495117
2.849999999999998 0.0001353384773185317 4808.654032966966
2.8999999999999977 0.00012628907843931946 4487.123679747216
2.9499999999999975 0.00011804593705842815 4194.240119721288
2.9999999999999973 0.00011069117251690826 3932.921100364629
3.049999999999997 0.00010430105164253271 3705.8764259858017
3.099999999999997 9.89444828678495e-05 3515.554452873737
3.149999999999997 9.468139804836179e-05 3364.084594365858
3.1999999999999966 9.15611909714477e-05 3253.22184017082
3.2499999999999964 8.962141007729061e-05 3184.3003079903815
3.2999999999999963 8.888684201416914e-05 3158.200681711122
3.349999999999996 8.936907235152728e-05 3175.334603286865
3.399999999999996 9.106655134064076e-05 3235.647009253025
3.4499999999999957 9.396512935810065e-05 3338.6351553419076
3.4999999999999956 9.803897076296207e-05 3483.381086353445
3.5499999999999954 0.00010325171245951255 3668.5928005575047
3.599999999999995 0.00010955771513728825 3892.6487069721875
3.649999999999995 0.00011690326372932098 4153.640278336618
3.699999999999995 0.00012522760446636414 4449.408898244777
3.7499999999999947 0.00013446375333385548 4777.57458608693
3.7999999999999945 0.00014454534459568022 5135.7793290426125
3.8499999999999943 0.0001554011969768628 5521.494015422638
3.899999999999994 0.00016695031221481657 5931.840730314946
3.949999999999994 0.0001791012981646759 6363.5722581848495
3.999999999999994 0.0001917553693067908 6813.178692634144
4.049999999999994 0.00020480934938089726 7276.994121722226
4.099999999999993 0.0002181567432697218 7751.234712607803
4.149999999999993 0.00023169020180096323 8232.086287382646
4.199999999999993 0.0002453030838654821 8715.759826030395
4.249999999999993 0.00025889041646706354 9198.525577547474
4.299999999999993 0.0002723495306326486 9676.735654199796
4.3499999999999925 0.0002855805800744404 10146.842459886057
4.399999999999992 0.00029848704099627414 10605.416448545882
4.449999999999992 0.000310976199554597 11049.163443929136
4.499999999999992 0.0003229579991368002 11474.883682731277
4.549999999999992 0.0003343465534328199 11879.525574898624
4.599999999999992 0.0003450633505854146 12260.299548932813
4.6499999999999915 0.00035503782221878535 12614.698269805338
4.699999999999991 0.0003642038544085619 12940.372671712023
4.749999999999991 0.0003725024135882708 13235.225258041943
4.799999999999991 0.00037988440429559037 13497.511638747485
4.849999999999991 0.0003863115778135682 13725.87281489004
4.899999999999991 0.00039175642134154693 13919.331240819176
4.94999999999999 0.0003962014326996099 14077.265054003925
4.99999999999999 0.00039963813720298705 14199.373144014315
5.04999999999999 0.0004020661479259255 14285.641763155534
5.09999999999999 0.00040349248693639673 14336.320409546226
5.14999999999999 0.0004039312792778109 14351.910954112574
5.1999999999999895 0.0004034038117655036 14333.169729661335
5.249999999999989 0.00040193884321374624 14281.11855342416
5.299999999999989 0.0003995729869617643 14197.0583184273
5.349999999999989 0.0003963509739703274 14082.57834146495
5.399999999999989 0.00039232564319971854 13939.55602122296
5.449999999999989 0.0003875575797572175 13770.143981450547
5.4999999999999885 0.0003821144068639255 13576.744914133857
5.549999999999988 0.0003760698111917935 13361.97694915933
5.599999999999988 0.0003695024255405401 13128.633955181187
5.649999999999988 0.00036249470121500624 12879.645474539511
5.699999999999988 0.00035513187666289333 12618.040078365175
5.749999999999988 0.00034750110001349825 12346.914189875817
5.799999999999987 0.0003396907087223167 12069.406489733785
5.849999999999987 0.00033178962554237975 11788.676454559902
5.899999999999987 0.0003238868063128586 11507.884736544598
5.949999999999987 0.0003160706743197201 11230.173065956287
5.999999999999987 0.0003084284947338621 10958.64202456809
6.0499999999999865 0.0003010456735690385 10696.326137229215
6.099999999999986 0.0002940049984246737 10446.166895019947
6.149999999999986 0.00028738584939621864 10210.984718442203
6.199999999999986 0.0002812634065779068 9993.4507995361
6.249999999999986 0.00027570789536751985 9796.06028712369
6.299999999999986 0.00027078391354253315 9621.108377436907
6.349999999999985 0.00026654986867569674 9470.670325169209
6.399999999999985 0.00026305753360459874 9346.585649053175
6.449999999999985 0.00026035171026915835 9250.446187813057
6.499999999999985 0.00025846998234069186 9183.587310933051
6.549999999999985 0.0002574425354575971 9147.081531527652
6.5999999999999845 0.00025729202746308677 9141.733895813588
6.649999999999984 0.0002580334976007139 9168.078756774552
6.699999999999984 0.0002596743124931348 9226.377854755548
6.749999999999984 0.000262214154909018 9316.619918344695
6.799999999999984 0.0002656450660522086 9438.522166931583
6.849999999999984 0.0002699515526214339 9591.534114600274
6.8999999999999835 0.00027511076686038673 9774.84396741243
6.949999999999983 0.00028109276279370644 9987.387727619276
6.999999999999983 0.00028786082647346955 10227.860927509591
7.049999999999983 0.0002953718737110868 10494.73276105303
7.099999999999983 0.0003035769062177481 10786.262290832801
7.149999999999983 0.0003124215164369304 11100.516385035382
7.199999999999982 0.0003218464322091791 11435.38906970384
7.249999999999982 0.000331796016091521 11788.903514450849
7.299999999999982 0.0003422083234054631 12158.858789179088
7.349999999999982 0.0003530094975567513 12542.63072656484
7.399999999999982 0.00036411712495629435 12937.291124330328
7.4499999999999815 0.0003754468107439113 13339.841384495054
7.499999999999981 0.0003869174753364926 13747.40070278195
7.549999999999981 0.0003984532917237222 14157.274901849967
7.599999999999981 0.0004099825984259841 14566.917808062517
7.649999999999981 0.00042143554148767166 14973.847470151924
7.699999999999981 0.00043274227753301264 15375.582312758115
7.7499999999999805 0.00044383271343311257 15769.631886648767
7.79999999999998 0.0004546376937621806 16153.539059722802
7.84999999999998 0.00046509086902383784 16524.94639616692
7.89999999999998 0.00047513039227480594 16881.65643847226
7.94999999999998 0.00048469457207578207 17221.477254275742
7.99999999999998 0.0004937271391815048 17542.409564890935
8.04999999999998 0.0005021820456086503 17842.81725895389
8.09999999999998 0.0005100243396177093 18121.458481033093
8.14999999999998 0.0005172286755146844 18377.432684025658
8.199999999999982 0.0005237767109445425 18610.088153494915
8.249999999999982 0.000529654538918866 18818.93076613414
8.299999999999983 0.0005348510062987746 19003.564244496447
8.349999999999984 0.0005393573210923264 19163.67620404533
8.399999999999984 0.000543167878265866 19299.067494707375
8.449999999999985 0.0005462818640019428 19409.709201079942
8.499999999999986 0.0005487050241633247 19495.805476975893
8.549999999999986 0.0005504510238248418 19557.841850372886
8.599999999999987 0.0005515420306182697 19596.60594999301
8.649999999999988 0.0005520084326042498 19613.177481129635
8.699999999999989 0.0005518878538305785 19608.893247866537
8.74999999999999 0.0005512237869391071 19585.298568813676
8.79999999999999 0.0005500641950227992 19544.097600283298
8.84999999999999 0.0005484603602483271 19487.1124271878
8.899999999999991 0.0005464661193520317 19416.255899770927
8.949999999999992 0.000544137479793547 19333.51799532503
8.999999999999993 0.0005415324995916343 19240.961548689054
9.049999999999994 0.0005387112625117497 19140.72137064853
9.099999999999994 0.0005357357891768346 19035.001089650763
9.149999999999995 0.0005326697769832763 18926.06391086915
9.199999999999996 0.0005295781324542904 18816.216000449574
9.249999999999996 0.0005265263256690715 18707.78354800636
9.299999999999997 0.0005235796306265122 18603.085776307795
9.349999999999998 0.0005208023382388058 18504.406978485647
9.399999999999999 0.0005182570153530333 18413.97019064544
9.45 0.0005160038555484302 18333.914125319512
9.5 0.0005141001347041259 18266.273827475303
9.55 0.0005125997585573816 18212.964598998995
9.600000000000001 0.0005115528789912556 18175.768365175303
9.650000000000002 0.0005110055565176445 18156.32168251558
9.700000000000003 0.0005109994530330507 18156.10482219331
9.750000000000004 0.0005115715465550146 18176.431634465265
9.800000000000004 0.0005127538670968208 18218.440164147734
9.850000000000005 0.0005145732574642484 18283.08415158732
9.900000000000006 0.0005170511637674584 18371.125589427655
9.950000000000006 0.0005202034582889454 18483.12842900573
10.000000000000007 0.0005240402974936079 18619.45353536792
10.050000000000008 0.0005284055822175296 18774.554615331537
10.100000000000009 0.0005329349337212189 18935.485082457148
10.15000000000001 0.0005371356675500832 19084.73957436374
10.20000000000001 0.0005405101973360434 19204.638560861367
10.25000000000001 0.0005426671986461396 19281.27805950518
10.300000000000011 0.000543390568789714 19306.979817254683
10.350000000000012 0.0005426570564642878 19280.917701943672
10.400000000000013 0.0005406091719593308 19208.15518622071
10.450000000000014 0.0005374988543194954 19097.64380941985
10.500000000000014 0.0005336204934408813 18959.84341407215
10.550000000000015 0.0005292503145045847 18804.568439924555
10.600000000000016 0.0005246038078073171 18639.475381308
10.650000000000016 0.0005198160316011066 18469.36293568951
10.700000000000017 0.0005149434627684386 18296.237759225674
10.750000000000018 0.0005099438890189853 18118.600024933443
10.800000000000018 0.0005047323812297967 17933.432152168487
10.85000000000002 0.0004992477806841718 17738.56113650855
10.90000000000002 0.0004934903932756981 17533.997846528935
10.95000000000002 0.0004875265991480078 17322.1008069575
11.000000000000021 0.0004814692926559767 17106.88121923251
11.050000000000022 0.00047546477028318916 16893.537081659655
11.100000000000023 0.0004696413890820252 16686.628994223633
11.150000000000023 0.00046408217294994044 16489.10684380984
11.200000000000024 0.0004588304082284666 16302.508619059085
11.250000000000025 0.00045391134075078196 16127.731318961842
11.300000000000026 0.00044935245825109124 15965.751598543053
11.350000000000026 0.00044519304059053303 15817.965093888042
11.400000000000027 0.00044148279154536087 15686.137808788715
11.450000000000028 0.00043827450667640575 15572.145599923399
11.500000000000028 0.00043561624840066874 15477.696152644592
11.55000000000003 0.0004335463899139344 15404.152888695493
11.60000000000003 0.00043209242738077104 15352.492762636712
11.65000000000003 0.0004312724804533481 15323.359576143921
11.700000000000031 0.00043109746301559713 15317.1411057979
11.750000000000032 0.00043157292634584825 15334.034591714391
11.800000000000033 0.0004327000923003579 15374.083447149782
11.850000000000033 0.00043447605434811134 15437.184401383412
11.900000000000034 0.00043689328601271974 15523.07003437511
11.950000000000035 0.0004399387394684318 15631.276749362421
12.000000000000036 0.00044359283828530915 15761.108984516666
12.050000000000036 0.00044782926144439566 15911.631538877537
12.100000000000037 0.00045261563660733934 16081.69420462197
12.150000000000038 0.0004579146095564374 16269.969764884789
12.200000000000038 0.00046368484559646027 16474.98957414215
12.250000000000039 0.00046988183467504236 16695.172164602667
12.30000000000004 0.00047645824222542464 16928.83571185206
12.35000000000004 0.00048336392141265717 17174.198469967818
12.400000000000041 0.0004905459100450839 17429.37866178244
12.450000000000042 0.0004979486285855924 17692.401514337183
12.500000000000043 0.0005055143247782275 17961.215056721674
12.550000000000043 0.0005131836435155584 18233.71036778962
12.600000000000044 0.0005208963086485172 18507.745801254983
12.650000000000045 0.0005285918137528132 18781.17152902046
12.700000000000045 0.0005362100263555636 19051.851009697602
12.750000000000046 0.0005436917786060475 19317.681975478852
12.800000000000047 0.0005509793519621227 19576.613653325025
12.850000000000048 0.0005580168852673955 19826.66126418214
12.900000000000048 0.0005647508038137435 20065.92126781995
12.950000000000049 0.0005711302420401936 20292.586381566452
13.00000000000005 0.0005771074170570976 20504.958851836953
13.05000000000005 0.0005826379668795555 20701.46247176238
13.100000000000051 0.0005876812849359103 20880.654466468717
13.150000000000052 0.0005922008556230753 21041.237415550997
13.200000000000053 0.0005961645689960624 21182.07043417348
13.250000000000053 0.0005995449925048641 21302.178828037537
13.300000000000054 0.0006023195927744836 21400.761973353816
13.350000000000055 0.0006044709072726009 21477.1994162933
13.400000000000055 0.0006059866641356876 21531.05513047815
13.450000000000056 0.000606859846736228 21562.07981109224
13.500000000000057 0.0006070887004037414 21570.211113682988
13.550000000000058 0.0006066766863763185 21555.57201803288
13.600000000000058 0.0006056323967253318 21518.467805385473
13.650000000000059 0.0006039694419305368 21459.382063923993
13.70000000000006 0.0006017063120573525 21378.971756320178
13.75000000000006 0.0005988662048599087 21278.061112136533
13.800000000000061 0.0005954768149325996 21157.634136259654
13.850000000000062 0.00059157008226804 21018.825675019587
13.900000000000063 0.0005871819072106554 20862.91128832678
13.950000000000063 0.0005823518564435775 20691.296803217127
14.000000000000064 0.0005771227864950534 20505.50493681792
14.050000000000065 0.0005715403314204455 20307.15709339428
14.100000000000065 0.0005656523607753137 20097.95410582064
14.150000000000066 0.0005595085223548312 19879.659988848885
14.200000000000067 0.0005531598842043443 19654.089219537396
14.250000000000068 0.0005466586116948606 19423.09526355718
14.300000000000068 0.0005400576309893809 19188.55861795687
14.350000000000069 0.0005334102304665996 18952.372649517267
14.40000000000007 0.0005267696003351559 18716.427236980573
14.45000000000007 0.0005201883518618219 18482.591688951085
14.500000000000071 0.0005137180480281308 18252.698067854904
14.550000000000072 0.0005074087590004099 18028.52539553425
14.600000000000072 0.0005013086425165671 17811.784744148314
14.650000000000073 0.0004954635459627712 17604.105097728625
14.700000000000074 0.0004899166321043859 17407.020054183566
14.750000000000075 0.0004847080371696999 17221.955676816437
14.800000000000075 0.00047987457116954095 17050.21984650877
14.850000000000076 0.00047544946220839246 16892.993176947068
14.900000000000077 0.00047146213683801907 16751.321210460625
14.950000000000077 0.0004679380281082087 16626.10759795387
15.000000000000078 0.0004648984054810549 16518.10805566288
15.050000000000079 0.0004623602303983042 16427.925233380054
15.10000000000008 0.00046033604673769444 16356.004822304732
15.15000000000008 0.0004588339112744214 16302.633084299065
15.200000000000081 0.00045785736298095784 16267.935761092906
15.250000000000082 0.0004574054277852075 16251.878243343761
15.300000000000082 0.00045747265713928743 16254.266941007836
15.350000000000083 0.0004580492004774308 16274.751857811047
15.400000000000084 0.0004591209105797592 16312.830334884524
15.450000000000085 0.0004606694798595411 16367.85189312938
15.500000000000085 0.0004626726122985236 16439.02434217807
15.550000000000086 0.00046510424812537055 16525.42176334865
15.600000000000087 0.0004679348511623984 16625.994719239807
15.650000000000087 0.00047113173801783647 16739.581950121385
15.700000000000088 0.0004746594126086687 16864.922259723622
15.750000000000089 0.000478479885758118 17000.6658707198
15.80000000000009 0.00048255298604329885 17145.385469322315
15.85000000000009 0.00048683668138384235 17297.58763151175
15.900000000000091 0.0004912874266214476 17455.725172738454
15.950000000000092 0.000495860540181037 17618.210530910317
16.000000000000092 0.000500511178842338 17783.450400588343
16.050000000000093 0.000505193667951568 17949.821935022177
16.100000000000094 0.0005098629852912757 18115.7254689
16.150000000000095 0.0005144741155048864 18279.561580680893
16.200000000000095 0.0005189818694152113 18439.72467287743
16.250000000000096 0.0005233412763255168 18594.616910738554
16.300000000000097 0.0005275084350923183 18742.678461356056
16.350000000000097 0.0005314414977767365 18882.422443363677
16.400000000000098 0.0005351015347055824 19012.46566305559
16.4500000000001 0.0005384531217711997 19131.549481488015
16.5000000000001 0.000541464599038667 19238.549002942007
16.5500000000001 0.0005441080517692533 19332.472400675924
16.6000000000001 0.0005463591293815798 19412.454484511247
16.6500000000001 0.000548196833414362 19477.749167026694
16.700000000000102 0.000549603378637608 19527.724528759143
16.750000000000103 0.0005505616637936215 19561.772952174982
16.800000000000104 0.000551056990441686 19579.372193211555
16.850000000000104 0.0005510817665454643 19580.252502445965
16.900000000000105 0.0005506354753062416 19564.395517722285
16.950000000000106 0.0005497220265581371 19531.940157698224
17.000000000000107 0.0005483476328278876 19483.10715702618
17.050000000000107 0.0005465203628721714 19418.18320327729
17.100000000000108 0.0005442508711477736 19337.546855436423
17.15000000000011 0.0005415533250573469 19241.70148947804
17.20000000000011 0.0005384458796922985 19131.29216625435
17.25000000000011 0.0005349505749294044 19007.101975278718
17.30000000000011 0.0005310928650066604 18870.035320284813
17.35000000000011 0.0005269010587282308 18721.09802938604
17.400000000000112 0.0005224058520497874 18561.380747563504
17.450000000000113 0.0005176400025278149 18392.04736966234
17.500000000000114 0.0005126381034847335 18214.3270163485
17.550000000000114 0.0005074363835126977 18029.50691036324
17.600000000000115 0.0005020724681028486 17838.923907073215
17.650000000000116 0.0004965850591213216 17643.953106068453
17.700000000000117 0.0004910135795715469 17445.995229362325
17.750000000000117 0.0004853978359059625 17246.464623132255
17.800000000000118 0.00047977768748020213 17046.77751323668
17.85000000000012 0.00047419270908653267 16848.340014833742
17.90000000000012 0.00046868185016181826 16652.536023844026
17.95000000000012 0.00046328310285289703 16460.71542312223
18.00000000000012 0.0004580331885962835 16274.182946453539
18.05000000000012 0.00045296726607617913 16094.18780213354
18.100000000000122 0.00044811865870490633 15921.913990191133
18.150000000000123 0.00044351859929054227 15758.471230282525
18.200000000000124 0.00043919599182434246 15604.886497861211
18.250000000000124 0.000435177192725233 15462.096251668818
18.300000000000125 0.00043148581485420566 15330.939470253707
18.350000000000126 0.0004281425571685563 15212.151599487968
18.400000000000126 0.00042516506185337943 15106.359476367155
18.450000000000127 0.00042256779987308817 15014.077262589883
18.500000000000128 0.0004203619853728572 14935.703403191803
18.55000000000013 0.0004185555191452581 14871.518617882612
18.60000000000013 0.0004171529613529343 14821.684931866965
18.65000000000013 0.0004161555337476145 14786.24575468733
18.70000000000013 0.00041556115150959014 14765.127011498926
18.75000000000013 0.0004153644837567621 14758.139292991016
18.800000000000132 0.00041555703732129004 14764.980832019493
18.850000000000133 0.0004161272586166771 14785.241123003061
18.900000000000134 0.00041706065891093864 14818.40537295106
18.950000000000134 0.0004183399706799653 14863.860056788482
19.000000000000135 0.00041994533480600726 14920.89956862593
19.050000000000136 0.0004218545111968663 14988.73370518077
19.100000000000136 0.00042404310441492514 15066.495682506502
19.150000000000137 0.0004264847992188428 15153.250504924808
19.200000000000138 0.00042915160446944256 15248.003631142212
19.25000000000014 0.0004320141058991095 15349.709955292328
19.30000000000014 0.0004350417309665496 15457.283217377966
19.35000000000014 0.0004382030330617142 15569.60610123576
19.40000000000014 0.00044146599125506196 15685.54088480005
19.45000000000014 0.0004447983089115192 15803.940050028841
19.500000000000142 0.0004481677037253675 15923.656588010395
19.550000000000143 0.0004515421878083343 16043.553950654354
19.600000000000144 0.0004548903380655899 16162.51565730662
19.650000000000144 0.000458181557200444 16279.454568396519
19.700000000000145 0.0004613863255988978 16393.321835039987
19.750000000000146 0.00046447644409288965 16503.11552455747
19.800000000000146 0.0004674252664203399 16607.88887991319
19.850000000000147 0.0004702079184851892 16706.758110150564
19.900000000000148 0.00047280150069447743 16798.909579545125
19.95000000000015 0.00047518527083436696 16883.606305294947
20.00000000000015 0.00047734080916472945 16960.19382342637
20.05000000000015 0.00047925216855977703 17028.1055233771
20.10000000000015 0.0004809059857798901 17086.866601548314
20.15000000000015 0.0004822915389689358 17136.09610421749
20.200000000000152 0.00048340077486938793 17175.507894507304
20.250000000000153 0.000484228331240595 17204.911448919596
20.300000000000153 0.0004847715596653209 17224.212667664895
20.350000000000154 0.0004850305376648027 17233.41430511739
20.400000000000155 0.0004850080562244502 17232.615526595866
20.450000000000156 0.00048470957587877023 17222.01034803576
20.500000000000156 0.00048414313941170953 17201.8845341821
20.550000000000157 0.000483319231467929 17172.610610497195
20.600000000000158 0.0004822506177411267 17134.64214942919
20.65000000000016 0.00048095219625735015 17088.50848642249
20.70000000000016 0.0004794408577470989 17034.80975885817
20.75000000000016 0.0004777353288403067 16974.211334681386
20.80000000000016 0.0004758559817241754 16907.43704943463
20.85000000000016 0.0004738246163209649 16835.261466909138
20.900000000000162 0.0004716642309521346 16758.501730709813
20.950000000000163 0.00046939879271487355 16678.009405601093
21.000000000000163 0.0004670530094922301 16594.66237689556
21.050000000000164 0.00046465209953381947 16509.356663523824
21.100000000000165 0.0004622215541555471 16422.997986619022
21.150000000000166 0.0004597868946848098 16336.49313363987
21.200000000000166 0.00045737343114597327 16250.741384326699
21.250000000000167 0.0004550060283699825 16166.626200441247
21.300000000000168 0.0004527088803265677 16085.00720765998
21.35000000000017 0.0004505052935467746 16006.71250045188
21.40000000000017 0.0004484174827022668 15932.531378893333
21.45000000000017 0.0004464663805230299 15863.207594934715
21.50000000000017 0.0004446714514813068 15799.432732483316
21.55000000000017 0.00044305049624330573 15741.839259459917
21.600000000000172 0.00044161951053090913 15690.995513074042
21.650000000000173 0.00044039259187049257 15647.402386555787
21.700000000000173 0.0004393818620076876 15611.490572507679
21.750000000000174 0.0004385973900311258 15583.61783144702
21.800000000000175 0.0004380471256204825 15564.066620070445
21.850000000000176 0.0004377368439205665 15553.042132598599
21.900000000000176 0.0004376700928105786 15550.670427222509
21.950000000000177 0.00043784814876385287 15556.996857774782
22.000000000000178 0.0004382699983182672 15571.985415362626
22.05000000000018 0.0004389323483963365 15595.519095046695
22.10000000000018 0.00043982966290829107 15627.401196369547
22.15000000000018 0.0004409542276759492 15667.357630138225
22.20000000000018 0.00044229624477672223 15715.040270521082
22.25000000000018 0.0004438437819096797 15770.025155994914
22.300000000000182 0.00044558265780502863 15831.808417877775
22.350000000000183 0.00044749702075820065 15899.826835978247
22.400000000000183 0.00044956971033030535 15973.470690020818
22.450000000000184 0.00045178244911254015 16052.090573145799
22.500000000000185 0.00045411598684167803 16135.002512415585
22.550000000000185 0.0004565502257167814 16221.492421389668
22.600000000000186 0.0004590643283397389 16310.819935314063
22.650000000000187 0.00046163680164917095 16402.221393341304
22.700000000000188 0.0004642455632371213 16494.912194800683
22.75000000000019 0.00046686812715853024 16588.093401115835
22.80000000000019 0.00046948127021502093 16680.939878675494
22.85000000000019 0.00047206149231013766 16772.616655520203
22.90000000000019 0.0004745851723634397 16862.28446105984
22.95000000000019 0.0004770290050977703 16949.115245376834
23.000000000000192 0.000479370422544574 17032.307155552775
23.050000000000193 0.0004815879976384052 17111.098875613738
23.100000000000193 0.0004836617049991769 17184.778892273735
23.150000000000194 0.0004855729969269648 17252.688195073875
23.200000000000195 0.00048730477706166646 17314.219340494892
23.250000000000195 0.0004888413895975541 17368.81606874397
23.300000000000196 0.0004901686902260839 17415.97582439363
23.350000000000197 0.0004912741889670376 17455.25483125445
23.400000000000198 0.0004921472125322089 17486.273861250298
23.4500000000002 0.0004927790385703288 17508.72300421788
23.5000000000002 0.0004931629830041242 17522.3647710427
23.5500000000002 0.0004932944456400553 17527.03571419929
23.6000000000002 0.0004931709268055707 17522.647018882482
23.6500000000002 0.0004927920238957538 17509.18438030775
23.700000000000202 0.0004921594095188594 17486.70722720955
23.750000000000203 0.0004912767936160006 17455.347375931975
23.800000000000203 0.0004901498804307232 17415.30750153296
23.850000000000204 0.0004887863192435179 17366.85938735313
23.900000000000205 0.00048719563965749505 17310.34162567857
23.950000000000205 0.00048538916497594764 17246.156539995725
24.000000000000206 0.0004833799035071976 17174.76632299003
24.050000000000207 0.0004811824224317318 17096.688554972614
24.100000000000207 0.0004788127104243987 17012.49132276781
24.150000000000208 0.00047628803044742784 16922.78798936442
24.20000000000021 0.0004736267338348472 16828.23058822795
24.25000000000021 0.00047084812156756125 16729.504894324295
24.30000000000021 0.00046797233724565353 16627.32662136399
24.35000000000021 0.00046502023450156705 16522.43671091618
24.40000000000021 0.0004620131979023089 16415.594968960788
24.450000000000212 0.0004589729350854889 16307.57268036231
24.500000000000213 0.00045592126720667945 16199.145163343812
24.550000000000214 0.00045287993467597176 16091.084867194915
24.600000000000215 0.00044987042236113695 15984.15516163946
24.650000000000215 0.00044691379965751296 15879.104654426488
24.700000000000216 0.0004440305682648534 15776.661782754021
24.750000000000217 0.0004412405129487347 15677.529510735929
24.800000000000217 0.0004385625546810143 15582.380111397833
24.850000000000218 0.0004360146053951286 15491.850006049204
24.90000000000022 0.00043361343270147297 15406.534957542919
24.95000000000022 0.0004313745425110034 15326.985899824229
25.00000000000022 0.0004293120785613149 15253.705368034467
25.05000000000022 0.0004274387360638862 15187.144430347935
25.10000000000022 0.0004257656872710405 15127.70004332315
25.150000000000222 0.0004243025177249124 15075.712786791928
25.200000000000223 0.0004230571731865045 15031.464978218211
25.250000000000224 0.0004220359182478729 14995.179202165182
25.300000000000225 0.0004212433079774324 14967.017302836626
25.350000000000225 0.0004206821736749648 14947.079877944174
25.400000000000226 0.0004203536232599026 14935.406292503254
25.450000000000227 0.00042025705628099993 14931.975212135334
25.500000000000227 0.00042039019303482037 14936.705637664565
25.550000000000228 0.0004207491169516134 14949.458411112379
25.60000000000023 0.00042132833183825306 14970.038249572057
25.65000000000023 0.00042212084068459036 14998.196545243823
25.70000000000023 0.00042311824729744093 15033.63497654894
25.75000000000023 0.0004243108716076753 15076.009605057026
25.80000000000023 0.0004256878684807551 15124.93509689283
25.850000000000232 0.0004272373452935174 15179.988900307078
25.900000000000233 0.0004289464799537538 15240.715438980085
25.950000000000234 0.0004308016442880511 15306.630496062773
26.000000000000234 0.00043278853705640735 15377.225940262595
26.050000000000235 0.00043489232836170467 15451.974856795245
26.100000000000236 0.0004370978183249602 15530.337185207703
26.150000000000237 0.00043938959102301736 15611.765188873052
26.200000000000237 0.0004417521560559402 15695.708484961515
26.250000000000238 0.0004441700856078535 15781.61891429103
26.30000000000024 0.00044662815151060405 15868.955411278066
26.35000000000024 0.00044911145820290853 15957.188728052708
26.40000000000024 0.00045160554945779095 16045.80522654597
26.45000000000024 0.00045409652427367387 16134.310996166996
26.50000000000024 0.0004565711741627315 16222.236731737312
26.550000000000242 0.0004590171208128991 16309.142624701279
26.600000000000243 0.000461422955801422 16394.62332722895
26.650000000000244 0.00046377837298934105 16478.312656268386
26.700000000000244 0.0004660742680173795 16559.88712869179
26.750000000000245 0.0004683028054867101 16639.06834826686
26.800000000000246 0.00047045747007042613 16715.624821676796
26.850000000000247 0.0004725331004771285 16789.373165266083
26.900000000000247 0.00047452589985994155 16860.17847487884
26.950000000000248 0.00047643342471014857 16927.95393124329
27.00000000000025 0.00047825455196246966 16992.659631203314
27.05000000000025 0.00047998942826453885 17054.30078523381
27.10000000000025 0.00048163941625891656 17112.925808809607
27.15000000000025 0.00048320703475797854 17168.624196784862
27.20000000000025 0.00048469586444185587 17221.523172786547
27.250000000000252 0.00048611038862401615 17271.782031523853
27.300000000000253 0.00048745579017447384 17319.584923352922
27.350000000000254 0.0004887378770931503 17365.138209855457
27.400000000000254 0.0004899631018103926 17408.67114959728
27.450000000000255 0.0004911385828323241 17450.436667200105
27.500000000000256 0.0004922720638313776 17490.70989980462
27.550000000000257 0.0004933717959038807 17529.784013614688
27.600000000000257 0.0004944463771250008 17567.964503192146
27.650000000000258 0.0004955045353539357 17605.56147440019
27.70000000000026 0.0004965549090801092 17642.88185774246
27.75000000000026 0.0004976059182214048 17680.224817749917
27.80000000000026 0.0004986657452392234 17717.88108198796
27.85000000000026 0.0004997423611534912 17756.133865384625
27.90000000000026 0.0005008435329154697 17795.259132190786
27.950000000000262 0.0005019767478511023 17835.522911408745
28.000000000000263 0.0005031490575762584 17877.17575101097
28.050000000000264 0.0005043669048178643 17920.446564795162
28.100000000000264 0.0005056359662835376 17965.537049451865
28.150000000000265 0.0005069610228137727 18012.617070996865
28.200000000000266 0.0005083458510369647 18061.820815211795
28.250000000000266 0.0005097931906357819 18113.24562459948
28.300000000000267 0.0005113047999677098 18166.95397461392
28.350000000000268 0.0005128815230232268 18222.97585272283
28.40000000000027 0.0005145232982245736 18281.309071032952
28.45000000000027 0.0005162290942389438 18341.91698569579
28.50000000000027 0.0005179968158741031 18404.72515332476
28.55000000000027 0.000519823227821843 18469.618621556176
28.60000000000027 0.000521703918101271 18536.44063016832
28.650000000000272 0.0005236332919857518 18604.992395302146
28.700000000000273 0.0005256045741550234 18675.03318592722
28.750000000000274 0.0005276098043244203 18746.280168545498
28.800000000000274 0.0005296398889937721 18818.410245859486
28.850000000000275 0.0005316847455954834 18891.065178436533
28.900000000000276 0.0005337320276401055 18963.806288396874
28.950000000000276 0.0005357684861315631 19036.16283128061
29.000000000000277 0.0005377813806776629 19107.682133616625
29.050000000000278 0.0005397587424717105 19177.938936810908
29.10000000000028 0.0005416892528768823 19246.531083179343
29.15000000000028 0.0005435619162539683 19313.067891329032
29.20000000000028 0.0005453669841001474 19377.202991341124
29.25000000000028 0.0005470938971171507 19438.56120526761
29.30000000000028 0.0005487291603293172 19496.663048852268
29.350000000000282 0.0005502563166798547 19550.92379339057
29.400000000000283 0.0005516577734379431 19600.718359025806
29.450000000000284 0.0005529169236111387 19645.45668975342
29.500000000000284 0.0005540195409936438 19684.633320289344
29.550000000000285 0.000554953965899227 19717.833975267615
29.600000000000286 0.0005557103527177627 19744.708834490943
29.650000000000286 0.0005562797265718137 19764.93901539585
29.700000000000287 0.0005566534761535855 19778.218553257622
29.750000000000288 0.0005568234073709797 19784.2563072655
29.80000000000029 0.0005567821669032969 19782.791009700653
29.85000000000029 0.000556523753554653 19773.60943461758
29.90000000000029 0.000556043908639261 19756.560268457928
29.95000000000029 0.0005553402724700749 19731.559670182134
30.00000000000029 0.0005544123326438066 19698.58943380631
30.050000000000292 0.0005532612660922809 19657.691376395927
30.100000000000293 0.0005518898016547865 19608.96245518229
30.150000000000293 0.000550302154845556 19552.552449813567
30.200000000000294 0.0005485041202054634 19488.66724366376
30.250000000000295 0.0005465032443194925 19417.574971242997
30.300000000000296 0.0005443089123741384 19339.60909363185
30.350000000000296 0.0005419322874146552 19255.166240256374
30.400000000000297 0.0005393861609890963 19164.700902184843
30.450000000000298 0.0005366848261483229 19068.720919744912
30.5000000000003 0.0005338439864652516 18967.784249925127
30.5500000000003 0.0005308806644727651 18862.495713121123
30.6000000000003 0.0005278131259600312 18753.50430334028
30.6500000000003 0.0005246608190171626 18641.501022423367
30.7000000000003 0.00052144430681385 18527.21649163067
30.750000000000302 0.0005181851789317097 18411.417801229243
30.800000000000303 0.0005149059529687336 18294.905014442364
30.850000000000303 0.0005116299712918306 18178.507499007865
30.900000000000304 0.000508381282498809 18063.07971545411
30.950000000000305 0.0005051844996051222 17949.496178393423
31.000000000000306 0.0005020646274280829 17838.645323383786
31.050000000000306 0.0004990468602347575 17731.42231724204
31.100000000000307 0.0004961564207234951 17628.723336964864
31.150000000000308 0.0004934184317970071 17531.441013752465
31.20000000000031 0.0004908577811840935 17440.45962294055
31.25000000000031 0.0004884989461719657 17356.648856638847
31.30000000000031 0.0004863657851286433 17280.85641640178
31.35000000000031 0.00048448131461710286 17213.90009396586
31.40000000000031 0.0004828675179175905 17156.560967937166
31.450000000000312 0.00048154515428950044 17109.57662675607
31.500000000000313 0.00048053356124697256 17073.63414343535
31.550000000000313 0.0004798504974475978 17049.364493305424
31.600000000000314 0.00047951208152831055 17037.3403808184
31.650000000000315 0.0004795327820998633 17038.075884045968
31.700000000000315 0.00047992538488148917 17052.02528695506
31.750000000000316 0.0004807009265593863 17079.580729361707
31.800000000000317 0.00048186861615375686 17121.069413056648
31.850000000000318 0.0004834357064598227 17176.749034030596
31.90000000000032 0.0004854072386009098 17246.798706298217
31.95000000000032 0.00048778572213161397 17331.30759577942
32.00000000000032 0.0004905709004888475 17430.26658663996
32.05000000000032 0.0004937595906839724 17543.56258546061
32.100000000000314 0.0004973455024952551 17670.972097041005
32.15000000000031 0.0005013191258178473 17812.157221879545
32.20000000000031 0.0005056678127715863 17966.66857351084
32.250000000000306 0.0005103759796181349 18133.952452737973
32.3000000000003 0.0005154252370893319 18313.35547827383
32.3500000000003 0.0005207943940594827 18504.124717219693
32.4000000000003 0.0005264594633340948 18705.407890742365
32.450000000000294 0.0005323936845657237 18916.254188287367
32.50000000000029 0.0005385675623605134 19135.615621526245
32.55000000000029 0.0005449490268657395 19362.35273012448
32.600000000000286 0.0005515039203883485 19595.251871578366
32.65000000000028 0.000558196445707216 19833.041150007753
32.70000000000028 0.0005649893173924512 20074.39579261803
32.75000000000028 0.0005718439257834096 20317.94397593336
32.800000000000274 0.0005787209748601566 20562.289489737093
32.85000000000027 0.0005855808930138655 20806.02633198054
32.90000000000027 0.0005923837298508444 21047.735042170643
32.950000000000266 0.0005990892046347526 21285.984422549802
33.00000000000026 0.0006056573265444565 21519.35357621466
33.05000000000026 0.0006120492469592415 21746.462189300488
33.10000000000026 0.0006182278938265558 21965.993070432407
33.150000000000254 0.0006241582657041012 22176.702598210195
33.20000000000025 0.0006298074847959936 22377.42260561361
33.25000000000025 0.0006351447772829079 22567.05968112111
33.300000000000246 0.0006401413897025213 22744.592197658865
33.35000000000024 0.0006447702310843588 22909.057597445724
33.40000000000024 0.0006490058651532691 23059.552114978243
33.45000000000024 0.0006528250902460309 23195.251381801623
33.500000000000234 0.0006562076851117214 23315.4369252263
33.55000000000023 0.0006591368985856724 23419.513566725553
33.60000000000023 0.000661599492338512 23507.01094083359
33.650000000000226 0.0006635854494848668 23577.573141844925
33.70000000000022 0.0006650875782537428 23630.94464199481
33.75000000000022 0.0006661011610703492 23666.95782313434
33.80000000000022 0.000666623770036168 23685.526420631082
33.850000000000215 0.0006666553880816193 23686.649827993024
33.90000000000021 0.0006661988096434248 23670.427333166055
33.95000000000021 0.0006652600582670615 23637.072956189593
34.000000000000206 0.0006638485463015634 23586.92112324486
34.0500000000002 0.0006619769042932405 23520.420604915475
34.1000000000002 0.0006596606003531015 23438.12099209279
34.1500000000002 0.0006569175475922722 23340.658747930265
34.200000000000195 0.0006537678515939972 23228.748235378258
34.25000000000019 0.0006502335941140186 23103.17403193393
34.30000000000019 0.0006463385337454058 22964.78029409028
34.350000000000186 0.0006421077920656607 22814.459605962056
34.40000000000018 0.0006375676474484833 22653.145653299063
34.45000000000018 0.0006327454697115925 22481.810901485595
34.50000000000018 0.0006276697395109105 22301.467284626975
34.550000000000175 0.0006223700685751539 22113.16692449625
34.60000000000017 0.0006168771365266209 21917.99988574034
34.65000000000017 0.0006112224319492958 21717.08497588072
34.700000000000166 0.0006054380966407412 21511.564211493445
34.75000000000016 0.0005995569606855041 21302.60406438748
34.80000000000016 0.0005936126244909942 21091.398376386674
34.85000000000016 0.0005876393763577572 20879.165430554134
34.900000000000155 0.0005816718663054685 20667.13636204193
34.95000000000015 0.0005757490370902485 20456.694829399956
35.00000000000015 0.0005699115353219948 20249.285030083993
35.050000000000146 0.0005641902488425074 20046.00442689976
35.10000000000014 0.0005586121740930472 19847.812218951
35.15000000000014 0.0005532071530754013 19655.768709745542
35.20000000000014 0.0005480083527015602 19471.052338765374
35.250000000000135 0.0005430504499535173 19294.895199149247
35.30000000000013 0.0005383677466035157 19128.516052617426
35.35000000000013 0.0005339930189786761 18973.079460946567
35.40000000000013 0.0005299570146949039 18829.677904635606
35.450000000000124 0.0005262883303883702 18699.327438634904
35.50000000000012 0.0005230140867143724 18582.991675444442
35.55000000000012 0.0005201601644557244 18481.590174180896
35.600000000000115 0.0005177508915086579 18395.98731900644
35.65000000000011 0.0005158085528738906 18326.974908829263
35.70000000000011 0.0005143529193089178 18275.255410048037
35.75000000000011 0.000513401229364981 18241.441318315094
35.800000000000104 0.0005129684293412793 18226.063684247707
35.8500000000001 0.0005130670833302101 18229.56891728372
35.9000000000001 0.000513706917616231 18252.302597910726
35.950000000000095 0.0005148942823950526 18294.49035223905
36.00000000000009 0.0005166319395842237 18356.23031278963
36.05000000000009 0.0005189191208535168 18437.495180347047
36.10000000000009 0.0005217515750228297 18538.133908034248
36.150000000000084 0.0005251214792526908 18657.86854586008
36.20000000000008 0.0005290170726176841 18796.281221372054
36.25000000000008 0.0005334225287800369 18952.8096156756
36.300000000000075 0.0005383181101598593 19126.75244119147
36.35000000000007 0.0005436803957119729 19317.277534697612
36.40000000000007 0.0005494824287641874 19523.427110108256
36.45000000000007 0.0005556937182083336 19744.117800792046
36.500000000000064 0.0005622801809115705 19978.138613412564
36.55000000000006 0.0005692041969905864 20224.152891852573
36.60000000000006 0.0005764248244569021 20480.705943685207
36.650000000000055 0.0005838980365479973 20746.233472685577
36.70000000000005 0.0005915769155113856 21019.06846409054
36.75000000000005 0.0005994117189731612 21297.44354271138
36.80000000000005 0.0006073501145474245 21579.499308741793
36.850000000000044 0.0006153377396618444 21863.304228682504
36.90000000000004 0.0006233188484873952 22146.87762112733
36.95000000000004 0.0006312368175062993 22428.207619883324
37.000000000000036 0.00063903453144183 22705.264886278903
37.05000000000003 0.0006466547117875797 22976.014281997923
37.10000000000003 0.0006540402081138056 23238.4252193619
37.15000000000003 0.0006611343471795627 23490.484065485107
37.200000000000024 0.0006678813013052685 23730.20723076396
37.25000000000002 0.0006742264703055027 23955.654739169277
37.30000000000002 0.0006801168593239602 24164.943652939786
37.350000000000016 0.00068550156619568 24356.265388842716
37.40000000000001 0.0006903325544682161 24527.913184061155
37.45000000000001 0.0006945656188319023 24678.31639848731
37.50000000000001 0.0006981610599982127 24806.064493539256
37.550000000000004 0.0007010838949099041 24909.914501048373
37.6 0.0007033039143494066 24988.793070118594
37.65 0.0007047959075570851 25041.80444794263
37.699999999999996 0.0007055402331199534 25068.250763806696
37.74999999999999 0.0007055233599858335 25067.65125163512
37.79999999999999 0.0007047380082929159 25039.747253745765
37.84999999999999 0.0007031829597180511 24984.495482415547
37.899999999999984 0.0007008628032932023 24902.058988592693
37.94999999999998 0.0006977877483479859 24792.800515637453
37.99999999999998 0.000693973461336159 24657.276701673254
38.049999999999976 0.0006894409792989694 24496.235004889677
38.09999999999997 0.0006842166427357066 24310.611318394494
38.14999999999997 0.0006783319167434071 24101.5236152044
38.19999999999997 0.0006718230242909967 23870.258918264102
38.249999999999964 0.0006647304037127208 23618.25402487551
38.29999999999996 0.0006570980529741146 23347.072208090052
38.34999999999996 0.0006489728892130083 23058.38046083178
38.399999999999956 0.0006404042179013866 22753.93063491257
38.44999999999995 0.0006314433601746312 22435.546199825494
38.49999999999995 0.0006221433098985582 22105.1100581392
38.54999999999995 0.0006125584770275266 21764.555426863695
38.599999999999945 0.0006027446187034562 21415.863389358812
38.64999999999994 0.0005927587093011248 21061.058277968743
38.69999999999994 0.0005826585928431964 20702.19532412788
38.749999999999936 0.0005725024302483158 20341.341018767274
38.79999999999993 0.0005623480401942745 19980.549692803394
38.84999999999993 0.0005522522316693243 19621.83980230194
38.89999999999993 0.0005422704661699174 19267.18192616902
38.949999999999925 0.0005324568051512852 18918.496899039972
38.99999999999992 0.0005228637211871327 18577.649101674546
39.04999999999992 0.0005135416398324882 18246.430183080138
39.099999999999916 0.0005045384257391668 17926.540801898318
39.14999999999991 0.0004958989425704226 17619.574989918965
39.19999999999991 0.0004876644259625068 17326.997873043383
39.24999999999991 0.00047987238005275793 17050.14199486773
39.299999999999905 0.00047255712495357355 16790.226768748526
39.3499999999999 0.00046575045031382347 16548.381699215985
39.3999999999999 0.00045948198422128604 16325.659489290034
39.449999999999896 0.0004537792310464055 16123.037385090774
39.49999999999989 0.0004486670735578195 15941.399485716498
39.54999999999989 0.00044416718461726774 15781.515840425
39.59999999999989 0.0004402977972064016 15644.034277553705
39.649999999999885 0.00043707365276399255 15529.47856891093
39.69999999999988 0.00043450611321243436 15438.252410142024
39.74999999999988 0.00043260347244591723 15370.65048808355
39.799999999999876 0.00043137109879709274 15326.86354268594
39.84999999999987 0.00043081145915289205 15306.979223862403
39.89999999999987 0.0004309241445433617 15310.983000674987
39.94999999999987 0.0004317056663420121 15338.750920215612
39.999999999999865 0.00043314713472827616 15389.967122040383
40.04999999999986 0.0004352391164790287 15464.296438299596
40.09999999999986 0.00043797241775983114 15561.412206761435
40.14999999999986 0.00044133125791311723 15680.753731575376
40.199999999999854 0.0004452915895041808 15821.46659353874
40.24999999999985 0.00044982498812048803 15982.540856906173
40.29999999999985 0.0004549022975095124 16162.940583235959
40.349999999999845 0.0004604945014297415 16361.634808758337
40.39999999999984 0.00046657146530528214 16577.552834639006
40.44999999999984 0.00047310043332627575 16809.530828091458
40.49999999999984 0.00048004531167228733 17056.286354891232
40.549999999999834 0.0004873667325322047 17316.420654039797
40.59999999999983 0.0004950225977818086 17588.43795494169
40.64999999999983 0.0005029685305867529 17870.76152311847
40.699999999999825 0.0005111580328930357 18161.739255935823
40.74999999999982 0.0005195427970157982 18459.654753533032
40.79999999999982 0.0005280731828434263 18762.744274159482
40.84999999999982 0.0005366987126298357 19069.21431442951
40.899999999999814 0.0005453686320607389 19377.261544329907
40.94999999999981 0.0005540327646351271 19685.103163886
40.99999999999981 0.0005626414975121467 19990.976400293006
41.049999999999805 0.000571145565874399 20293.130846219905
41.0999999999998 0.0005794960088576985 20589.826893968373
41.1499999999998 0.0005876443973889343 20879.34383068319
41.1999999999998 0.00059554319914313 21159.992805486738
41.249999999999794 0.000603145999059747 21430.12466455026
41.29999999999979 0.0006104084845442963 21688.16495587442
41.34999999999979 0.0006172894436710125 21932.649396005138
41.399999999999785 0.0006237511188294068 22162.236435299248
41.44999999999978 0.0006297590581497967 22375.701978988043
41.49999999999978 0.0006352820500915615 22571.937063060283
41.54999999999978 0.0006402923836854403 22749.957100820942
41.599999999999774 0.0006447662532942444 22908.916264272375
41.64999999999977 0.0006486840386681601 23048.117434640495
41.69999999999977 0.0006520303297993306 23167.01308547239
41.749999999999766 0.0006547937594103443 23265.19933085585
41.79999999999976 0.0006569668151981842 23342.409254338767
41.84999999999976 0.0006585459702886508 23398.517544049908
41.89999999999976 0.0006595320294771967 23433.552794835134
41.949999999999754 0.0006599303517785797 23447.705415574746
41.99999999999975 0.0006597507893675065 23441.325459709395
42.04999999999975 0.0006590073972563702 23414.912309922893
42.099999999999746 0.0006577180451186064 23369.100886002554
42.14999999999974 0.0006559040272914016 23304.647788010825
42.19999999999974 0.0006535896822076026 23222.4177744819
42.24999999999974 0.0006508021150199917 23123.373907102465
42.299999999999734 0.0006475710125571366 23008.57097598651
42.34999999999973 0.0006439284080609924 22879.147140666846
42.39999999999973 0.0006399084493878522 22736.31569414141
42.449999999999726 0.000635547268985931 22581.36044310192
42.49999999999972 0.0006308828468048098 22415.630837027526
42.54999999999972 0.0006259548007225242 22240.534521938534
42.59999999999972 0.0006208039915465176 22057.523305852865
42.649999999999714 0.000615471960499913 21868.073172349334
42.69999999999971 0.0006100003931349777 21673.665233104373
42.74999999999971 0.0006044307110988919 21475.7712230947
42.799999999999706 0.0005988037885459119 21275.84342455817
42.8499999999997 0.0005931597842348325 21075.30870131994
42.8999999999997 0.0005875379977457983 20875.563390092975
42.9499999999997 0.0005819766565148575 20677.965733693105
42.999999999999694 0.00057651262987831 20483.82572087005
43.04999999999969 0.0005711811199444655 20294.394102802966
43.09999999999969 0.0005660153564160363 20110.851549964347
43.149999999999686 0.0005610463330374074 19934.29928793975
43.19999999999968 0.0005563026392064281 19765.7531144978
43.24999999999968 0.0005518102769951443 19606.136898231412
43.29999999999968 0.0005475925089816628 19456.277171936337
43.349999999999675 0.0005436697438925976 19316.89906942142
43.39999999999967 0.0005400594276611004 19188.622454737666
43.44999999999967 0.0005367759441113387 19071.95839344059
43.499999999999666 0.0005338305460505111 18967.306704249815
43.54999999999966 0.0005312314124935429 18874.957992275475
43.59999999999966 0.0005289837063790912 18795.0956997011
43.64999999999966 0.0005270895930196653 18727.796761327034
43.699999999999655 0.000525548270235243 18673.032675235154
43.74999999999965 0.0005243560358156562 18630.671899766294
43.79999999999965 0.0005235063966216334 18600.483729943095
43.849999999999646 0.0005229902272536987 18582.143935067383
43.89999999999964 0.0005227960501096821 18575.244709324747
43.94999999999964 0.0005229104198546049 18579.308332220975
43.99999999999964 0.0005233180104925536 18593.790262295883
44.049999999999635 0.0005240013786615491 18618.0707268537
44.09999999999963 0.0005249410191111316 18651.456693113607
44.14999999999963 0.0005261155960058202 18693.19008655486
44.199999999999626 0.000527502184897164 18742.456388323088
44.24999999999962 0.0005290766505891814 18798.398061006967
44.29999999999962 0.0005308140434581542 18860.12863010869
44.34999999999962 0.0005326890301981229 18926.747988679497
44.399999999999615 0.0005346763192821811 18997.357514204425
44.44999999999961 0.0005367508777593067 19071.067771518585
44.49999999999961 0.0005388880245878309 19147.001828999062
44.549999999999606 0.0005410636104851088 19224.30164872726
44.5999999999996 0.0005432543148733376 19302.13863714484
44.6499999999996 0.0005454377855991202 19379.71860937024
44.6999999999996 0.0005475924869100439 19456.276387719012
44.749999999999595 0.0005496976485220196 19531.07399203703
44.79999999999959 0.0005517335616476615 19603.41115775928
44.84999999999959 0.0005536820562608913 19672.64229339612
44.89999999999959 0.0005555268619507413 19738.18930187663
44.949999999999584 0.0005572532592046998 19799.529190445137
44.99999999999958 0.0005588492352047743 19856.235136760864
45.04999999999958 0.0005603060202859357 19907.995549575364
45.099999999999575 0.0005616172609570307 19954.584685689337
45.14999999999957 0.0005627784271038201 19995.841587535233
45.19999999999957 0.0005637863620260769 20031.65409573622
45.24999999999957 0.0005646391852471304 20061.955395873316
45.299999999999564 0.0005653366757635635 20086.73763556786
45.34999999999956 0.0005658805320712887 20106.061163357685
45.39999999999956 0.00056627421906083 20120.049088798347
45.449999999999555 0.0005665224945223934 20128.870458915608
45.49999999999955 0.0005666314416676117 20132.741413721767
45.54999999999955 0.000566608858913132 20131.939035450963
45.59999999999955 0.0005664644784150999 20126.809113215248
45.649999999999544 0.0005662098307834001 20117.761336223663
45.69999999999954 0.0005658578089152977 20105.25379654033
45.74999999999954 0.0005654221418862646 20089.774296122574
45.799999999999535 0.0005649171703514235 20071.832366704883
45.84999999999953 0.0005643579023113622 20051.9612511904
45.89999999999953 0.0005637601009750707 20030.7210254717
45.94999999999953 0.0005631402053854511 20008.69577820941
45.999999999999524 0.0005625149908907486 19986.481547186664
46.04999999999952 0.0005619011473040247 19964.671331072266
46.09999999999952 0.0005613150471902572 19943.846856527914
46.149999999999515 0.0005607726775998158 19924.576152659305
46.19999999999951 0.0005602895826896699 19907.41151231455
46.24999999999951 0.0005598807153444349 19892.884220094573
46.29999999999951 0.0005595602058071063 19881.496331669823
46.349999999999504 0.0005593411185371614 19873.712034808606
46.3999999999995 0.0005592352351650595 19869.949937625526
46.4499999999995 0.0005592528656458972 19870.576358762097
46.499999999999496 0.0005594026776925773 19875.899267048997
46.54999999999949 0.0005596915819065336 19886.1642001346
46.59999999999949 0.0005601245987034827 19901.549536280294
46.64999999999949 0.0005607048827817893 19922.167363735585
46.699999999999484 0.0005614337928897464 19948.065959609758
46.74999999999948 0.000562310945514364 19979.231697465428
46.79999999999948 0.0005633342653274588 20015.59083969718
46.849999999999476 0.0005645000614512925 20057.012247293605
46.89999999999947 0.0005658031390243308 20103.311343832956
46.94999999999947 0.000567236847780953 20154.251841548215
46.99999999999947 0.0005687930197968145 20209.54352938397
47.049999999999464 0.0005704619301897622 20268.840876677306
47.09999999999946 0.0005722323576179928 20331.745182692215
47.14999999999946 0.000574091728994479 20397.809718406475
47.199999999999456 0.00057602641847217 20466.55034962801
47.24999999999945 0.0005780220034690421 20537.45463371237
47.29999999999945 0.0005800633636545997 20609.985336610083
47.34999999999945 0.0005821347368896824 20683.58242044026
47.399999999999444 0.0005842198910816708 20757.66914960497
47.44999999999944 0.0005863022707124076 20831.657297010704
47.49999999999944 0.000588365273975158 20904.956990904117
47.549999999999436 0.0005903921783877676 20976.97407186472
47.59999999999943 0.0005923659211779925 21047.1022897692
47.64999999999943 0.0005942690088331177 21114.72009003726
47.69999999999943 0.0005960836981584289 21179.197046743382
47.749999999999424 0.0005977923618076699 21239.90685012449
47.79999999999942 0.0005993778508563015 21296.240189016607
47.84999999999942 0.0006008237576973134 21347.614091694424
47.899999999999416 0.0006021145298838802 21393.47597076646
47.94999999999941 0.0006032355316734488 21433.305809871898
47.99999999999941 0.0006041730918688825 21466.617863503994
48.04999999999941 0.0006049145651164325 21492.962834962313
48.099999999999405 0.0006054484089090857 21511.93061232598
48.1499999999994 0.000605764224774642 21523.151731889844
48.1999999999994 0.0006058528031417366 21526.29897228003
48.249999999999396 0.0006057061838365795 21521.089503937965
48.29999999999939 0.0006053177154855078 21507.286999727246
48.34999999999939 0.0006046820912443509 21484.702904418584
48.39999999999939 0.0006037953462793123 21453.196345184064
48.449999999999385 0.0006026548859680115 21412.67513359641
48.49999999999938 0.0006012594978864439 21363.096191532568
48.54999999999938 0.0005996093629101697 21304.46594560535
48.599999999999376 0.0005977060988510927 21236.841877603307
48.64999999999937 0.0005955528466965913 21160.335588616705
48.69999999999937 0.0005931543906088087 21075.117062681427
48.74999999999937 0.0005905172770789951 20981.418900401357
48.799999999999365 0.0005876499185464118 20879.540000587687
48.84999999999936 0.0005845626865539593 20769.84887013207
48.89999999999936 0.0005812679554257476 20652.78517589582
48.949999999999356 0.0005777800959835021 20528.859521450177
48.99999999999935 0.0005741154147732336 20398.651287764937
49.04999999999935 0.0005702920454960535 20262.804775682765
49.09999999999935 0.0005663299095787159 20122.02780496788
49.149999999999345 0.0005622507739444656 19977.093766937505
49.19999999999934 0.0005580782068481936 19828.84005525956
49.24999999999934 0.0005538377616008685 19678.174593787477
49.299999999999336 0.0005495574228910709 19526.09169462134
49.34999999999933 0.0005452677801366477 19373.67821739198
49.39999999999933 0.0005410016243069504 19222.09924412293
49.44999999999933 0.0005367933482744425 19072.57677337775
49.499999999999325 0.000532678441973919 18926.37178297637
49.54999999999932 0.0005286931557738701 18784.772269385798
49.59999999999932 0.0005248742540700932 18649.08449275927
49.64999999999932 0.0005212587679796784 18520.62419001114
49.699999999999314 0.0005178837852177457 18400.709109016363
49.74999999999931 0.0005147862550227002 18290.65207749246
49.79999999999931 0.0005119996199565543 18191.641328925434
49.849999999999305 0.0005095643078536416 18105.113287549273
49.8999999999993 0.0005075187592500406 18032.433767746603
49.9499999999993 0.0005058946129218415 17974.726913450897
49.9999999999993 0.0005047183945291683 17932.935196641003
50.049999999999294 0.0005040153826778497 17907.956780738554
