Time	Disp_X	Disp_Y	Disp_Z	Coupling_Iterations	
0.05	1.154044656007758e-06	-1.2969580172046605e-07	6.401168453963419e-20	1	
0.1	7.481309882751147e-05	-4.039487383446069e-05	-3.846286536758657e-16	6	
0.15000000000000002	0.0003437327334251791	-5.477799328154792e-05	-1.5050200830324276e-15	6	
0.2	0.0008752327617720839	-5.7178055954134684e-05	-1.8827819440154695e-15	4	
0.25	0.0016730546592922564	-0.00014273186963356034	7.417964954601965e-17	4	
0.3	0.0025869320349458753	-0.00030462166554380804	2.8677561362399416e-15	3	
0.35	0.0034339887925364755	-0.0004291825925225552	3.961040966911068e-15	3	
0.39999999999999997	0.004175196148569173	-0.0004651795281940232	2.1884638202771913e-15	3	
0.44999999999999996	0.004887785766853928	-0.0004877157808573433	-3.5526482663557054e-15	3	
0.49999999999999994	0.005635585037907205	-0.0005690462809682953	-1.2509479499058465e-14	3	
0.5499999999999999	0.006399953888750604	-0.0006886302531268191	-1.783348007703744e-14	3	
0.6	0.007077812954015122	-0.0007845349121027436	-1.1610962912431743e-14	3	
0.65	0.007544064560778182	-0.0008289543687632272	3.1351580096346077e-15	3	
0.7000000000000001	0.007749758619968889	-0.000835024706550687	1.2755412168523648e-14	3	
0.7500000000000001	0.0077505026797611365	-0.0008220192687086484	9.803501307790723e-15	3	
0.8000000000000002	0.007633051046946568	-0.0008017839508860286	3.590285653375349e-15	3	
0.8500000000000002	0.007428511195300105	-0.0007842342875309359	7.966484732874992e-15	3	
0.9000000000000002	0.00709624922267643	-0.0007671309763636243	2.2666004250713873e-14	3	
0.9500000000000003	0.006578515426153504	-0.0007272243656151148	3.391582779163174e-14	3	
1.0000000000000002	0.005869244770607115	-0.0006448333620119391	3.228558299039919e-14	3	
1.0500000000000003	0.005037402917835622	-0.0005340349756888011	2.2898666376052656e-14	3	
1.1000000000000003	0.004185278037323376	-0.0004310671076558571	1.635826767612221e-14	3	
1.1500000000000004	0.003381628509750829	-0.0003548199063898855	1.5235275538437726e-14	3	
1.2000000000000004	0.002633285176068089	-0.00029268595007894227	1.3575210627502805e-14	3	
1.2500000000000004	0.001917272204463065	-0.00022392213438375804	6.907415712064451e-15	3	
1.3000000000000005	0.0012358379349642966	-0.0001445961476492636	-2.079102720158856e-15	3	
1.3500000000000005	0.0006407412995698097	-6.881831383329991e-05	-8.10556160213199e-15	3	
1.4000000000000006	0.00020716822197916273	-1.5073535477178762e-05	-1.0106708397016545e-14	3	
1.4500000000000006	-1.582494938591968e-05	6.159402262738535e-06	-1.1531480067564986e-14	3	
1.5000000000000007	-3.257977997500235e-05	-2.1239322881827846e-06	-1.5315691791113675e-14	3	
1.5500000000000007	0.0001166343766857639	-2.6660685865119404e-05	-2.072377757209734e-14	3	
1.6000000000000008	0.00039774627900190007	-5.563517417526452e-05	-2.532286368670844e-14	3	
1.6500000000000008	0.0008087624277511111	-8.98128037367502e-05	-2.854650989427755e-14	3	
1.7000000000000008	0.0013674698102445672	-0.00014078413400139987	-3.2228779569698455e-14	3	
1.7500000000000009	0.0020762595387498806	-0.00021705868378633475	-3.803788266545766e-14	3	
1.800000000000001	0.0028988590821898107	-0.00031317768013336574	-4.531890445577578e-14	3	
1.850000000000001	0.003769957605404124	-0.0004133351802897788	-5.156547853250091e-14	3	
1.900000000000001	0.004627259265126845	-0.0005042994103886763	-5.4394890081912974e-14	3	
1.950000000000001	0.005436154175827104	-0.0005837557515917341	-5.299950767123512e-14	3	
2.000000000000001	0.006186572025695765	-0.0006573851194837944	-4.8632982625674024e-14	3	
2.0500000000000007	0.006868789279834366	-0.0007296285432354302	-4.445622895826648e-14	3	
2.1000000000000005	0.007453498548853245	-0.0007971522802049875	-4.410804350981488e-14	3	
2.1500000000000004	0.007895148405112918	-0.0008499848588748899	-4.848870428829363e-14	3	
2.2	0.008154515624086983	-0.000878680694695004	-5.294429267460352e-14	3	
2.25	0.008219150811917326	-0.0008811938705607505	-4.897183561606247e-14	3	
2.3	0.008103934800048949	-0.0008634185428716177	-3.151559508898514e-14	3	
2.3499999999999996	0.007833384863194641	-0.0008330434744029478	-6.4259817021474624e-15	3	
2.3999999999999995	0.007423515499669071	-0.0007927710533947275	1.0043202463127436e-14	3	
2.4499999999999993	0.006879576045315987	-0.0007394320907713935	1.8495513069980778e-15	3	
2.499999999999999	0.0062097884084988874	-0.0006693747094740795	-3.398512340751673e-14	3	
2.549999999999999	0.005440370032767345	-0.0005843534720579455	-8.354721837044522e-14	3	
2.5999999999999988	0.004617046445751368	-0.0004922600780819907	-1.2445420204592966e-13	3	
2.6499999999999986	0.003791698387858175	-0.0004025138701136529	-1.3837382445068768e-13	3	
2.6999999999999984	0.0030063068158108996	-0.0003207736540138298	-1.1754899695885755e-13	3	
2.7499999999999982	0.002287643771734764	-0.00024760256372522517	-6.460953867675843e-14	3	
2.799999999999998	0.0016551621699677503	-0.0001816868166717953	6.980363071115278e-15	3	
2.849999999999998	0.0011323628563106715	-0.00012417834556442307	6.93810124947401e-14	3	
2.8999999999999977	0.0007497294962647529	-8.006350902263213e-05	8.327397817403881e-14	3	
2.9499999999999975	0.0005362277058449972	-5.543722419292562e-05	1.7445205916686774e-14	3	
2.9999999999999973	0.0005072266078129701	-5.337894670646064e-05	-1.224843760930968e-13	2	
3.049999999999997	0.0006596570232671966	-7.218205535961118e-05	-2.8254067102548497e-13	3	
3.099999999999997	0.000977643965976343	-0.00010752708793878737	-3.869037865961473e-13	3	
3.149999999999997	0.0014425711270599304	-0.00015606901218599042	-3.907986571615315e-13	3	
3.1999999999999966	0.002038341911950317	-0.00021708332301092304	-3.1803159272519665e-13	3	
3.2499999999999964	0.0027479117408878177	-0.00029098284147737553	-2.4701997893498166e-13	3	
3.2999999999999963	0.0035458232784722423	-0.0003764083696773107	-2.5113637344864544e-13	3	
3.349999999999996	0.004394968300071237	-0.0004687359080619672	-3.4059826632301865e-13	3	
3.399999999999996	0.005251328021354612	-0.0005613412870979541	-4.541094409206716e-13	3	
3.4499999999999957	0.006072972251084301	-0.0006484244834729742	-5.062621979555624e-13	3	
3.4999999999999956	0.006826161691593261	-0.0007268411056380432	-4.495962724398599e-13	3	
3.5499999999999954	0.00748466916866357	-0.0007954612139508701	-3.007063150276949e-13	3	
3.599999999999995	0.00802488373320923	-0.0008530006684004436	-1.1445219592552256e-13	3	
3.649999999999995	0.008422773531835192	-0.000896606518162883	6.455464237850867e-14	3	
3.699999999999995	0.008656382905982963	-0.000922536897770946	2.2872426787164884e-13	3	
3.7499999999999947	0.008711911568803653	-0.0009282097544832203	3.9260545574530364e-13	2	
3.7999999999999945	0.008588258842512736	-0.0009135759997937057	5.550606714410097e-13	3	
3.8499999999999943	0.008296170384609499	-0.0008809648105373512	6.753858244892648e-13	3	
3.899999999999994	0.007853350430642437	-0.0008333753127559216	6.855481830828478e-13	3	
3.949999999999994	0.007280172774298796	-0.0007729508590173464	5.296847278701357e-13	3	
3.999999999999994	0.006599171043342772	-0.0007010752982681118	2.0171116405392474e-13	3	
4.049999999999994	0.005837649246364919	-0.0006197105469027018	-2.437243956466111e-13	3	
4.099999999999993	0.005029770852935238	-0.000532476707357473	-7.103063616681115e-13	3	
4.149999999999993	0.0042150328206310836	-0.00044438205563209225	-1.093173082197545e-12	3	
4.199999999999993	0.003433505055471565	-0.000360519566269922	-1.3065773703559223e-12	3	
4.249999999999993	0.0027210740828802742	-0.00028485220459484886	-1.2976828701532071e-12	3	
4.299999999999993	0.002107608146560532	-0.00021995332180838357	-1.0515415992687173e-12	3	
4.3499999999999925	0.001618105809790318	-0.00016772224550033242	-5.961530112404129e-13	3	
4.399999999999992	0.0012742978038168338	-0.00013026329158563276	-9.055221316989497e-15	3	
4.449999999999992	0.0010941492168771649	-0.00010999696580915786	5.82930518776534e-13	3	
4.499999999999992	0.0010889851792036625	-0.00010891556144676583	1.0206507316377281e-12	1	
4.549999999999992	0.0012607581897965772	-0.00012727856764631318	1.1468151453863407e-12	2	
4.599999999999992	0.0016014218652459812	-0.00016375279400481578	8.46022182880366e-13	3	
4.6499999999999915	0.0020946000772050413	-0.0002162569541451301	7.523842795756689e-14	3	
4.699999999999991	0.0027184907310774976	-0.00028230371338800223	-1.12370168180769e-12	3	
4.749999999999991	0.003447669340563234	-0.00035925480946540344	-2.62749193360563e-12	3	
4.799999999999991	0.0042528867662548426	-0.0004443978840794111	-4.24418341382994e-12	3	
4.849999999999991	0.005100486327680512	-0.0005345678585746013	-5.732910272019553e-12	3	
4.899999999999991	0.0059532291581009915	-0.0006256881122618281	-6.833352489987212e-12	3	
4.94999999999999	0.006772894870038165	-0.0007130946859198762	-7.306702904289327e-12	3	
4.99999999999999	0.007523570055782233	-0.0007926048657640482	-6.9820373417359565e-12	3	
5.04999999999999	0.008173967952147441	-0.0008611504873638885	-5.794822382397342e-12	3	
5.09999999999999	0.008698057451349514	-0.0009164416811054037	-3.805201916981964e-12	3	
5.14999999999999	0.00907481029681014	-0.0009564034131056563	-1.1923595848033663e-12	3	
5.1999999999999895	0.009288420803449063	-0.000979139745380165	1.7696982501509e-12	3	
5.249999999999989	0.009329439293228525	-0.000983436408067174	4.74690478422402e-12	1	
5.299999999999989	0.009196745182513065	-0.0009687637927873875	7.38585637412957e-12	3	
5.349999999999989	0.00889811714468961	-0.0009361194603425832	9.359555227999034e-12	3	
5.399999999999989	0.008449194185827088	-0.0008876489844127807	1.0415852602935499e-11	3	
5.449999999999989	0.007871990743992066	-0.000825836765571424	1.0420808122805125e-11	3	
5.4999999999999885	0.00719330270762491	-0.0007533131606929473	9.385170658134837e-12	3	
5.549999999999988	0.0064436793137032326	-0.0006730961204083515	7.464376742631985e-12	3	
5.599999999999988	0.005657064019867913	-0.0005887747137298669	4.9306895548796515e-12	3	
5.649999999999988	0.004869988485817515	-0.0005042911313777433	2.1253996580066604e-12	3	
5.699999999999988	0.0041197206813773386	-0.0004236971891751376	-5.961279580028207e-13	3	
5.749999999999988	0.003441828792322316	-0.0003509519386542363	-2.9151701863333883e-12	3	
5.799999999999987	0.0028679959187074035	-0.00028952434871032037	-4.589769261170978e-12	3	
5.849999999999987	0.00242471399129186	-0.00024208069549159808	-5.4821883055327315e-12	3	
5.899999999999987	0.002132806673400844	-0.00021059591051356268	-5.572624286905198e-12	3	
5.949999999999987	0.002007111020866495	-0.00019661810412500473	-4.956940694082018e-12	3	
5.999999999999987	0.0020555707662220342	-0.00020129567556622751	-3.826228615825539e-12	1	
6.0499999999999865	0.0022787460053327927	-0.00022467301238263866	-2.429495159703104e-12	2	
6.099999999999986	0.002669392655902193	-0.000265878246209298	-1.0265162013367505e-12	3	
6.149999999999986	0.003212176363234877	-0.00032341342652418553	1.5804971229114677e-13	3	
6.199999999999986	0.003884840283527143	-0.00039489507266575057	9.68872822201283e-13	3	
6.249999999999986	0.004659948269172905	-0.00047717305923183337	1.337050410722141e-12	3	
6.299999999999986	0.0055060671741272394	-0.0005668273417511008	1.2804316888113937e-12	3	
6.349999999999985	0.006388833320612763	-0.0006604403509606401	8.907192669671645e-13	3	
6.399999999999985	0.007272213756952216	-0.0007543509148538922	3.1099075160907475e-13	3	
6.449999999999985	0.00811997114708562	-0.0008445321435481381	-2.936882902162433e-13	3	
6.499999999999985	0.008897451971999985	-0.0009270787977555903	-7.696793181307183e-13	3	
6.549999999999985	0.00957342489502183	-0.000998697844597687	-1.0076240750094841e-12	3	
6.5999999999999845	0.010121532094544833	-0.0010567155371610654	-9.685177247676207e-13	3	
6.649999999999984	0.010521281786532406	-0.0010989684624921317	-6.968969418151582e-13	3	
6.699999999999984	0.01075873171021402	-0.0011239216390003714	-3.171520030759903e-13	3	
6.749999999999984	0.010826541831252808	-0.0011308824273447728	-1.2183999368309563e-14	1	
6.799999999999984	0.010725775481347878	-0.0011196812291734224	1.2907294188548892e-14	4	
6.849999999999984	0.010465131744805607	-0.001091394092372741	-4.2387986246815075e-13	3	
6.8999999999999835	0.010059908562692075	-0.001047777636430957	-1.4362365332413682e-12	3	
6.949999999999983	0.009532151285100057	-0.0009911517471123783	-3.0349605793861464e-12	3	
6.999999999999983	0.008909506469243562	-0.0009243851917388322	-5.1132053738558795e-12	3	
7.049999999999983	0.008223564827995796	-0.0008508317636497678	-7.456283080734186e-12	3	
7.099999999999983	0.007508807725360459	-0.0007742532549894798	-9.774260535485348e-12	3	
7.149999999999983	0.006801259643252353	-0.0006984671579196072	-1.1749694956524503e-11	3	
7.199999999999982	0.006136808410810365	-0.0006272149861002264	-1.3089900465914148e-11	3	
7.249999999999982	0.005549681889920537	-0.0005641933916272387	-1.357371864844449e-11	4	
7.299999999999982	0.005070505687491374	-0.0005128147533174449	-1.3085717224541584e-11	3	
7.349999999999982	0.004725114368502144	-0.0004757577059642714	-1.1634034891981044e-11	4	
7.399999999999982	0.004533513936557362	-0.0004550549346286645	-9.350560956942122e-12	4	
7.4499999999999815	0.004509006165040614	-0.0004521103122701997	-6.4737115427267996e-12	4	
7.499999999999981	0.004656907795432705	-0.0004676386686312153	-3.3156535833883856e-12	1	
7.549999999999981	0.004975591587701264	-0.0005013532284728883	-2.1821880636199954e-13	2	
7.599999999999981	0.005457053890997211	-0.0005523828142621827	2.495692686723023e-12	3	
7.649999999999981	0.006085418039690037	-0.0006191510667961593	4.566701780315165e-12	3	
7.699999999999981	0.006837599559775919	-0.0006992160822696031	5.831406535538616e-12	3	
7.7499999999999805	0.007685367142843815	-0.0007895069800225913	6.237743033340666e-12	3	
7.79999999999998	0.008596498672285997	-0.0008865054904367834	5.842372749861853e-12	3	
7.84999999999998	0.009536034238989662	-0.0009865394093926335	4.792390952931425e-12	3	
7.89999999999998	0.010467905543829082	-0.001085868363879582	3.2955276322159004e-12	3	
7.94999999999998	0.011356390515218036	-0.0011806424118023654	1.5838055242352753e-12	3	
7.99999999999998	0.012167646519673617	-0.0012671712398646068	-1.2418694863596426e-13	3	
8.04999999999998	0.012871289992686035	-0.0013422466006633535	-1.657234760811529e-12	3	
8.09999999999998	0.013441709913869464	-0.0014031871285491342	-2.916625521950078e-12	3	
8.14999999999998	0.013859155588338976	-0.0014478476196723394	-3.888062742727169e-12	3	
8.199999999999982	0.014110655072861031	-0.0014747949083237023	-4.637377627395181e-12	3	
8.249999999999982	0.014189804504397992	-0.001483307477928009	-5.28944612227822e-12	1	
8.299999999999983	0.014099180221889291	-0.0014738674616963574	-5.993000822037256e-12	4	
8.349999999999984	0.01384854387467715	-0.0014473105399553914	-6.877611742400108e-12	3	
8.399999999999984	0.013453671061082252	-0.0014052401765149126	-8.012131844142438e-12	4	
8.449999999999985	0.012936680902397678	-0.0013500972196288465	-9.375002766181254e-12	3	
8.499999999999986	0.012325128627176732	-0.0012849312690800393	-1.0844912912562898e-11	3	
8.549999999999986	0.01165043831508174	-0.0012130483616895195	-1.2215400488751715e-11	3	
8.599999999999987	0.010946554267427785	-0.0011379890326551035	-1.3230524260893737e-11	3	
8.649999999999988	0.010248358884163887	-0.0010634805774122596	-1.3633084786707928e-11	3	
8.699999999999989	0.009589997181553343	-0.0009931976776144903	-1.3214164320555157e-11	3	
8.74999999999999	0.00900349032549074	-0.0009305778416176549	-1.1853657157427293e-11	3	
8.79999999999999	0.008517385950495832	-0.0008786618058905843	-9.545027049882575e-12	3	
8.84999999999999	0.008155401441973206	-0.0008399578682099358	-6.401828455930876e-12	3	
8.899999999999991	0.007935375258473624	-0.0008163676196616452	-2.6468575607106412e-12	3	
8.949999999999992	0.007868576935271081	-0.0008091108590211597	1.4133953256600981e-12	3	
8.999999999999993	0.007959268074341806	-0.0008186595245084878	5.425421504278472e-12	1	
9.049999999999994	0.008204360209408717	-0.0008447204778146496	9.032089220232787e-12	3	
9.099999999999994	0.008593776829543228	-0.0008860241500620739	1.1917115211239996e-11	3	
9.149999999999995	0.009110960039048294	-0.0009408487354224909	1.3844182074976995e-11	3	
9.199999999999996	0.009733681158206397	-0.0010069622523487406	1.4684594458600222e-11	3	
9.249999999999996	0.010434891881671357	-0.0010815132070138697	1.4429113479208871e-11	3	
9.299999999999997	0.011183821989784848	-0.0011611345162205009	1.3182488516665801e-11	3	
9.349999999999998	0.011947511461516588	-0.0012422282606660464	1.114222176474093e-11	3	
9.399999999999999	0.012692520946198509	-0.0013212505237969287	8.56549235814603e-12	3	
9.45	0.013386541622188726	-0.0013948020684827714	5.729685571437403e-12	3	
9.5	0.01399985462344065	-0.001459730598368752	2.8926498728838435e-12	3	
9.55	0.014506583302256692	-0.0015132826197530214	2.587592854186552e-13	3	
9.600000000000001	0.014885746800538635	-0.001553232381217067	-2.043909097004666e-12	3	
9.650000000000002	0.01512227526704178	-0.0015779695693096977	-3.9715213766781326e-12	3	
9.700000000000003	0.015207697096543142	-0.0015866619815476724	-5.556148543865327e-12	1	
9.750000000000004	0.015140459125168577	-0.0015791293895022027	-6.882652198810275e-12	1	
9.800000000000004	0.014926599425399558	-0.00155565325424974	-8.05529643952531e-12	3	
9.850000000000005	0.014579879038847207	-0.0015177351679895937	-9.16100832932424e-12	3	
9.900000000000006	0.014121064183708154	-0.0014680869238887085	-1.02370859658833e-11	3	
9.950000000000006	0.013576076901798741	-0.0014096852931651308	-1.1250531027227741e-11	4	
10.000000000000007	0.012973477859134967	-0.0013452329452988351	-1.2094131360240351e-11	3	
10.050000000000008	0.01230918155136292	-0.001258594068668307	-1.2596701615338846e-11	6	
10.100000000000009	0.011542181361718097	-0.001176375968718808	-1.2558117552316345e-11	4	
10.15000000000001	0.010637636737810792	-0.001104806519929778	-1.1793420702109489e-11	3	
10.20000000000001	0.009591674815815979	-0.0010051028635740984	-1.0169965347391954e-11	3	
10.25000000000001	0.008485851499833396	-0.0008628548224077599	-7.639102345386443e-12	3	
10.300000000000011	0.007454236234019977	-0.0007250639855794882	-4.2575749743694404e-12	3	
10.350000000000012	0.006585308561257392	-0.0006390115848398122	-1.909999551174733e-13	3	
10.400000000000013	0.005889028677845974	-0.0005928666718633102	4.3010829049213706e-12	3	
10.450000000000014	0.005340323093013046	-0.0005472060025930193	8.893337562739898e-12	3	
10.500000000000014	0.0049309719577445045	-0.0004919085609913391	1.3230335884787207e-11	3	
10.550000000000015	0.0046964357000997175	-0.0004502173528941559	1.6966994014502457e-11	3	
10.600000000000016	0.004700364438241043	-0.0004451991453675679	1.981040413433809e-11	3	
10.650000000000016	0.004981613821354794	-0.00048002511383688737	2.155478601304064e-11	3	
10.700000000000017	0.00551640359553098	-0.0005453119866175785	2.210032430478608e-11	3	
10.750000000000018	0.006235221195312948	-0.000629361403716105	2.1454742341775418e-11	3	
10.800000000000018	0.007071893260763743	-0.0007201553045815563	1.9724646827599115e-11	3	
10.85000000000002	0.007995295918488044	-0.0008109049786079967	1.710153216383591e-11	3	
10.90000000000002	0.009000088151915315	-0.0009071998855645162	1.3839690835634314e-11	3	
10.95000000000002	0.010071113074971515	-0.0010192957097226426	1.0223261780492188e-11	3	
11.000000000000021	0.011156143751705792	-0.0011442838554547056	6.5281848550081696e-12	3	
11.050000000000022	0.012172872404418446	-0.001262839017310763	2.98939528103339e-12	3	
11.100000000000023	0.01304387191409263	-0.001356195322340048	-2.217387180899555e-13	3	
11.150000000000023	0.013726789922118381	-0.0014210272607439115	-3.010446523159274e-12	3	
11.200000000000024	0.014213936751141095	-0.0014656623247256465	-5.360192873811807e-12	3	
11.250000000000025	0.014506413135407098	-0.0014965331062170742	-7.316951785373708e-12	3	
11.300000000000026	0.01459021482576864	-0.0015111082291070163	-8.955741812802562e-12	3	
11.350000000000026	0.014436620999614024	-0.001500928499918014	-1.0340970437477923e-11	3	
11.400000000000027	0.014024939255477965	-0.0014587907797226427	-1.149573070714438e-11	3	
11.450000000000028	0.013365350905197223	-0.0013845941225029332	-1.2386029629789962e-11	3	
11.500000000000028	0.012500864222079617	-0.0012865274388090136	-1.2916659198935142e-11	3	
11.55000000000003	0.011487765701987132	-0.0011761165352800055	-1.29372785428605e-11	3	
11.60000000000003	0.01037336620186621	-0.0010605967708002212	-1.226394336065527e-11	3	
11.65000000000003	0.009190289852715782	-0.0009399774336208679	-1.0719090949197736e-11	3	
11.700000000000031	0.007969373729862308	-0.0008120297880520506	-8.181417546395934e-12	3	
11.750000000000032	0.006755964475714892	-0.0006796976471056604	-4.629369758459719e-12	3	
11.800000000000033	0.005612590271053525	-0.0005528930579704988	-1.659078025104705e-13	3	
11.850000000000033	0.004604782057708953	-0.0004432409651520406	4.979113028428616e-12	3	
11.900000000000034	0.003782470045101566	-0.00035762257773234047	1.04681438325539e-11	3	
11.950000000000035	0.0031724837333717373	-0.00029646986224917337	1.5894048672494487e-11	3	
12.000000000000036	0.0027863798003794926	-0.0002572983132549011	2.082950839282121e-11	3	
12.050000000000036	0.0026337361400286348	-0.0002394654743139125	2.4875510496087822e-11	3	
12.100000000000037	0.0027273124057097474	-0.00024593630876657	2.7700818263022483e-11	3	
12.150000000000038	0.003075490567644823	-0.00028083024302071985	2.9074856292298633e-11	3	
12.200000000000038	0.0036697924163849437	-0.00034511285952293943	2.889961373009151e-11	3	
12.250000000000039	0.00447948233186406	-0.00043437835899319603	2.72355114937739e-11	3	
12.30000000000004	0.0054581670430053205	-0.0005407652442491722	2.4304500049118462e-11	3	
12.35000000000004	0.006556319784024144	-0.0006571412194207882	2.0458129114450434e-11	3	
12.400000000000041	0.007729142824959057	-0.0007796015081478808	1.6117362384121775e-11	3	
12.450000000000042	0.008934658203744037	-0.0009062125401827718	1.170467443096852e-11	3	
12.500000000000043	0.0101264767726307	-0.0010337235667539084	7.58426882317309e-12	3	
12.550000000000043	0.011250274267659803	-0.0011557253257409906	4.013114398370909e-12	3	
12.600000000000044	0.012248869613650045	-0.0012639960423497386	1.103459072894908e-12	3	
12.650000000000045	0.013072486881313303	-0.0013516624025253683	-1.190619193425789e-12	3	
12.700000000000045	0.01368623543913684	-0.001415339188414687	-3.0430515374726486e-12	3	
12.750000000000046	0.014069873367177244	-0.0014546205241759648	-4.6777810380483716e-12	3	
12.800000000000047	0.014212099570496465	-0.0014697678823824693	-6.269512601441344e-12	3	
12.850000000000048	0.014106056600354121	-0.0014599260833380397	-7.86920655914551e-12	3	
12.900000000000048	0.013750642825342274	-0.001423502031232641	-9.388391918402555e-12	3	
12.950000000000049	0.013156113184886855	-0.0013602201143254672	-1.0640280773811222e-11	3	
13.00000000000005	0.012348257947546105	-0.0012728179837698612	-1.1403317496767922e-11	3	
13.05000000000005	0.011366838755330195	-0.00116677981902609	-1.1468209658187808e-11	3	
13.100000000000051	0.01025918525670497	-0.0010484055606432615	-1.065337234367273e-11	3	
13.150000000000052	0.009073843596931674	-0.0009229901815873225	-8.80456785903734e-12	3	
13.200000000000053	0.0078584028182977	-0.0007945931032867253	-5.806903423807194e-12	3	
13.250000000000053	0.0066612456188350905	-0.000667257185361907	-1.62218805195687e-12	3	
13.300000000000054	0.00553329778794472	-0.0005462189695905744	3.663703464139207e-12	3	
13.350000000000055	0.004526163438020747	-0.00043779995221455065	9.81459785788685e-12	3	
13.400000000000055	0.003686695271508683	-0.00034799182194913747	1.645861295472076e-11	3	
13.450000000000056	0.0030514309604882054	-0.0002809419213596065	2.3134938351285698e-11	3	
13.500000000000057	0.002644363076741027	-0.00023855010344828062	2.934553303337352e-11	3	
13.550000000000058	0.002478455089904845	-0.0002213060786632566	3.459288177862397e-11	3	
13.600000000000058	0.0025584618201153876	-0.0002294002265906393	3.841078563412219e-11	1	
13.650000000000059	0.002880850918889066	-0.00026304518673651677	4.0410466175411627e-11	3	
13.70000000000006	0.003432211511619726	-0.0003215520939509638	4.0350401092934744e-11	3	
13.75000000000006	0.004187669495057186	-0.000402528093520963	3.820661525457732e-11	3	
13.800000000000061	0.0051107305707980616	-0.0005017050863528141	3.4201194408658714e-11	3	
13.850000000000062	0.006156266937835396	-0.0006136445149617155	2.8761884613616445e-11	3	
13.900000000000063	0.0072750808095423565	-0.0007327917637206794	2.242555339747911e-11	3	
13.950000000000063	0.0084170767024314	-0.0008540521655213348	1.5730619977103886e-11	3	
14.000000000000064	0.00953225688223368	-0.0009726635542385147	9.142672191289732e-12	3	
14.050000000000065	0.010570865681627028	-0.0010836730489165454	3.0268395745798333e-12	3	
14.100000000000065	0.011484573165828611	-0.00118171898683047	-2.352294327406916e-12	3	
14.150000000000066	0.012229513004684575	-0.001261586263387772	-6.831305091376546e-12	3	
14.200000000000067	0.012770071070836785	-0.0013191561216710243	-1.0359375241773335e-11	3	
14.250000000000068	0.013081456096139832	-0.0013519532803188824	-1.3006410428168401e-11	3	
14.300000000000068	0.013150111711385868	-0.001358969760085573	-1.494492233797449e-11	3	
14.350000000000069	0.01297296290320093	-0.0013401473063856485	-1.6395790524281508e-11	1	
14.40000000000007	0.012555986871626753	-0.0012960616848904762	-1.7550405282689577e-11	3	
14.45000000000007	0.01191466157021953	-0.0012279705062209828	-1.8496004429969433e-11	3	
14.500000000000071	0.011075180806641462	-0.0011383698007010965	-1.9169648153848444e-11	3	
14.550000000000072	0.010073936423976962	-0.001031228443656721	-1.9353920767325792e-11	3	
14.600000000000072	0.008955318285288697	-0.0009116270098623594	-1.871404897264693e-11	3	
14.650000000000073	0.007768662345672339	-0.0007850844235918125	-1.6867710523014358e-11	3	
14.700000000000074	0.0065652766713793975	-0.0006570154860399983	-1.3474577830695929e-11	3	
14.750000000000075	0.005396411670415946	-0.0005326157012336716	-8.329367111744252e-12	3	
14.800000000000075	0.004311994778084942	-0.0004169915888056212	-1.4392753260981744e-12	3	
14.850000000000076	0.0033591991638239793	-0.0003151834882723128	6.932834922296571e-12	3	
14.900000000000077	0.0025802437228496355	-0.00023190333048340114	1.6271260217422624e-11	3	
14.950000000000077	0.002009697907926672	-0.0001710488059041532	2.5855771336298097e-11	3	
15.000000000000078	0.0016722162818500288	-0.00013526421759359308	3.484284934645564e-11	3	
15.050000000000079	0.001581480008646268	-0.00012582166677123726	4.2361810932932876e-11	3	
15.10000000000008	0.0017403393351834303	-0.0001428158272961834	4.761082530079993e-11	1	
15.15000000000008	0.0021411987488232876	-0.00018544146310246962	4.994498959842577e-11	3	
15.200000000000081	0.002766444419576949	-0.00025195988075181626	4.895288007083084e-11	3	
15.250000000000082	0.00358888800315665	-0.00033959963137855366	4.451587124917412e-11	3	
15.300000000000082	0.004572289636815636	-0.000444572785440541	3.6839248514688525e-11	3	
15.350000000000083	0.005672633194417188	-0.000562116336381261	2.6442806151413933e-11	3	
15.400000000000084	0.006840510553586898	-0.0006867815312308717	1.410543280151481e-11	3	
15.450000000000085	0.008023995086387603	-0.0008129384326168958	7.703766975943681e-13	3	
15.500000000000085	0.009171118150363549	-0.0009351419341973713	-1.2571755832472365e-11	3	
15.550000000000086	0.010231739345493944	-0.0010482110732197773	-2.50019528139514e-11	3	
15.600000000000087	0.011159229059226634	-0.0011472318670567563	-3.577647465935351e-11	3	
15.650000000000087	0.011912352758850662	-0.0012277197145905323	-4.44026182461451e-11	3	
15.700000000000088	0.012457358071023092	-0.001285941216878885	-5.0676553885025295e-11	3	
15.750000000000089	0.012769906267153006	-0.0013192409517030928	-5.46751674482225e-11	3	
15.80000000000009	0.01283635229460812	-0.0013262177314728207	-5.669911429821381e-11	3	
15.85000000000009	0.012654138143927277	-0.0013067024189446642	-5.717471120978515e-11	2	
15.900000000000091	0.01223142141431684	-0.001261640260456491	-5.653470154366741e-11	3	
15.950000000000092	0.011586546295527363	-0.0011929465727024435	-5.5106121077235774e-11	3	
16.000000000000092	0.010747469171815705	-0.001103494585338843	-5.303284135838747e-11	3	
16.050000000000093	0.009750835233998686	-0.0009971486634758294	-5.025087606054601e-11	3	
16.100000000000094	0.008640485190524235	-0.000878634792972392	-4.652032712883945e-11	3	
16.150000000000095	0.007465375899089225	-0.0007532542702924539	-4.1504099581483026e-11	3	
16.200000000000095	0.006277158470527275	-0.0006265559272979143	-3.4873772777020856e-11	3	
16.250000000000096	0.005127749174483859	-0.0005040548923082965	-2.6418582941447698e-11	3	
16.300000000000097	0.004067118566819758	-0.0003910203291023832	-1.6134232694083343e-11	3	
16.350000000000097	0.0031413222453665814	-0.00029231618392827293	-4.273534564373111e-12	3	
16.400000000000098	0.0023906338152415744	-0.00021224406036948138	8.650392191985262e-12	3	
16.4500000000001	0.0018477043144016047	-0.00015433685509697292	2.1907408825297718e-11	3	
16.5000000000001	0.0015359147318843162	-0.00012113005191573926	3.4630000127468184e-11	3	
16.5500000000001	0.0014682499424781205	-0.00011399623450736823	4.5913523148575304e-11	2	
16.6000000000001	0.0016466980040940264	-0.00013311104348260333	5.492036214928893e-11	2	
16.6500000000001	0.0020622761118002687	-0.00017748137619238337	6.097411752921165e-11	3	
16.700000000000102	0.0026956974929732667	-0.0002450244342507477	6.363428866557744e-11	3	
16.750000000000103	0.0035183012000381294	-0.00033272189947145653	6.274559276969884e-11	3	
16.800000000000104	0.004493087542692391	-0.00043669620770401255	5.845816214084669e-11	3	
16.850000000000104	0.005576130575991843	-0.0005522806014042451	5.1216194520880283e-11	3	
16.900000000000105	0.006718543450100881	-0.0006742118404350508	4.1714553257892874e-11	3	
16.950000000000106	0.007868820334570394	-0.0007969443738936172	3.0825911018830343e-11	3	
17.000000000000107	0.008975255581205589	-0.0009149638784507258	1.950493636752519e-11	3	
17.050000000000107	0.00998822901095956	-0.001023014900380769	8.679945320442638e-12	3	
17.100000000000108	0.010862284165850087	-0.001116278653440121	-8.542235714675007e-13	3	
17.15000000000011	0.01155801030763848	-0.0011905519813295397	-8.526059260489689e-12	3	
17.20000000000011	0.012043753626493132	-0.0012424338286198973	-1.4043558816005785e-11	3	
17.25000000000011	0.012297107571280278	-0.0012695034147819318	-1.7403448142309748e-11	3	
17.30000000000011	0.012306145634472883	-0.0012704687723113547	-1.8847833334116232e-11	1	
17.35000000000011	0.012069662203243778	-0.0012452414628910627	-1.877428625551139e-11	3	
17.400000000000112	0.011597222861943248	-0.0011948527169224241	-1.7617681320099683e-11	3	
17.450000000000113	0.01090894892044387	-0.0011214554937172608	-1.5730917377199338e-11	3	
17.500000000000114	0.010034473586328963	-0.00102820855683948	-1.3293244218534254e-11	3	
17.550000000000114	0.009011543052721576	-0.0009191254502170753	-1.0268353526202595e-11	3	
17.600000000000115	0.007884478365253262	-0.0007989282892060016	-6.4218663320223606e-12	3	
17.650000000000116	0.006702271151515201	-0.0006728474026820479	-1.393137988261717e-12	3	
17.700000000000117	0.005516378856161241	-0.0005463880295576973	5.196548974690762e-12	3	
17.750000000000117	0.004378398979695083	-0.0004250684604083081	1.3625205917771359e-11	3	
17.800000000000118	0.003337756541756281	-0.00031415191544126184	2.396788707443077e-11	3	
17.85000000000012	0.0024395470102770646	-0.0002184245249046004	3.603293595436588e-11	3	
17.90000000000012	0.0017226091632657127	-0.00014201659273959335	4.934881310437486e-11	3	
17.95000000000012	0.001217841004233801	-8.822896466442055e-05	6.320187981534284e-11	3	
18.00000000000012	0.0009468134612648363	-5.937159838347636e-05	7.671523521186297e-11	3	
18.05000000000012	0.0009208530020246436	-5.6647129243412245e-05	8.895233171436695e-11	1	
18.100000000000122	0.0011403228219079619	-8.011101630944088e-05	9.902745634857695e-11	3	
18.150000000000123	0.0015946819043650563	-0.000128634222591608	1.062073016871624e-10	3	
18.200000000000124	0.002263166246065366	-0.0001999690745065482	1.0999186273736169e-10	3	
18.250000000000124	0.0031156724144710823	-0.00029089873751595	1.1016691815435548e-10	3	
18.300000000000125	0.004114046501149133	-0.00039738598520528963	1.0682360720250342e-10	3	
18.350000000000126	0.005213726212634211	-0.0005147112063081243	1.0034344495582812e-10	3	
18.400000000000126	0.006365619241930863	-0.0006376332069502119	9.135023742993746e-11	3	
18.450000000000127	0.007518289707139631	-0.0007606396955502231	8.063412834286953e-11	3	
18.500000000000128	0.008620325179183643	-0.000878234760857423	6.905706553122244e-11	3	
18.55000000000013	0.00962264685354717	-0.000985184596633938	5.745241280167565e-11	3	
18.60000000000013	0.010480661829512168	-0.001076740951177807	4.6533319860808364e-11	3	
18.65000000000013	0.011156183874954874	-0.0011488437773451259	3.6824193456202786e-11	3	
18.70000000000013	0.011619054097684928	-0.0011982792583485188	2.8626912690954932e-11	3	
18.75000000000013	0.011848455260741686	-0.001222811977484616	2.2028257784297847e-11	3	
18.800000000000132	0.01183391051624426	-0.001221300950786072	1.6947701391522056e-11	1	
18.850000000000133	0.011575728859668366	-0.00119378472251548	1.3216296448189189e-11	3	
18.900000000000134	0.011084979647274918	-0.001141471262087202	1.066977659989138e-11	3	
18.950000000000134	0.010383027786852305	-0.0010666363340775284	9.23450710393212e-12	3	
19.000000000000135	0.009500547584311094	-0.0009725402927089617	8.985342525158906e-12	3	
19.050000000000136	0.008476162753867216	-0.0008633090744710611	1.0160108431489617e-11	3	
19.100000000000136	0.007354746158508083	-0.0007437448384153046	1.3125026081030702e-11	3	
19.150000000000137	0.006185404786175975	-0.0006190867300848236	1.829650282161755e-11	3	
19.200000000000138	0.005019316821789218	-0.0004947832917127556	2.6034666787974033e-11	3	
19.25000000000014	0.003907505047826011	-0.0003762745229788396	3.653069471942372e-11	3	
19.30000000000014	0.002898578436609832	-0.00026874688534003435	4.971205002411567e-11	3	
19.35000000000014	0.0020365731162931503	-0.00017689482311710012	6.518677894765732e-11	3	
19.40000000000014	0.0013590115897661567	-0.0001047173986537678	8.22404840849e-11	3	
19.45000000000014	0.0008952416071535421	-5.534179103046714e-05	9.988896441253486e-11	3	
19.500000000000142	0.0006651372780398185	-3.088258347005157e-05	1.1697814067208966e-10	3	
19.550000000000143	0.0006782819642670821	-3.234650283891403e-05	1.3231356548946672e-10	1	
19.600000000000144	0.0009334486294900498	-5.962288764091004e-05	1.447968979534542e-10	3	
19.650000000000144	0.0014186766347079108	-0.00011145427734428311	1.5354721894898038e-10	3	
19.700000000000145	0.002111868824049922	-0.00018545614249225941	1.579902370253985e-10	3	
19.750000000000146	0.002981758486637009	-0.00027827069761428573	1.5790613346147027e-10	3	
19.800000000000146	0.0039893394765407346	-0.000385758838010957	1.534344826680486e-10	3	
19.850000000000147	0.00508956938527154	-0.0005031534763622084	1.450404891227893e-10	3	
19.900000000000148	0.006233249350933196	-0.0006252102344193392	1.3345011996433955e-10	3	
19.95000000000015	0.007369191864516622	-0.0007464470299067188	1.195631961329171e-10	3	
20.00000000000015	0.008446563848839593	-0.0008614295015962	1.0435427411141615e-10	3	
20.05000000000015	0.009417170952202791	-0.0009650152075514122	8.877206685244517e-11	3	
20.10000000000015	0.010237588188921138	-0.0010525749156097158	7.364926254662239e-11	3	
20.15000000000015	0.01087105607438319	-0.0011201975513541642	5.963509178322865e-11	3	
20.200000000000152	0.011289048650745244	-0.0011648469103157596	4.7161618272093054e-11	3	
20.250000000000153	0.011472501565945547	-0.001184481136361272	3.645047528533411e-11	3	
20.300000000000153	0.011412759121561982	-0.0011781543206273665	2.7559543375721174e-11	1	
20.350000000000154	0.011111831205499812	-0.0011460897506312912	2.0460059216410977e-11	3	
20.400000000000155	0.01058235170424375	-0.001089648680172566	1.5126269927630184e-11	3	
20.450000000000156	0.0098471359763359	-0.0010112652626194027	1.161478534120591e-11	3	
20.500000000000156	0.008938092095041145	-0.0009143334537393304	1.0111513798332009e-11	3	
20.550000000000157	0.00789478297296604	-0.00080307869781197	1.0931079999803019e-11	3	
20.600000000000158	0.006762698094531899	-0.0006823726449176001	1.4465346633387422e-11	3	
20.65000000000016	0.005591200871905193	-0.0005574829127896876	2.1090885366884967e-11	3	
20.70000000000016	0.004431354026112165	-0.00043384227691289126	3.105615492389742e-11	3	
20.75000000000016	0.0033337177928982717	-0.00031683735656873086	4.4374648564935115e-11	3	
20.80000000000016	0.0023461244754624105	-0.0002115707868012741	6.074901978216956e-11	3	
20.85000000000016	0.0015115535127673376	-0.00012262668490211893	7.954390128930802e-11	3	
20.900000000000162	0.0008662312184682364	-5.3869452541807815e-05	9.981415321302306e-11	3	
20.950000000000163	0.00043801886076576203	-8.268769660800798e-06	1.2038369305436198e-10	3	
21.000000000000163	0.000245177718699107	1.2235310143394664e-05	1.3996070701045e-10	3	
21.050000000000164	0.0002956413397820884	6.81175232965039e-06	1.5726976470954535e-10	1	
21.100000000000165	0.0005865540228539639	-2.4252521328731216e-05	1.711807136468712e-10	3	
21.150000000000166	0.0011044349472446341	-7.952812168886047e-05	1.808173228869652e-10	3	
21.200000000000166	0.0018258696483606262	-0.00015650336582524084	1.8563411557045106e-10	3	
21.250000000000167	0.0027185008684479793	-0.0002517196541406048	1.8545565708933718e-10	3	
21.300000000000168	0.003742454609743443	-0.0003609388327320807	1.804773443625426e-10	3	
21.35000000000017	0.004852110604198604	-0.0004793139123087126	1.7123011384066264e-10	3	
21.40000000000017	0.0059980646690529224	-0.0006015737070726594	1.5851374315428888e-10	3	
21.45000000000017	0.007129307394438821	-0.0007222669501834512	1.433054103420967e-10	3	
21.50000000000017	0.008195522898330839	-0.000836025141370211	1.2665267277352434e-10	3	
21.55000000000017	0.009149323228412332	-0.0009377923148392986	1.0956307083977116e-10	3	
21.600000000000172	0.009948334986701208	-0.0010230452514999409	9.29052463288905e-11	3	
21.650000000000173	0.010557061400326287	-0.0010880012005670678	7.733727485072789e-11	3	
21.700000000000173	0.010948421316187383	-0.0011297762880561378	6.327541800431786e-11	3	
21.750000000000174	0.011104924508989655	-0.001146500150597506	5.091013492742693e-11	3	
21.800000000000175	0.011019486123606669	-0.001137404413367624	4.026673632392536e-11	1	
21.850000000000176	0.010695685057951205	-0.0011028763085750449	3.1297620462279146e-11	3	
21.900000000000176	0.01014763010514337	-0.0010444296002363306	2.3984479374244253e-11	3	
21.950000000000177	0.009399377852139403	-0.0009646277116254214	1.842489848726214e-11	3	
22.000000000000178	0.008483830427772437	-0.0008669794909117604	1.488003918854572e-11	3	
22.05000000000018	0.007441269333681423	-0.0007557915007078052	1.376848921190339e-11	3	
22.10000000000018	0.006317573222074113	-0.0006359670208184958	1.5603956481900137e-11	3	
22.15000000000018	0.0051621655181597345	-0.0005127732235919598	2.0888074542195658e-11	3	
22.20000000000018	0.0040258460789033765	-0.0003916199987677086	2.998064890631923e-11	3	
22.25000000000018	0.002958580281152549	-0.000277836981842962	4.297537881646159e-11	3	
22.300000000000182	0.0020072869897411697	-0.00017642969002585343	5.960814665557816e-11	3	
22.350000000000183	0.001213751685753956	-9.185172019755392e-05	7.921793712572803e-11	3	
22.400000000000183	0.0006127790805944987	-2.7812685404235057e-05	1.0076945188042967e-10	3	
22.450000000000184	0.00023065305677877687	1.2886840965841176e-05	1.2293444935785698e-10	3	
22.500000000000185	8.397963348591736e-05	2.84815660191233e-05	1.4421857601670853e-10	3	
22.550000000000185	0.00017897837280565453	1.8319101296350772e-05	1.6311388956533034e-10	1	
22.600000000000186	0.0005111995152687164	-1.7141642118536762e-05	1.7825507345171954e-10	3	
22.650000000000187	0.0010657201057360257	-7.63174863728019e-05	1.8855893210058332e-10	3	
22.700000000000188	0.0018178013745259564	-0.00015655467406459556	1.93330927678123e-10	3	
22.75000000000019	0.0027339866850892166	-0.0002542794504515773	1.9232777401678413e-10	3	
22.80000000000019	0.0037736128308319405	-0.0003651707979031245	1.8577040224677968e-10	3	
22.85000000000019	0.00489060168241291	-0.00048432868333431173	1.7430659415971077e-10	3	
22.90000000000019	0.006035446263367712	-0.0006064682910657342	1.5892735278197047e-10	3	
22.95000000000019	0.007157392170908567	-0.0007261685544405008	1.4084597302542593e-10	3	
23.000000000000192	0.008206711830864705	-0.0008381270428566281	1.213538530458449e-10	3	
23.050000000000193	0.009136910936447085	-0.000937382953021906	1.0167177438644507e-10	3	
23.100000000000193	0.009906779018583995	-0.0010195342247531552	8.281843731737253e-11	3	
23.150000000000194	0.010482203880458467	-0.001080943082189504	6.551791541083931e-11	3	
23.200000000000195	0.010837656874943917	-0.0011188917678946456	5.0163160856058664e-11	3	
23.250000000000195	0.01095730225446596	-0.0011316890971307591	3.684352310609952e-11	3	
23.300000000000196	0.010835729311128132	-0.001118744642876881	2.543165594532303e-11	1	
23.350000000000197	0.010478138411691528	-0.0010806228084785413	1.5711802183534637e-11	3	
23.400000000000198	0.009900144651714956	-0.0010189962916325038	7.520726528020395e-12	3	
23.4500000000002	0.009127108301131018	-0.0009365642415631257	8.677557811812287e-13	3	
23.5000000000002	0.00819298052951535	-0.0008369432677138673	-3.99649306536579e-12	3	
23.5500000000002	0.0071388241915080735	-0.0007245257003083218	-6.582163266208568e-12	3	
23.6000000000002	0.006010995621387248	-0.0006042719533819104	-6.236083088970402e-12	3	
23.6500000000002	0.00485904465929618	-0.0004814622280701456	-2.276965045463552e-12	3	
23.700000000000202	0.003733537236527835	-0.0003614772259914879	5.8391045081016365e-12	3	
23.750000000000203	0.002683869664236241	-0.00024958415291611994	1.835915994636265e-11	3	
23.800000000000203	0.0017560917683512951	-0.000150695688539321	3.5114550132327125e-11	3	
23.850000000000204	0.0009908620655876472	-6.914509629480865e-05	5.546791508940335e-11	3	
23.900000000000205	0.00042164913648280863	-8.500908566544779e-06	7.833629655572025e-11	3	
23.950000000000205	7.324343550900847e-05	2.85932378174325e-05	1.0228501989930322e-10	3	
24.000000000000206	-3.9339229990554756e-05	4.054154640224776e-05	1.2567422444755613e-10	3	
24.050000000000207	8.851745897220839e-05	2.686643492242267e-05	1.4683268491974339e-10	1	
24.100000000000207	0.0004508136855695191	-1.1808752737668707e-05	1.6423251035431705e-10	3	
24.150000000000208	0.0010312002171507712	-7.374912433329994e-05	1.7664208277568748e-10	3	
24.20000000000021	0.0018037061396776535	-0.00015617284519974295	1.8324112260820868e-10	3	
24.25000000000021	0.0027338843917598765	-0.00025539852675620153	1.836885103178244e-10	3	
24.30000000000021	0.0037803681271798236	-0.00036702680392654226	1.781389273822584e-10	3	
24.35000000000021	0.00489670708042023	-0.00048611942633188746	1.672084038194947e-10	3	
24.40000000000021	0.006033363987897029	-0.0006073909828827715	1.5189220920456803e-10	3	
24.450000000000212	0.007139885195301926	-0.0007254527045902293	1.3344235468147557e-10	3	
24.500000000000213	0.008167163804219108	-0.0008350669800279728	1.1321701476141425e-10	3	
24.550000000000214	0.009069625366905828	-0.0009313696650698609	9.252001349289138e-11	3	
24.600000000000215	0.009807241038091925	-0.001010083765627194	7.245349660876666e-11	3	
24.650000000000215	0.010347292187850295	-0.0010677209295664272	5.380867660374092e-11	3	
24.700000000000216	0.010665792391722512	-0.0011017300925622489	3.701601904771734e-11	3	
24.750000000000217	0.010748521972523314	-0.0011105935329999573	2.2166684440387192e-11	3	
24.800000000000217	0.010591685036872002	-0.0010938917368175823	9.102685780709018e-12	1	
24.850000000000218	0.010202029822155853	-0.0010523527975038526	-2.442753868758032e-12	3	
24.90000000000022	0.009596590510194944	-0.0009878034375207481	-1.2686416515711862e-11	3	
24.95000000000022	0.008801946087109557	-0.0009030714829524134	-2.1656086746242636e-11	3	
25.00000000000022	0.007853012773387912	-0.000801875022669716	-2.910660914514899e-11	3	
25.05000000000022	0.00679153188504625	-0.0006886794250300168	-3.451405591528005e-11	3	
25.10000000000022	0.0056642173960278885	-0.0005684848365196789	-3.715240745478081e-11	3	
25.150000000000222	0.004520629069186126	-0.00044657292775391054	-3.62369481005218e-11	3	
25.200000000000223	0.0034109943577568533	-0.0003282867652623298	-3.110227462742029e-11	3	
25.250000000000224	0.002384044367886088	-0.00021882099625713082	-2.1374771376427076e-11	3	
25.300000000000225	0.001484869146867887	-0.0001229853658053913	-7.1015500671982205e-12	3	
25.350000000000225	0.0007529145519452609	-4.498463502045447e-05	1.1190878314818537e-11	3	
25.400000000000226	0.00022023408521435947	1.17620377700079e-05	3.2518144165393674e-11	3	
25.450000000000227	-8.994185347498429e-05	4.477680821645204e-05	5.553230037474921e-11	3	
25.500000000000227	-0.00016423584786744868	5.2639382077578264e-05	7.866789333623956e-11	3	
25.550000000000228	3.1485485865811547e-07	3.504919996938024e-05	1.0031217598261184e-10	1	
25.60000000000023	0.00039615148014523734	-7.202404174466784e-06	1.1897232611117485e-10	3	
25.65000000000023	0.001005512870039156	-7.223347387126959e-05	1.3341836311900025e-10	3	
25.70000000000023	0.0018011968486756505	-0.00015713225546208645	1.4278861101029458e-10	3	
25.75000000000023	0.0027477718639810616	-0.0002581113375561126	1.4665191585896537e-10	3	
25.80000000000023	0.0038031865359392045	-0.00037069619946676657	1.4502558756157313e-10	3	
25.850000000000232	0.004920637967151149	-0.0004899099419013217	1.383502417512267e-10	3	
25.900000000000233	0.006050582920424645	-0.0006104681204576061	1.2742377704274897e-10	3	
25.950000000000234	0.0071429015987952505	-0.0007270191051915599	1.1329861203957771e-10	3	
26.000000000000234	0.008149141935290146	-0.0008343949184995988	9.715040834631851e-11	3	
26.050000000000235	0.00902467789041415	-0.0009278314400968027	8.013268129316323e-11	3	
26.100000000000236	0.009730682817104142	-0.0010031788689161783	6.323810045969708e-11	3	
26.150000000000237	0.010235843515558896	-0.0010570985528865233	4.719097841180487e-11	3	
26.200000000000237	0.010517721810409029	-0.0010872055017721455	3.2393654280604925e-11	3	
26.250000000000238	0.010563719937790012	-0.0010921546108768525	1.8940887075512626e-11	2	
26.30000000000024	0.010371650952706845	-0.0010717039850623603	6.7020160584838995e-12	2	
26.35000000000024	0.009949802538070453	-0.0010267417235093382	-4.546098508484705e-12	3	
26.40000000000024	0.009316613570397678	-0.0009592383746410889	-1.4966659901134483e-11	3	
26.45000000000024	0.008499866832494943	-0.0008721518967844211	-2.4529601629339974e-11	3	
26.50000000000024	0.0075354369714435545	-0.0007693097073034145	-3.2933214064916705e-11	3	
26.550000000000242	0.0064657259925150826	-0.0006552497381693865	-3.960405040189803e-11	3	
26.600000000000243	0.005337761604100894	-0.0005349992910274768	-4.377910863677391e-11	3	
26.650000000000244	0.0042010744548571155	-0.00041383300691592666	-4.46534628432004e-11	3	
26.700000000000244	0.003105542927621121	-0.0002970586830664341	-4.155997550370386e-11	3	
26.750000000000245	0.002099237923171573	-0.00018980143559596478	-3.413995652786234e-11	3	
26.800000000000246	0.0012262987321773689	-9.67698794310594e-05	-2.246647434304e-11	3	
26.850000000000247	0.0005249684990117069	-2.2042913865083925e-05	-7.094161722949737e-12	3	
26.900000000000247	2.5893664401268002e-05	3.1110100483218716e-05	1.0973085071868834e-11	3	
26.950000000000248	-0.00024924123678491354	6.0379808877943215e-05	3.0387225064456096e-11	3	
27.00000000000025	-0.0002886522256060404	6.452197787159144e-05	4.961112885543029e-11	2	
27.05000000000025	-9.097536790616625e-05	4.338838661959984e-05	6.709421111657335e-11	3	
27.10000000000025	0.0003347143866514415	-2.057259446995028e-06	8.144020233026365e-11	3	
27.15000000000025	0.0009692968591815769	-6.977303516890106e-05	9.154510936769168e-11	3	
27.20000000000025	0.0017844244124499726	-0.00015673698728786646	9.669229245795501e-11	3	
27.250000000000252	0.0027437966332730917	-0.0002590878128782891	9.659980900558929e-11	3	
27.300000000000253	0.0038047638378916463	-0.0003722844726089291	9.142091645557024e-11	3	
27.350000000000254	0.004920186353518111	-0.0004912941047840396	8.170167092655504e-11	3	
27.400000000000254	0.006040532384781262	-0.0006108283636786639	6.830109296649667e-11	3	
27.450000000000255	0.007116090979872256	-0.0007255889833155507	5.2281133005809646e-11	3	
27.500000000000256	0.00809915873366774	-0.0008304908900511877	3.477687061154804e-11	3	
27.550000000000257	0.008946130878380885	-0.0009208804518187596	1.6861929353104494e-11	3	
27.600000000000257	0.00961942173851602	-0.0009927460898906555	-5.715662360917352e-13	3	
27.650000000000258	0.010089119525061065	-0.0010428954566513444	-1.689745243771173e-11	3	
27.70000000000026	0.010334306875422186	-0.0010690936103994746	-3.1786515588044745e-11	3	
27.75000000000026	0.010344007627633519	-0.0010701603075581759	-4.517499776422926e-11	1	
27.80000000000026	0.010117643462166351	-0.001046048077810858	-5.717501835933728e-11	3	
27.85000000000026	0.009665045676586879	-0.0009978138749504044	-6.794600264899389e-11	3	
27.90000000000026	0.009006012360572302	-0.0009275617184844034	-7.755787876862576e-11	3	
27.950000000000262	0.008169435016303777	-0.0008383610673174211	-8.588141524460648e-11	3	
28.000000000000263	0.007192071423480438	-0.0007341394007970355	-9.253641879633141e-11	3	
28.050000000000264	0.006116934863235891	-0.0006195041515966304	-9.691518950042423e-11	3	
28.100000000000264	0.004991320824319875	-0.0004995046391520152	-9.827994688273143e-11	3	
28.150000000000265	0.0038646852285553436	-0.000379408729552766	-9.591400719848729e-11	3	
28.200000000000266	0.002786499054508446	-0.00026448849822850897	-8.929263093135604e-11	3	
28.250000000000266	0.0018040935638477013	-0.00015978589391700359	-7.823448745719263e-11	3	
28.300000000000267	0.0009605812316623904	-6.989121446585438e-05	-6.299972120151866e-11	3	
28.350000000000268	0.0002929564388440321	1.2479495462942776e-06	-4.431380581714541e-11	3	
28.40000000000027	-0.0001695589048224349	5.05072086471612e-05	-2.3313645785409913e-11	3	
28.45000000000027	-0.00040683323284096195	7.574131577579008e-05	-1.4288016749093854e-12	3	
28.50000000000027	-0.00040869331204043403	7.588653115784144e-05	1.977787292700322e-11	1	
28.55000000000027	-0.0001753764187694096	5.095478853264111e-05	3.8781654216622504e-11	3	
28.60000000000027	0.00028252806009974554	2.0679601618609088e-06	5.425345811197539e-11	3	
28.650000000000272	0.0009445294050704509	-6.857171268602343e-05	6.518465571139105e-11	3	
28.700000000000273	0.0017811232917496513	-0.00015781174408212051	7.096896159207359e-11	3	
28.750000000000274	0.002755150667757783	-0.00026171071530822705	7.143831388587514e-11	3	
28.800000000000274	0.003823428632808448	-0.0003756826582687382	6.685415847060453e-11	3	
28.850000000000275	0.00493858215480225	-0.000494665484380275	5.785765063186795e-11	3	
28.900000000000276	0.006051142762594518	-0.0006133695679125006	4.538348280962734e-11	3	
28.950000000000276	0.0071117915452201105	-0.0007265376875027188	3.054410626373135e-11	3	
29.000000000000277	0.008073549602259247	-0.0008291612795353827	1.4495005210611165e-11	3	
29.050000000000278	0.0088938388009485	-0.0009166943781990644	-1.7030930141609131e-12	3	
29.10000000000028	0.009536347255493538	-0.0009852659152226062	-1.7204552288873083e-11	3	
29.15000000000028	0.00997260664644012	-0.001031844710334109	-3.1459754837738184e-11	3	
29.20000000000028	0.010183234961882219	-0.0010543585196088633	-4.423859801890435e-11	3	
29.25000000000028	0.010158822000886344	-0.0010517860269271724	-5.558840979727653e-11	1	
29.30000000000028	0.00990034766550074	-0.0010242424260635664	-6.573236244485388e-11	3	
29.350000000000282	0.009419137364595261	-0.0009729465151662487	-7.492951412460155e-11	3	
29.400000000000283	0.008736334337713515	-0.0009001497837904743	-8.332903866599744e-11	3	
29.450000000000284	0.00788195278505604	-0.0008090471792414072	-9.085511081474879e-11	3	
29.500000000000284	0.00689358635820303	-0.0007036560494420444	-9.71533742557515e-11	3	
29.550000000000285	0.005814759244131902	-0.0005886303906202992	-1.0161582071012906e-10	3	
29.600000000000286	0.004692961211543991	-0.0004690339733928979	-1.0348178990173031e-10	3	
29.650000000000286	0.0035775359527086084	-0.0003501250137717114	-1.019938349254711e-10	3	
29.700000000000287	0.002517525667939319	-0.0002371354804027505	-9.657359927938515e-11	3	
29.750000000000288	0.0015595161325649143	-0.0001350311554591955	-8.697823608206381e-11	3	
29.80000000000029	0.0007455818769271037	-4.829095801358357e-05	-7.340318989032519e-11	3	
29.85000000000029	0.00011143459074869491	1.9278764418742925e-05	-5.651040618673018e-11	3	
29.90000000000029	-0.0003151595212857804	6.471301160473436e-05	-3.7378163871665246e-11	3	
29.95000000000029	-0.0005156177640604051	8.603115903490266e-05	-1.7384950982805194e-11	3	
30.00000000000029	-0.0004813456611011699	8.233296776351875e-05	1.94885148652574e-12	1	
