# Body fitted drag for model part FluidModelPart.Drag_InterfaceFluid
# Time Fx Fy Fz
0.1 40977.96959888 -23442.65272409 -0.00000000
0.15000000000000002 96632.11183438 -55234.83253465 -0.00000000
0.2 161707.41166154 -92118.35235235 -0.00000000
0.25 230260.08406591 -130495.36497073 -0.00000000
0.3 295935.54387155 -166744.66136327 -0.00000000
0.35 352375.34633763 -197529.13414329 -0.00000000
0.39999999999999997 393820.23273120 -220085.42036033 -0.00000000
0.44999999999999996 415851.81891415 -232477.47407744 -0.00000000
0.49999999999999994 416122.42031311 -233788.58369471 -0.00000000
0.5499999999999999 394878.38600866 -224223.22955929 -0.00000000
0.6 355101.87497500 -205093.75804030 -0.00000000
0.65 302179.52535866 -178679.26649150 -0.00000000
0.7000000000000001 243130.89122013 -147964.53621140 -0.00000000
0.7500000000000001 185547.67985075 -116290.25963922 -0.00000000
0.8000000000000002 136470.81333580 -86965.34632837 -0.00000000
0.8500000000000002 101429.16943447 -62896.81172220 -0.00000000
0.9000000000000002 83799.23188740 -46289.25717382 -0.00000000
0.9500000000000003 84547.66039354 -38446.90341205 -0.00000000
1.0000000000000002 102328.14913108 -39691.34063546 -0.00000000
1.0500000000000003 133848.53215648 -49390.14220208 -0.00000000
1.1000000000000003 174410.76443078 -66079.67761281 -0.00000000
1.1500000000000004 218542.29444181 -87659.87599320 -0.00000000
1.2000000000000004 260660.30727405 -111637.27614997 -0.00000000
1.2500000000000004 295722.19412716 -135392.83182657 -0.00000000
1.3000000000000005 319811.04084679 -156450.96155743 -0.00000000
1.3500000000000005 330592.77808925 -172726.08314437 -0.00000000
1.4000000000000006 327576.81888698 -182723.51880647 -0.00000000
1.4500000000000006 312126.76170981 -185674.56636863 -0.00000000
1.5000000000000007 287204.34415029 -181591.43233780 -0.00000000
1.5500000000000007 256879.95404221 -171236.26417709 -0.00000000
1.6000000000000008 225691.38479538 -156008.53317743 -0.00000000
1.6500000000000008 197963.54377623 -137764.99135200 -0.00000000
1.7000000000000008 177205.82717244 -118594.80544564 -0.00000000
1.7500000000000009 165680.77087941 -100577.88614819 -0.00000000
1.800000000000001 164196.27553819 -85555.85757960 -0.00000000
1.850000000000001 172127.64728508 -74942.22344746 -0.00000000
1.900000000000001 187637.19950986 -69591.66372990 -0.00000000
1.950000000000001 208035.09950868 -69739.44869434 -0.00000000
2.000000000000001 230215.97684256 -75012.48864004 -0.00000000
2.0500000000000007 251107.61614337 -84505.17700174 -0.00000000
2.1000000000000005 268076.00442142 -96906.94839273 -0.00000000
2.1500000000000004 279241.52802505 -110664.65729533 -0.00000000
2.2 283673.52674232 -124161.20854122 -0.00000000
2.25 281444.95990916 -135891.84604793 -0.00000000
2.3 273546.15561226 -144620.71913349 -0.00000000
2.3499999999999996 261675.48204691 -149502.63156012 -0.00000000
2.3999999999999995 247942.62368259 -150158.28482546 -0.00000000
2.4499999999999993 234533.18830269 -146695.90323020 -0.00000000
2.499999999999999 223387.87079477 -139677.70106019 -0.00000000
2.549999999999999 215943.88965276 -130035.86485305 -0.00000000
2.5999999999999988 212973.61409647 -118949.06882354 -0.00000000
2.6499999999999986 214537.11408294 -107695.62085696 -0.00000000
2.6999999999999984 220041.69121878 -97501.28089978 -0.00000000
2.7499999999999982 228394.57451753 -89401.49193621 -0.00000000
2.799999999999998 238209.40750322 -84132.69834981 -0.00000000
2.849999999999998 248028.88304774 -82064.34870621 -0.00000000
2.8999999999999977 256540.54923171 -83178.75651164 -0.00000000
2.9499999999999975 262748.56999920 -87095.92417353 -0.00000000
2.9999999999999973 266083.54532769 -93137.68667785 -0.00000000
3.049999999999997 266442.54253121 -100421.57601203 -0.00000000
3.099999999999997 264160.41453244 -107972.19787847 -0.00000000
3.149999999999997 259921.71940464 -114836.93304809 -0.00000000
3.1999999999999966 254630.02964914 -120193.20229263 -0.00000000
3.2499999999999964 249256.44347682 -123436.01200533 -0.00000000
3.2999999999999963 244690.97917587 -124236.91549904 -0.00000000
3.349999999999996 241618.76923522 -122568.72870927 -0.00000000
3.399999999999996 240437.69702921 -118694.17052289 -0.00000000
3.4499999999999957 241226.70134458 -113120.83501527 -0.00000000
3.4999999999999956 243765.39826619 -106528.94817697 -0.00000000
3.5499999999999954 247597.30446354 -99681.60535089 -0.00000000
3.599999999999995 252122.57266146 -93329.17452057 -0.00000000
3.649999999999995 256702.73569871 -88119.90373580 -0.00000000
3.699999999999995 260760.07573472 -84527.49871962 -0.00000000
3.7499999999999947 263857.28677556 -82803.74021796 -0.00000000
3.7999999999999945 265747.73390308 -82960.54064401 -0.00000000
3.8499999999999943 266392.11523889 -84781.91173749 -0.00000000
3.899999999999994 265942.74949811 -87862.70803939 -0.00000000
3.949999999999994 264701.03713903 -91667.99526769 -0.00000000
3.999999999999994 263057.24282206 -95604.79468497 -0.00000000
4.049999999999994 261423.35962499 -99097.02091859 -0.00000000
4.099999999999993 260169.50757276 -101654.57998860 -0.00000000
4.149999999999993 259572.81757147 -102928.67577668 -0.00000000
4.199999999999993 259786.12923934 -102747.41200071 -0.00000000
4.249999999999993 260827.31273834 -101127.74464158 -0.00000000
4.299999999999993 262588.35774434 -98263.20626091 -0.00000000
4.3499999999999925 264865.77831977 -94490.74966723 -0.00000000
4.399999999999992 267401.90077386 -90240.94774486 -0.00000000
4.449999999999992 269930.41294420 -85978.78114978 -0.00000000
4.499999999999992 272218.14355568 -82143.06097059 -0.00000000
4.549999999999992 274096.76175553 -79092.95509366 -0.00000000
4.599999999999992 275483.12968991 -77065.95418403 -0.00000000
4.6499999999999915 276380.76944019 -76154.39580878 -0.00000000
4.699999999999991 276867.42022616 -76302.46945853 -0.00000000
4.749999999999991 277081.95441864 -77322.41733211 -0.00000000
4.799999999999991 277194.78970277 -78926.28017372 -0.00000000
4.849999999999991 277378.06855581 -80768.57481961 -0.00000000
4.899999999999991 277776.80952541 -82493.31492596 -0.00000000
4.94999999999999 278489.06735607 -83780.20050972 -0.00000000
4.99999999999999 279558.01604723 -84383.95869474 -0.00000000
5.04999999999999 280972.15878112 -84162.06461639 -0.00000000
5.09999999999999 282673.19733520 -83087.63253544 -0.00000000
5.14999999999999 284569.84124394 -81246.27516726 -0.00000000
5.1999999999999895 286554.69142041 -78818.24974779 -0.00000000
5.249999999999989 288522.16490736 -76049.19745966 -0.00000000
5.299999999999989 290384.46564710 -73213.89974373 -0.00000000
5.349999999999989 292083.11396846 -70578.22759355 -0.00000000
5.399999999999989 293594.84488628 -68364.50296375 -0.00000000
5.449999999999989 294931.54641441 -66724.68076938 -0.00000000
5.4999999999999885 296134.78504178 -65724.42555401 -0.00000000
5.549999999999988 297266.25487047 -65339.60167884 -0.00000000
5.599999999999988 298396.00795127 -65465.01303190 -0.00000000
5.649999999999988 299590.64453166 -65933.57366286 -0.00000000
5.699999999999988 300903.43780335 -66542.73138651 -0.00000000
5.749999999999988 302367.76458468 -67084.16948712 -0.00000000
5.799999999999987 303994.66205726 -67372.69865758 -0.00000000
5.849999999999987 305774.65435512 -67270.52043958 -0.00000000
5.899999999999987 307682.64570883 -66702.58330442 -0.00000000
5.949999999999987 309684.14006141 -65661.92976087 -0.00000000
5.999999999999987 311742.48270631 -64207.49365929 -0.00000000
6.0499999999999865 313826.26782241 -62451.26410250 -0.00000000
6.099999999999986 315914.71331712 -60538.12266347 -0.00000000
6.149999999999986 317999.46418748 -58624.89165379 -0.00000000
6.199999999999986 320083.78831379 -56859.10714117 -0.00000000
6.249999999999986 322179.67881840 -55359.46883912 -0.00000000
6.299999999999986 324302.73635432 -54200.54872116 -0.00000000
6.349999999999985 326468.31697241 -53404.95692377 -0.00000000
6.399999999999985 328688.59124308 -52943.61410359 -0.00000000
6.449999999999985 330972.19278811 -52743.12990016 -0.00000000
6.499999999999985 333335.72262542 -52707.09689598 -0.00000000
6.549999999999985 335806.49697513 -52736.45910724 -0.00000000
6.5999999999999845 338392.54918831 -52711.76993631 -0.00000000
6.649999999999984 341106.49412157 -52522.51588215 -0.00000000
6.699999999999984 343957.59105749 -52090.56156407 -0.00000000
6.749999999999984 346943.33255435 -51380.37604603 -0.00000000
6.799999999999984 350054.66395088 -50404.21181306 -0.00000000
6.849999999999984 353288.35011832 -49219.98483837 -0.00000000
6.8999999999999835 356625.11109348 -47909.24473523 -0.00000000
6.949999999999983 360022.17158387 -46559.50734179 -0.00000000
6.999999999999983 363431.09638604 -45256.36702670 -0.00000000
7.049999999999983 366819.52472922 -44073.81234378 -0.00000000
7.099999999999983 370183.57920488 -43065.31887224 -0.00000000
7.149999999999983 373542.94118201 -42260.01865734 -0.00000000
7.199999999999982 376932.43989317 -41658.71501756 -0.00000000
7.249999999999982 380391.76448906 -41233.48742656 -0.00000000
7.299999999999982 383954.02864521 -40932.89030249 -0.00000000
7.349999999999982 387634.20238807 -40690.77044124 -0.00000000
7.399999999999982 391427.19228478 -40438.14749909 -0.00000000
7.4499999999999815 395343.81540502 -40118.73292582 -0.00000000
7.499999999999981 399406.38680461 -39697.20348886 -0.00000000
7.549999999999981 403578.26380399 -39155.95225871 -0.00000000
7.599999999999981 407814.47744242 -38499.55625772 -0.00000000
7.649999999999981 412090.24516737 -37755.71137528 -0.00000000
7.699999999999981 416419.68030075 -36967.58680754 -0.00000000
7.7499999999999805 420813.03148448 -36182.11582040 -0.00000000
7.79999999999998 425247.88522345 -35432.97799448 -0.00000000
7.84999999999998 429650.89303201 -34733.95703612 -0.00000000
7.89999999999998 434039.22045866 -34146.51940900 -0.00000000
7.94999999999998 438467.21327663 -33734.04771844 -0.00000000
7.99999999999998 442963.26693841 -33512.44725271 -0.00000000
8.04999999999998 447532.35705733 -33450.48373878 -0.00000000
8.09999999999998 452190.06753340 -33487.29685821 -0.00000000
8.14999999999998 457013.16312089 -33582.53309867 -0.00000000
8.199999999999982 462063.23910562 -33701.79388166 -0.00000000
8.249999999999982 467339.21642379 -33806.34294659 -0.00000000
8.299999999999983 472812.50200083 -33877.28251326 -0.00000000
8.349999999999984 478428.95120832 -33897.29445858 -0.00000000
8.399999999999984 484116.73307478 -33861.88763520 -0.00000000
8.449999999999985 489769.59553954 -33771.49257793 -0.00000000
8.499999999999986 495310.49708760 -33632.80754195 -0.00000000
8.549999999999986 500811.19590674 -33499.48019561 -0.00000000
8.599999999999987 506331.66912728 -33410.35481636 -0.00000000
8.649999999999988 511886.57180202 -33406.28716249 -0.00000000
8.699999999999989 517263.07348427 -33491.46111544 -0.00000000
8.74999999999999 522346.61135941 -33687.16620532 -0.00000000
8.79999999999999 527151.18716866 -33991.78025940 -0.00000000
8.84999999999999 531848.40189904 -34397.70275351 -0.00000000
8.899999999999991 536616.27971014 -34908.04168646 -0.00000000
8.949999999999992 541544.29604506 -35513.46198692 -0.00000000
8.999999999999993 546584.69559728 -36136.91180744 -0.00000000
9.049999999999994 551808.14626511 -36724.04929268 -0.00000000
9.099999999999994 557237.53047619 -37257.16888924 -0.00000000
9.149999999999995 562851.63587253 -37752.76659187 -0.00000000
9.199999999999996 568564.98711781 -38237.33127806 -0.00000000
9.249999999999996 574208.68288406 -38722.51522120 -0.00000000
9.299999999999997 579555.21232636 -39197.34711931 -0.00000000
9.349999999999998 584396.67529904 -39650.85911342 -0.00000000
9.399999999999999 588669.00945255 -40088.56285004 -0.00000000
9.45 592524.71553149 -40588.02972797 -0.00000000
9.5 595862.08360761 -41071.51492557 -0.00000000
9.55 598671.51746365 -41497.29358629 -0.00000000
9.600000000000001 600987.74642993 -41882.59454373 -0.00000000
9.650000000000002 602908.56624030 -42286.37884145 -0.00000000
9.700000000000003 604603.26093310 -42649.36009386 -0.00000000
9.750000000000004 606220.67800008 -42935.45495508 -0.00000000
9.800000000000004 607855.66443205 -43131.53325426 -0.00000000
9.850000000000005 609607.56477604 -43238.42200914 -0.00000000
9.900000000000006 611463.97595392 -43259.73682027 -0.00000000
9.950000000000006 613365.69234021 -43205.54102934 -0.00000000
10.000000000000007 615271.55624966 -43092.57822677 -0.00000000
10.050000000000008 555594.29527588 -20758.86853476 -0.00000000
10.100000000000009 460964.64268632 17501.86849463 -0.00000000
10.15000000000001 362589.28687543 63118.14284742 -0.00000000
10.20000000000001 287353.60177347 107020.03029960 -0.00000000
10.25000000000001 251355.34527756 141468.48940046 -0.00000000
10.300000000000011 257535.90949305 161401.65700448 -0.00000000
10.350000000000012 297296.96499764 165008.98580620 -0.00000000
10.400000000000013 354870.20554489 153561.69975670 -0.00000000
10.450000000000014 412654.64690009 130711.63977340 -0.00000000
10.500000000000014 455953.09775307 101506.38247701 -0.00000000
10.550000000000015 476136.49615329 71359.57743543 -0.00000000
10.600000000000016 471764.75826189 45146.81882627 -0.00000000
10.650000000000016 447777.59602579 26525.08796836 -0.00000000
10.700000000000017 413271.90691185 17529.87052683 -0.00000000
10.750000000000018 378615.89853146 18457.74560824 -0.00000000
10.800000000000018 352700.00547188 28012.20676618 -0.00000000
10.85000000000002 340969.49768178 43675.85453064 -0.00000000
10.90000000000002 344603.87891086 62231.47807490 -0.00000000
10.95000000000002 360906.18150873 80341.96897035 -0.00000000
11.000000000000021 384543.93422970 95080.05470783 -0.00000000
11.050000000000022 409239.30517672 104346.17789769 -0.00000000
11.100000000000023 429431.90457808 107106.76297518 -0.00000000
11.150000000000023 441479.98258847 103454.77331145 -0.00000000
11.200000000000024 444204.94804339 94477.49509185 -0.00000000
11.250000000000025 438767.38139581 81986.65946943 -0.00000000
11.300000000000026 428012.23446818 68166.44489140 -0.00000000
11.350000000000026 415523.87850753 55207.30653576 -0.00000000
11.400000000000027 404692.90377595 44957.28488846 -0.00000000
11.450000000000028 397991.72999426 38685.41035011 -0.00000000
11.500000000000028 396571.25910358 36948.19858044 -0.00000000
11.55000000000003 400215.39319248 39534.93018544 -0.00000000
11.60000000000003 407644.72002413 45553.98351385 -0.00000000
11.65000000000003 416906.07165084 53640.82732170 -0.00000000
11.700000000000031 425874.23179622 62220.11418946 -0.00000000
11.750000000000032 432778.37444609 69772.73410533 -0.00000000
11.800000000000033 436524.15860292 75070.59117756 -0.00000000
11.850000000000033 436770.75241361 77360.03746726 -0.00000000
11.900000000000034 433925.60226807 76435.24202892 -0.00000000
11.950000000000035 428928.72671455 72632.30590483 -0.00000000
12.000000000000036 422966.58296206 66726.81453598 -0.00000000
12.050000000000036 417189.45288909 59769.04075242 -0.00000000
12.100000000000037 412487.06773670 52889.06428843 -0.00000000
12.150000000000038 409344.95696751 47108.09417651 -0.00000000
12.200000000000038 407831.24815510 43184.08136637 -0.00000000
12.250000000000039 407649.66657109 41518.94904651 -0.00000000
12.30000000000004 408264.69020364 42117.37469572 -0.00000000
12.35000000000004 409057.69893338 44618.85137851 -0.00000000
12.400000000000041 409491.23039059 48375.82194205 -0.00000000
12.450000000000042 409225.22675111 52553.21608790 -0.00000000
12.500000000000043 408101.47997064 56362.32835200 -0.00000000
12.550000000000043 406160.83033288 59147.48628794 -0.00000000
12.600000000000044 403594.50387114 60478.04089059 -0.00000000
12.650000000000045 400681.34290590 60197.98188821 -0.00000000
12.700000000000045 397726.72827932 58428.86933368 -0.00000000
12.750000000000046 395007.26315517 55516.39062824 -0.00000000
12.800000000000047 392722.98688377 51962.40855709 -0.00000000
12.850000000000048 390989.07517034 48344.97703571 -0.00000000
12.900000000000048 389828.34941507 45204.24927381 -0.00000000
12.950000000000049 389182.10974490 42945.68180134 -0.00000000
13.00000000000005 388932.11223909 41799.52215882 -0.00000000
13.05000000000005 388930.87826584 41803.83500536 -0.00000000
13.100000000000051 389037.10334266 42816.53366211 -0.00000000
13.150000000000052 389143.09892709 44545.91075827 -0.00000000
13.200000000000053 389195.40458796 46606.55994096 -0.00000000
13.250000000000053 389198.08608859 48591.18060101 -0.00000000
13.300000000000054 389206.80595523 50137.81712554 -0.00000000
13.350000000000055 389325.05710534 50993.74326195 -0.00000000
13.400000000000055 389648.02483770 51039.36554351 -0.00000000
13.450000000000056 390227.21235306 50296.18404181 -0.00000000
13.500000000000057 391072.64196847 48915.01361835 -0.00000000
13.550000000000058 392154.53239310 47141.48666018 -0.00000000
13.600000000000058 393414.63587339 45264.31862287 -0.00000000
13.650000000000059 394785.63763513 43561.68482568 -0.00000000
13.70000000000006 396208.45471244 42255.84327457 -0.00000000
13.75000000000006 397642.11281410 41482.15914587 -0.00000000
13.800000000000061 399064.95458201 41275.76652538 -0.00000000
13.850000000000062 400469.23012025 41575.85674976 -0.00000000
13.900000000000063 401851.91988976 42245.13843992 -0.00000000
13.950000000000063 403204.51869567 43099.88468470 -0.00000000
14.000000000000064 404505.32789430 43944.23942389 -0.00000000
14.050000000000065 405715.70353881 44604.06037622 -0.00000000
14.100000000000065 406779.45631506 44957.64489952 -0.00000000
14.150000000000066 407649.36997587 44935.75438388 -0.00000000
14.200000000000067 408289.99449238 44537.07688119 -0.00000000
14.250000000000068 408670.08823193 43829.72245079 -0.00000000
14.300000000000068 408785.36401931 42927.04633850 -0.00000000
14.350000000000069 408674.64972394 41958.26104740 -0.00000000
14.40000000000007 408387.66763428 41053.77484239 -0.00000000
14.45000000000007 407978.54611912 40324.35705536 -0.00000000
14.500000000000071 407487.64388297 39846.69001133 -0.00000000
14.550000000000072 406941.49300772 39652.69608229 -0.00000000
14.600000000000072 406365.10371575 39722.90673177 -0.00000000
14.650000000000073 405766.83353359 39997.52006514 -0.00000000
14.700000000000074 405139.67451794 40387.00392160 -0.00000000
14.750000000000075 404470.82125556 40785.81764261 -0.00000000
14.800000000000075 403738.39266855 41095.45518566 -0.00000000
14.850000000000076 402914.02270411 41242.78332700 -0.00000000
14.900000000000077 401966.46607797 41190.94839985 -0.00000000
14.950000000000077 400874.80897253 40941.92853937 -0.00000000
15.000000000000078 399638.50525389 40531.84057711 -0.00000000
15.050000000000079 398272.81533122 40020.02205699 -0.00000000
15.10000000000008 396802.73125200 39475.68347856 -0.00000000
15.15000000000008 395271.54392199 38967.52973215 -0.00000000
15.200000000000081 393727.61962354 38550.37700118 -0.00000000
15.250000000000082 392212.78959294 38257.94048942 -0.00000000
15.300000000000082 390753.23256724 38101.68836966 -0.00000000
15.350000000000083 389355.36552450 38072.62978934 -0.00000000
15.400000000000084 388008.69653624 38145.05523255 -0.00000000
15.450000000000085 386694.72438569 38281.64658371 -0.00000000
15.500000000000085 385395.20149422 38439.78053812 -0.00000000
15.550000000000086 384094.30932149 38579.02261434 -0.00000000
15.600000000000087 382781.80460044 38666.98857474 -0.00000000
15.650000000000087 381456.89314418 38682.74253537 -0.00000000
15.700000000000088 380127.60897588 38618.72168727 -0.00000000
15.750000000000089 378807.32795604 38480.79257810 -0.00000000
15.80000000000009 377519.91879129 38287.54437853 -0.00000000
15.85000000000009 376296.10322073 38067.00034954 -0.00000000
15.900000000000091 375161.94481890 37849.27814407 -0.00000000
15.950000000000092 374133.29978937 37662.65111436 -0.00000000
16.000000000000092 373213.40398125 37528.85135998 -0.00000000
16.050000000000093 372394.84964845 37459.42116706 -0.00000000
16.100000000000094 371663.79599285 37454.60619928 -0.00000000
16.150000000000095 371004.76987513 37504.45067927 -0.00000000
16.200000000000095 370404.75116621 37591.37103603 -0.00000000
16.250000000000096 369855.60770754 37693.55482478 -0.00000000
16.300000000000097 369354.52859673 37788.60123701 -0.00000000
16.350000000000097 368902.57561936 37856.86547721 -0.00000000
16.400000000000098 368502.07780993 37884.08709676 -0.00000000
16.4500000000001 368155.01344404 37863.05661755 -0.00000000
16.5000000000001 367863.98156687 37794.09635050 -0.00000000
16.5500000000001 367632.29131913 37684.48390720 -0.00000000
16.6000000000001 367462.11026193 37546.98151339 -0.00000000
16.6500000000001 367352.39659523 37397.58685178 -0.00000000
16.700000000000102 367297.47804280 37252.83081709 -0.00000000
16.750000000000103 367289.09149149 37126.73904472 -0.00000000
16.800000000000104 367318.12035887 37029.34188065 -0.00000000
16.850000000000104 367374.83939682 36965.73268170 -0.00000000
16.900000000000105 367449.96929375 36935.09530401 -0.00000000
16.950000000000106 367536.88746499 36930.33592652 -0.00000000
17.000000000000107 367638.49005658 36939.05394058 -0.00000000
17.050000000000107 367757.40086239 36947.41108759 -0.00000000
17.100000000000108 367893.03272075 36943.35376393 -0.00000000
17.15000000000011 368039.79116954 36917.58979287 -0.00000000
17.20000000000011 368192.24564931 36863.06343993 -0.00000000
17.25000000000011 368347.20339220 36778.52417262 -0.00000000
17.30000000000011 368503.26325768 36664.00214839 -0.00000000
17.35000000000011 368656.63278105 36522.66512526 -0.00000000
17.400000000000112 368799.80438372 36361.28032521 -0.00000000
17.450000000000113 368924.35705687 36189.90397863 -0.00000000
17.500000000000114 369021.36295142 36020.16905315 -0.00000000
17.550000000000114 369079.28152697 35863.37081155 -0.00000000
17.600000000000115 369087.12377133 35726.96610594 -0.00000000
17.650000000000116 369040.48909982 35610.50091441 -0.00000000
17.700000000000117 368940.28213185 35508.65133417 -0.00000000
17.750000000000117 368791.84481431 35413.39851332 -0.00000000
17.800000000000118 368603.03957358 35316.29966166 -0.00000000
17.85000000000012 368381.80187252 35210.35703185 -0.00000000
17.90000000000012 368133.98079312 35091.19022446 -0.00000000
17.95000000000012 367862.11771678 34957.45093359 -0.00000000
18.00000000000012 367565.44527285 34810.61961457 -0.00000000
18.05000000000012 367240.65481074 34654.41920934 -0.00000000
18.100000000000122 366882.33339890 34494.06065779 -0.00000000
18.150000000000123 366482.21691025 34335.15750339 -0.00000000
18.200000000000124 366034.72521273 34182.53054486 -0.00000000
18.250000000000124 365543.02978022 34039.57621757 -0.00000000
18.300000000000125 365016.27396840 33908.14035305 -0.00000000
18.350000000000126 364466.73257046 33788.71412951 -0.00000000
18.400000000000126 363907.28781320 33680.73285741 -0.00000000
18.450000000000127 363348.97791008 33582.97613901 -0.00000000
18.500000000000128 362799.21156443 33494.00074724 -0.00000000
18.55000000000013 362261.45351936 33412.48955401 -0.00000000
18.60000000000013 361735.47390915 33337.05562506 -0.00000000
18.65000000000013 361217.76070551 33265.85867417 -0.00000000
18.70000000000013 360703.47168771 33197.18992669 -0.00000000
18.75000000000013 360188.38023702 33130.05486502 -0.00000000
18.800000000000132 359670.06353096 33064.39467760 -0.00000000
18.850000000000133 359148.30226553 33001.00490804 -0.00000000
18.900000000000134 358624.89685305 32941.24655227 -0.00000000
18.950000000000134 358103.31123602 32886.68820017 -0.00000000
19.000000000000135 357588.13329453 32838.80721526 -0.00000000
19.050000000000136 357084.06704266 32798.76215607 -0.00000000
19.100000000000136 356595.82715164 32767.08121304 -0.00000000
19.150000000000137 356128.82580706 32743.31294183 -0.00000000
19.200000000000138 355688.26822397 32725.81526519 -0.00000000
19.25000000000014 355277.50853731 32711.52161875 -0.00000000
19.30000000000014 354896.89754683 32698.30337600 -0.00000000
19.35000000000014 354544.31003947 32686.25215815 -0.00000000
19.40000000000014 354216.08710263 32675.75279109 -0.00000000
19.45000000000014 353907.83546351 32666.65145789 -0.00000000
19.500000000000142 353615.38249478 32658.42374873 -0.00000000
19.550000000000143 353335.55359594 32650.39834839 -0.00000000
19.600000000000144 353066.63358230 32641.98075455 -0.00000000
19.650000000000144 352808.43675559 32632.85962008 -0.00000000
19.700000000000145 352561.99272956 32623.10223502 -0.00000000
19.750000000000146 352328.96584628 32613.10344966 -0.00000000
19.800000000000146 352110.99689912 32603.43009467 -0.00000000
19.850000000000147 351909.14709192 32594.63156288 -0.00000000
19.900000000000148 351723.56071914 32587.07585295 -0.00000000
19.95000000000015 351553.44475333 32580.83641966 -0.00000000
20.00000000000015 351397.49689892 32575.62898507 -0.00000000
20.05000000000015 351254.54742543 32570.83103201 -0.00000000
20.10000000000015 351123.77281636 32565.62000952 -0.00000000
20.15000000000015 351004.39544503 32559.17628112 -0.00000000
20.200000000000152 350895.01095792 32551.02193521 -0.00000000
20.250000000000153 350792.69617100 32541.48699004 -0.00000000
20.300000000000153 350695.24844634 32530.17520366 -0.00000000
20.350000000000154 350601.45544527 32516.06341876 -0.00000000
20.400000000000155 350510.41905777 32498.28529318 -0.00000000
20.450000000000156 350421.51157448 32476.33453740 -0.00000000
20.500000000000156 350334.15711587 32449.97604103 -0.00000000
20.550000000000157 350247.18988820 32418.83229446 -0.00000000
20.600000000000158 350158.44111890 32382.94429416 -0.00000000
20.65000000000016 350065.26929952 32343.23559327 -0.00000000
20.70000000000016 349966.77409259 32300.96507930 -0.00000000
20.75000000000016 349863.27185066 32257.39980698 -0.00000000
20.80000000000016 349756.66583985 32212.58248053 -0.00000000
20.85000000000016 349648.24873216 32166.02223759 -0.00000000
20.900000000000162 349537.63918400 32117.15854825 -0.00000000
20.950000000000163 349422.40891890 32065.64697252 -0.00000000
21.000000000000163 349298.34882686 32011.47467321 -0.00000000
21.050000000000164 349160.30909689 31954.91395644 -0.00000000
21.100000000000165 349003.36665869 31896.39096569 -0.00000000
21.150000000000166 348823.97219496 31836.36209658 -0.00000000
21.200000000000166 348620.75441440 31775.24853147 -0.00000000
21.250000000000167 348394.77143582 31713.42835976 -0.00000000
21.300000000000168 348149.15749036 31651.25880366 -0.00000000
21.35000000000017 347888.28727583 31589.09471884 -0.00000000
21.40000000000017 347616.71995689 31527.27689392 -0.00000000
21.45000000000017 347338.23453139 31466.08715618 -0.00000000
21.50000000000017 347055.20593352 31405.70115518 -0.00000000
21.55000000000017 346768.43530478 31346.17959079 -0.00000000
21.600000000000172 346477.41071999 31287.50729848 -0.00000000
21.650000000000173 346180.87305541 31229.65544827 -0.00000000
21.700000000000173 345877.50159522 31172.63677731 -0.00000000
21.750000000000174 345566.73322308 31117.03782444 -0.00000000
21.800000000000175 345248.87959115 31064.19597584 -0.00000000
21.850000000000176 344924.09251854 31013.52800734 -0.00000000
21.900000000000176 344593.22656813 30964.57047232 -0.00000000
21.950000000000177 344257.83887589 30917.08903697 -0.00000000
22.000000000000178 343920.06946410 30871.09863289 -0.00000000
22.05000000000018 343582.35763077 30826.80106255 -0.00000000
22.10000000000018 343247.06724341 30784.48384842 -0.00000000
22.15000000000018 342916.13470761 30744.42567158 -0.00000000
22.20000000000018 342590.83891145 30706.83482647 -0.00000000
22.25000000000018 342271.74228491 30671.82490176 -0.00000000
22.300000000000182 341958.79522096 30639.41718931 -0.00000000
22.350000000000183 341651.55424419 30609.55554682 -0.00000000
22.400000000000183 341349.44597064 30582.12372711 -0.00000000
22.450000000000184 341052.01117604 30556.96183746 -0.00000000
22.500000000000185 340759.08002255 30533.88363493 -0.00000000
22.550000000000185 340470.85336339 30512.69802117 -0.00000000
22.600000000000186 340187.88660878 30493.23508209 -0.00000000
22.650000000000187 339910.98840927 30475.37107483 -0.00000000
22.700000000000188 339641.05957420 30459.04287906 -0.00000000
22.75000000000019 339378.91074318 30444.24484577 -0.00000000
22.80000000000019 339125.10494651 30431.00817167 -0.00000000
22.85000000000019 338879.86486150 30419.36940861 -0.00000000
22.90000000000019 338643.06430515 30409.33745084 -0.00000000
22.95000000000019 338414.29829722 30400.86787350 -0.00000000
23.000000000000192 338193.00501114 30393.85069057 -0.00000000
23.050000000000193 337978.60172355 30388.11325185 -0.00000000
23.100000000000193 337770.59828757 30383.43595207 -0.00000000
23.150000000000194 337568.66304863 30379.57582412 -0.00000000
23.200000000000195 337372.63199070 30376.29211485 -0.00000000
23.250000000000195 337182.46738146 30373.36843989 -0.00000000
23.300000000000196 336998.18367768 30370.62764820 -0.00000000
23.350000000000197 336819.76388030 30367.93754693 -0.00000000
23.400000000000198 336647.08855644 30365.20766812 -0.00000000
23.4500000000002 336479.89346798 30362.37891287 -0.00000000
23.5000000000002 336317.76223731 30359.40887810 -0.00000000
23.5500000000002 336160.15082666 30356.25605204 -0.00000000
23.6000000000002 336006.43365133 30352.86608997 -0.00000000
23.6500000000002 335855.95772509 30349.16281440 -0.00000000
23.700000000000202 335708.09134398 30345.04540714 -0.00000000
23.750000000000203 335562.25711157 30340.39186746 -0.00000000
23.800000000000203 335417.94444343 30335.06756330 -0.00000000
23.850000000000204 335274.70250253 30328.93684414 -0.00000000
23.900000000000205 335132.11939420 30321.87535235 -0.00000000
23.950000000000205 334989.79634398 30313.78086593 -0.00000000
24.000000000000206 334847.32581557 30304.58107455 -0.00000000
24.050000000000207 334704.27983546 30294.23740545 -0.00000000
24.100000000000207 334560.20988093 30282.74471523 -0.00000000
24.150000000000208 334414.65481079 30270.12722430 -0.00000000
24.20000000000021 334267.15161112 30256.43155854 -0.00000000
24.25000000000021 334117.24610275 30241.71843357 -0.00000000
24.30000000000021 333964.50395795 30226.05512297 -0.00000000
24.35000000000021 333808.52329001 30209.51097889 -0.00000000
24.40000000000021 333648.94887774 30192.15784288 -0.00000000
24.450000000000212 333485.48557691 30174.07505659 -0.00000000
24.500000000000213 333317.90335437 30155.35022532 -0.00000000
24.550000000000214 333146.02265751 30136.05431560 -0.00000000
24.600000000000215 332969.69146753 30116.19494991 -0.00000000
24.650000000000215 332788.79411942 30095.70251272 -0.00000000
24.700000000000216 332603.29354203 30074.46636228 -0.00000000
24.750000000000217 332413.27028317 30052.38648914 -0.00000000
24.800000000000217 332218.93486175 30029.41522736 -0.00000000
24.850000000000218 332020.61001780 30005.58097667 -0.00000000
24.90000000000022 331818.69033270 29980.99282575 -0.00000000
24.95000000000022 331613.59180963 29955.82822731 -0.00000000
25.00000000000022 331405.70483806 29930.30827150 -0.00000000
25.05000000000022 331195.36125561 29904.66666362 -0.00000000
25.10000000000022 330982.82126941 29879.11894974 -0.00000000
25.150000000000222 330768.28052159 29853.83778464 -0.00000000
25.200000000000223 330551.88982264 29828.93822874 -0.00000000
25.250000000000224 330333.79239461 29804.47519618 -0.00000000
25.300000000000225 330114.14547684 29780.45189289 -0.00000000
25.350000000000225 329893.14746674 29756.83737350 -0.00000000
25.400000000000226 329671.04866710 29733.58834074 -0.00000000
25.450000000000227 329448.14905621 29710.67046449 -0.00000000
25.500000000000227 329224.78410497 29688.07489873 -0.00000000
25.550000000000228 329001.30254204 29665.82680404 -0.00000000
25.60000000000023 328778.04226455 29643.98642870 -0.00000000
25.65000000000023 328555.30781709 29622.64014715 -0.00000000
25.70000000000023 328333.35584479 29601.88744057 -0.00000000
25.75000000000023 328112.38959231 29581.82525312 -0.00000000
25.80000000000023 327892.56266311 29562.53352686 -0.00000000
25.850000000000232 327673.99002682 29544.06475599 -0.00000000
25.900000000000233 327456.76279151 29526.43919728 -0.00000000
25.950000000000234 327240.96273114 29509.64595049 -0.00000000
26.000000000000234 327026.67320705 29493.64894980 -0.00000000
26.050000000000235 326813.98450510 29478.39610334 -0.00000000
26.100000000000236 326602.99320639 29463.82943151 -0.00000000
26.150000000000237 326393.79673888 29449.89418012 -0.00000000
26.200000000000237 326186.48539185 29436.54542917 -0.00000000
26.250000000000238 325981.13445753 29423.75142147 -0.00000000
26.30000000000024 325777.79866654 29411.49348173 -0.00000000
26.35000000000024 325576.50995861 29399.76294090 -0.00000000
26.40000000000024 325377.27837594 29388.55594039 -0.00000000
26.45000000000024 325180.09494498 29377.86732008 -0.00000000
26.50000000000024 324984.93508203 29367.68490739 -0.00000000
26.550000000000242 324791.76136033 29357.98540598 -0.00000000
26.600000000000243 324600.52513573 29348.73272587 -0.00000000
26.650000000000244 324411.16708265 29339.87898482 -0.00000000
26.700000000000244 324223.61699485 29331.36773345 -0.00000000
26.750000000000245 324037.79338740 29323.13850001 -0.00000000
26.800000000000246 323853.60348117 29315.13160380 -0.00000000
26.850000000000247 323670.94398531 29307.29228684 -0.00000000
26.900000000000247 323489.70275627 29299.57347937 -0.00000000
26.950000000000248 323309.76103550 29291.93686676 -0.00000000
27.00000000000025 323130.99569852 29284.35228530 -0.00000000
27.05000000000025 322953.28090297 29276.79578205 -0.00000000
27.10000000000025 322776.48874011 29269.24689161 -0.00000000
27.15000000000025 322600.48890381 29261.68579545 -0.00000000
27.20000000000025 322425.14780086 29254.09100479 -0.00000000
27.250000000000252 322250.32767781 29246.43798604 -0.00000000
27.300000000000253 322075.88620598 29238.69880516 -0.00000000
27.350000000000254 321901.67683375 29230.84266211 -0.00000000
27.400000000000254 321727.55011465 29222.83714017 -0.00000000
27.450000000000255 321553.35596893 29214.64992574 -0.00000000
27.500000000000256 321378.94652976 29206.25066748 -0.00000000
27.550000000000257 321204.17905863 29197.61262966 -0.00000000
27.600000000000257 321028.91844159 29188.71386744 -0.00000000
27.650000000000258 320853.03895138 29179.53777968 -0.00000000
27.70000000000026 320676.42519766 29170.07303662 -0.00000000
27.75000000000026 320498.97240260 29160.31300023 -0.00000000
27.80000000000026 320320.58626345 29150.25482418 -0.00000000
27.85000000000026 320141.18266778 29139.89842502 -0.00000000
27.90000000000026 319960.68745412 29129.24548240 -0.00000000
27.950000000000262 319779.03637381 29118.29862575 -0.00000000
28.000000000000263 319596.17541598 29107.06099146 -0.00000000
28.050000000000264 319412.06153072 29095.53625166 -0.00000000
28.100000000000264 319226.66354710 29083.72902945 -0.00000000
28.150000000000265 319039.96297366 29071.64549793 -0.00000000
28.200000000000266 318851.95443669 29059.29395881 -0.00000000
28.250000000000266 318662.64564675 29046.68524865 -0.00000000
28.300000000000267 318472.05690861 29033.83288405 -0.00000000
28.350000000000268 318280.22027763 29020.75292105 -0.00000000
28.40000000000027 318087.17850937 29007.46356015 -0.00000000
28.45000000000027 317892.98395034 28993.98457011 -0.00000000
28.50000000000027 317697.69748797 28980.33662723 -0.00000000
28.55000000000027 317501.38763162 28966.54067118 -0.00000000
28.60000000000027 317304.12975233 28952.61736959 -0.00000000
28.650000000000272 317106.00547568 28938.58676399 -0.00000000
28.700000000000273 316907.10219164 28924.46813324 -0.00000000
28.750000000000274 316707.51260126 28910.28004678 -0.00000000
28.800000000000274 316507.33418292 28896.04051189 -0.00000000
28.850000000000275 316306.66848773 28881.76710600 -0.00000000
28.900000000000276 316105.62025179 28867.47703330 -0.00000000
28.950000000000276 315904.29642145 28853.18709508 -0.00000000
29.000000000000277 315702.80511793 28838.91358550 -0.00000000
29.050000000000278 315501.25463534 28824.67213092 -0.00000000
29.10000000000028 315299.75251351 28810.47749437 -0.00000000
29.15000000000028 315098.40469732 28796.34336989 -0.00000000
29.20000000000028 314897.31479159 28782.28219202 -0.00000000
29.25000000000028 314696.58340847 28768.30498214 -0.00000000
29.30000000000028 314496.30759954 28754.42124615 -0.00000000
29.350000000000282 314296.58036303 28740.63892902 -0.00000000
29.400000000000283 314097.49021548 28726.96442096 -0.00000000
29.450000000000284 313899.12081391 28713.40259911 -0.00000000
29.500000000000284 313701.55060925 28699.95687863 -0.00000000
29.550000000000285 313504.85250987 28686.62924285 -0.00000000
29.600000000000286 313309.09354866 28673.42023586 -0.00000000
29.650000000000286 313114.33458343 28660.32893522 -0.00000000
29.700000000000287 312920.63009196 28647.35295538 -0.00000000
29.750000000000288 312728.02810870 28634.48852785 -0.00000000
29.80000000000029 312536.57029791 28621.73066384 -0.00000000
29.85000000000029 312346.29211539 28609.07336801 -0.00000000
29.90000000000029 312157.22300444 28596.50986067 -0.00000000
29.95000000000029 311969.38658943 28584.03277262 -0.00000000
30.00000000000029 311782.80085237 28571.63429050 -0.00000000
30.050000000000292 311597.47829401 28559.30624328 -0.00000000
30.100000000000293 311413.42608858 28547.04013110 -0.00000000
30.150000000000293 311230.64624235 28534.82710702 -0.00000000
30.200000000000294 311049.13576321 28522.65792787 -0.00000000
30.250000000000295 310868.88684354 28510.52289374 -0.00000000
30.300000000000296 310689.88705509 28498.41179538 -0.00000000
30.350000000000296 310512.11955347 28486.31388624 -0.00000000
30.400000000000297 310335.56329551 28474.21789569 -0.00000000
30.450000000000298 310160.19328955 28462.11210914 -0.00000000
30.5000000000003 309985.98092623 28449.98456133 -0.00000000
30.5500000000003 309812.89443658 28437.82338558 -0.00000000
30.6000000000003 309640.89943457 28425.61726614 -0.00000000
30.6500000000003 309469.95938518 28413.35581241 -0.00000000
30.7000000000003 309300.03588406 28401.02970359 -0.00000000
30.750000000000302 309131.08879616 28388.63061420 -0.00000000
30.800000000000303 308963.07637221 28376.15102064 -0.00000000
30.850000000000303 308795.95542545 28363.58397935 -0.00000000
30.900000000000304 308629.68159455 28350.92293321 -0.00000000
30.950000000000305 308464.20968127 28338.16157941 -0.00000000
31.000000000000306 308299.49403431 28325.29381636 -0.00000000
31.050000000000306 308135.48894627 28312.31377421 -0.00000000
31.100000000000307 307972.14903478 28299.21592123 -0.00000000
31.150000000000308 307809.42958761 28285.99522765 -0.00000000
31.20000000000031 307647.28686289 28272.64736118 -0.00000000
31.25000000000031 307485.67834677 28259.16888427 -0.00000000
31.30000000000031 307324.56297910 28245.55742234 -0.00000000
31.35000000000031 307163.90135993 28231.81177119 -0.00000000
31.40000000000031 307003.65594268 28217.93190989 -0.00000000
31.450000000000312 306843.79121943 28203.91889530 -0.00000000
31.500000000000313 306684.27393014 28189.77465715 -0.00000000
31.550000000000313 306525.07336617 28175.50177219 -0.00000000
31.600000000000314 306366.16181589 28161.10330228 -0.00000000
31.650000000000315 306207.51511588 28146.58272447 -0.00000000
31.700000000000315 306049.11320649 28131.94393214 -0.00000000
31.750000000000316 305890.94058531 28117.19127471 -0.00000000
31.800000000000317 305732.98658007 28102.32960997 -0.00000000
31.850000000000318 305575.24540180 28087.36434985 -0.00000000
31.90000000000032 305417.71597854 28072.30148712 -0.00000000
31.95000000000032 305260.40160911 28057.14760122 -0.00000000
32.00000000000032 305103.30951000 28041.90985895 -0.00000000
32.05000000000032 304946.45034508 28026.59603774 -0.00000000
32.100000000000314 304789.83780062 28011.21457552 -0.00000000
32.15000000000031 304633.48820071 27995.77459101 -0.00000000
32.20000000000031 304477.42012007 27980.28579333 -0.00000000
32.250000000000306 304321.65398666 27964.75825835 -0.00000000
32.3000000000003 304166.21171488 27949.20212355 -0.00000000
32.3500000000003 304011.11641298 27933.62727695 -0.00000000
32.4000000000003 303856.39217974 27918.04309903 -0.00000000
32.450000000000294 303702.06397581 27902.45829138 -0.00000000
32.50000000000029 303548.15753914 27886.88080399 -0.00000000
32.55000000000029 303394.69930980 27871.31785645 -0.00000000
32.600000000000286 303241.71633494 27855.77603512 -0.00000000
32.65000000000028 303089.23613465 27840.26144005 -0.00000000
32.70000000000028 302937.28652106 27824.77985091 -0.00000000
32.75000000000028 302785.89537319 27809.33688167 -0.00000000
32.800000000000274 302635.09037650 27793.93809766 -0.00000000
32.85000000000027 302484.89873815 27778.58907394 -0.00000000
32.90000000000027 302335.34688534 27763.29537869 -0.00000000
32.950000000000266 302186.46014848 27748.06247015 -0.00000000
33.00000000000026 302038.26243283 27732.89550886 -0.00000000
33.05000000000026 301890.77590027 27717.79911867 -0.00000000
33.10000000000026 301744.02070676 27702.77716596 -0.00000000
33.150000000000254 301598.01483485 27687.83262644 -0.00000000
33.20000000000025 301452.77402320 27672.96756667 -0.00000000
33.25000000000025 301308.31176181 27658.18322396 -0.00000000
33.300000000000246 301164.63931508 27643.48014901 -0.00000000
33.35000000000024 301021.76574526 27628.85837634 -0.00000000
33.40000000000024 300879.69792253 27614.31759256 -0.00000000
33.45000000000024 300738.44051756 27599.85727935 -0.00000000
33.500000000000234 300597.99597814 27585.47681483 -0.00000000
33.55000000000023 300458.36449473 27571.17552484 -0.00000000
33.60000000000023 300319.54396057 27556.95268413 -0.00000000
33.650000000000226 300181.52993230 27542.80747468 -0.00000000
33.70000000000022 300044.31559741 27528.73891483 -0.00000000
33.75000000000022 299907.89175414 27514.74577582 -0.00000000
33.80000000000022 299772.24680931 27500.82650297 -0.00000000
33.850000000000215 299637.36679873 27486.97915608 -0.00000000
33.90000000000021 299503.23543304 27473.20137890 -0.00000000
33.95000000000021 299369.83417040 27459.49040159 -0.00000000
34.000000000000206 299237.14231529 27445.84307373 -0.00000000
34.0500000000002 299105.13714144 27432.25592136 -0.00000000
34.1000000000002 298973.79403783 27418.72521972 -0.00000000
34.1500000000002 298843.08668011 27405.24707786 -0.00000000
34.200000000000195 298712.98723866 27391.81754187 -0.00000000
34.25000000000019 298583.46664483 27378.43273896 -0.00000000
34.30000000000019 298454.49494000 27365.08909055 -0.00000000
34.350000000000186 298326.04170993 27351.78359549 -0.00000000
34.40000000000018 298198.07655607 27338.51411885 -0.00000000
34.45000000000018 298070.56951525 27325.27956811 -0.00000000
34.50000000000018 297943.49135522 27312.07986425 -0.00000000
34.550000000000175 297816.81373226 27298.91570669 -0.00000000
34.60000000000017 297690.50923792 27285.78821077 -0.00000000
34.65000000000017 297564.55136056 27272.69851953 -0.00000000
34.700000000000166 297438.91436482 27259.64747309 -0.00000000
34.75000000000016 297313.57308113 27246.63538677 -0.00000000
34.80000000000016 297188.50260947 27233.66195956 -0.00000000
34.85000000000016 297063.67797133 27220.72631112 -0.00000000
34.900000000000155 296939.07377537 27207.82712763 -0.00000000
34.95000000000015 296814.66397922 27194.96288476 -0.00000000
35.00000000000015 296690.42182360 27182.13210879 -0.00000000
35.050000000000146 296566.31998541 27169.33363453 -0.00000000
35.10000000000014 296442.33095282 27156.56682269 -0.00000000
35.15000000000014 296318.42757943 27143.83170761 -0.00000000
35.20000000000014 296194.58373876 27131.12905856 -0.00000000
35.250000000000135 296085.29091714 27121.03276393 -0.00000000
35.30000000000013 295988.18131786 27112.59952349 -0.00000000
35.35000000000013 295894.89668592 27104.15716142 -0.00000000
35.40000000000013 295796.46861791 27093.99698653 -0.00000000
35.450000000000124 295686.66467539 27081.14511922 -0.00000000
35.50000000000012 295563.36397057 27065.57348766 -0.00000000
35.55000000000012 295428.36293324 27048.08789254 -0.00000000
35.600000000000115 295286.13535545 27030.01724137 -0.00000000
35.65000000000011 295142.16699389 27012.82815642 -0.00000000
35.70000000000011 295001.40736487 26997.76468381 -0.00000000
35.75000000000011 294867.19085566 26985.57903038 -0.00000000
35.800000000000104 294740.76409822 26976.38841963 -0.00000000
35.8500000000001 294621.38075035 26969.66901123 -0.00000000
35.9000000000001 294506.81490347 26964.37812635 -0.00000000
35.950000000000095 294394.09790758 26959.17775820 -0.00000000
36.00000000000009 294280.28496766 26952.71547512 -0.00000000
36.05000000000009 294163.09108966 26943.90678557 -0.00000000
36.10000000000009 294041.28833112 26932.16061332 -0.00000000
36.150000000000084 293914.81845894 26917.49981164 -0.00000000
36.20000000000008 293784.63771896 26900.55087611 -0.00000000
36.25000000000008 293652.36312554 26882.40638866 -0.00000000
36.300000000000075 293519.82244267 26864.39302088 -0.00000000
36.35000000000007 293388.61651149 26847.79964852 -0.00000000
36.40000000000007 293259.79068128 26833.62290408 -0.00000000
36.45000000000007 293133.70016726 26822.36298655 -0.00000000
36.500000000000064 293010.06405532 26813.92451257 -0.00000000
36.55000000000006 292888.13037064 26807.66967749 -0.00000000
36.60000000000006 292766.91484653 26802.58213150 -0.00000000
36.650000000000055 292645.45532258 26797.49238868 -0.00000000
36.70000000000005 292523.01940832 26791.31723374 -0.00000000
36.75000000000005 292399.22557498 26783.26528231 -0.00000000
36.80000000000005 292274.06567737 26772.97048843 -0.00000000
36.850000000000044 292147.84176019 26760.53264416 -0.00000000
36.90000000000004 292021.04697510 26746.46414220 -0.00000000
36.95000000000004 291894.22729322 26731.56094521 -0.00000000
37.000000000000036 291767.85793931 26716.72916501 -0.00000000
37.05000000000003 291642.25866239 26702.80467764 -0.00000000
37.10000000000003 291517.55871239 26690.40127774 -0.00000000
37.15000000000003 291393.70935131 26679.81413915 -0.00000000
37.200000000000024 291270.53174176 26670.99217497 -0.00000000
37.25000000000002 291147.78272966 26663.57830623 -0.00000000
37.30000000000002 291025.22062865 26657.00365496 -0.00000000
37.350000000000016 290902.65674385 26650.61266335 -0.00000000
37.40000000000001 290779.98444009 26643.79246504 -0.00000000
37.45000000000001 290657.18422631 26636.08166905 -0.00000000
37.50000000000001 290534.30897719 26627.24013573 -0.00000000
37.550000000000004 290411.45696704 26617.27060502 -0.00000000
37.6 290288.74145851 26606.39308787 -0.00000000
37.65 290166.26442714 26594.98173799 -0.00000000
37.699999999999996 290044.09933547 26583.47993364 -0.00000000
37.74999999999999 289922.28463349 26572.31167897 -0.00000000
37.79999999999999 289800.82674062 26561.80613527 -0.00000000
37.84999999999999 289679.70929294 26552.14777718 -0.00000000
37.899999999999984 289558.90469765 26543.35849834 -0.00000000
37.94999999999998 289438.38444805 26535.31134419 -0.00000000
37.99999999999998 289318.12587297 26527.76973358 -0.00000000
38.049999999999976 289198.11454499 26520.44204136 -0.00000000
38.09999999999997 289078.34298532 26513.03978165 -0.00000000
38.14999999999997 288958.80723259 26505.32837710 -0.00000000
38.19999999999997 288839.50313189 26497.16218874 -0.00000000
38.249999999999964 288720.42388519 26488.49937041 -0.00000000
38.29999999999996 288601.55968181 26479.39632927 -0.00000000
38.34999999999996 288482.89937163 26469.98530395 -0.00000000
38.399999999999956 288364.43342458 26460.44119205 -0.00000000
38.44999999999995 288246.15702598 26450.94492994 -0.00000000
38.49999999999995 288128.07216198 26441.65042086 -0.00000000
38.54999999999995 288010.18790631 26432.66046912 -0.00000000
38.599999999999945 287892.51869183 26424.01485198 -0.00000000
38.64999999999994 287775.08095666 26415.69107468 -0.00000000
38.69999999999994 287657.88902389 26407.61601375 -0.00000000
38.749999999999936 287540.95128458 26399.68495009 -0.00000000
38.79999999999993 287424.26766797 26391.78364852 -0.00000000
38.84999999999993 287307.82903947 26383.80918725 -0.00000000
38.89999999999993 287191.61867217 26375.68604874 -0.00000000
38.949999999999925 287075.61542649 26367.37529860 -0.00000000
38.99999999999992 286959.79787409 26358.87619668 -0.00000000
39.04999999999992 286844.14840923 26350.22100326 -0.00000000
39.099999999999916 286728.65643621 26341.46482620 -0.00000000
39.14999999999991 286613.31997911 26332.67295851 -0.00000000
39.19999999999991 286498.14545507 26323.90824491 -0.00000000
39.24999999999991 286383.14578076 26315.22065060 -0.00000000
39.299999999999905 286268.33734237 26306.64051734 -0.00000000
39.3499999999999 286153.73657206 26298.17614527 -0.00000000
39.3999999999999 286039.35689827 26289.81549898 -0.00000000
39.449999999999896 285925.20668417 26281.53114568 -0.00000000
39.49999999999989 285811.28849207 26273.28709736 -0.00000000
39.54999999999989 285697.59969407 26265.04610094 -0.00000000
39.59999999999989 285584.13416331 26256.77607478 -0.00000000
39.649999999999885 285470.88458059 26248.45474408 -0.00000000
39.69999999999988 285357.84480730 26240.07197906 -0.00000000
39.74999999999988 285245.01181622 26231.62979653 -0.00000000
39.799999999999876 285132.38681790 26223.14037500 -0.00000000
39.84999999999987 285019.97543080 26214.62270470 -0.00000000
39.89999999999987 284907.78696461 26206.09862096 -0.00000000
39.94999999999987 284795.83306825 26197.58895521 -0.00000000
39.999999999999865 284684.12610087 26189.11040631 -0.00000000
40.04999999999986 284572.67760017 26180.67352698 -0.00000000
40.09999999999986 284461.49715525 26172.28198168 -0.00000000
40.14999999999986 284350.59186539 26163.93300620 -0.00000000
40.199999999999854 284239.96641586 26155.61882038 -0.00000000
40.24999999999985 284129.62366444 26147.32863331 -0.00000000
40.29999999999985 284019.56553512 26139.05084224 -0.00000000
40.349999999999845 283909.79397571 26130.77505616 -0.00000000
40.39999999999984 283800.31175477 26122.49365592 -0.00000000
40.44999999999984 283691.12293861 26114.20271564 -0.00000000
40.49999999999984 283582.23298053 26105.90223080 -0.00000000
40.549999999999834 283473.64844816 26097.59570868 -0.00000000
40.59999999999983 283365.37648935 26089.28926183 -0.00000000
40.64999999999983 283257.42417965 26080.99039687 -0.00000000
40.699999999999825 283149.79790039 26072.70671041 -0.00000000
40.74999999999982 283042.50287166 26064.44469506 -0.00000000
40.79999999999982 282935.54291806 26056.20882661 -0.00000000
40.84999999999982 282828.92048814 26048.00105030 -0.00000000
40.899999999999814 282722.63689095 26039.82071354 -0.00000000
40.94999999999981 282616.69266801 26031.66491428 -0.00000000
40.99999999999981 282511.08799692 26023.52916717 -0.00000000
41.049999999999805 282405.82302835 26015.40824751 -0.00000000
41.0999999999998 282300.89808721 26007.29706043 -0.00000000
41.1499999999998 282196.31370998 25999.19139710 -0.00000000
41.1999999999998 282092.07053195 25991.08847334 -0.00000000
41.249999999999794 281988.16906999 25982.98719091 -0.00000000
41.29999999999979 281884.60946340 25974.88811023 -0.00000000
41.34999999999979 281781.39123545 25966.79316805 -0.00000000
41.399999999999785 281678.51312438 25958.70520833 -0.00000000
41.44999999999978 281575.97301048 25950.62741626 -0.00000000
41.49999999999978 281473.76794048 25942.56275086 -0.00000000
41.54999999999978 281371.89422989 25934.51346287 -0.00000000
41.599999999999774 281270.34760982 25926.48076320 -0.00000000
41.64999999999977 281169.12338118 25918.46467839 -0.00000000
41.69999999999977 281068.21654394 25910.46409723 -0.00000000
41.749999999999766 280967.62188043 25902.47698324 -0.00000000
41.79999999999976 280867.33398628 25894.50070461 -0.00000000
41.84999999999976 280767.34725575 25886.53241959 -0.00000000
41.89999999999976 280667.65583837 25878.56945304 -0.00000000
41.949999999999754 280568.25358854 25870.60960852 -0.00000000
41.99999999999975 280469.13402921 25862.65137782 -0.00000000
42.04999999999975 280370.29034630 25854.69403336 -0.00000000
42.099999999999746 280271.71542321 25846.73761318 -0.00000000
42.14999999999974 280173.40191484 25838.78282595 -0.00000000
42.19999999999974 280075.34234973 25830.83090665 -0.00000000
42.24999999999974 279977.52923708 25822.88344356 -0.00000000
42.299999999999734 279879.95515079 25814.94218308 -0.00000000
42.34999999999973 279782.61276949 25807.00881849 -0.00000000
42.39999999999973 279685.49486774 25799.08478183 -0.00000000
42.449999999999726 279588.59427113 25791.17107170 -0.00000000
42.49999999999972 279491.90379670 25783.26814971 -0.00000000
42.54999999999972 279395.41620066 25775.37592545 -0.00000000
42.59999999999972 279299.12414976 25767.49383101 -0.00000000
42.649999999999714 279203.02022447 25759.62096825 -0.00000000
42.69999999999971 279107.09695491 25751.75630042 -0.00000000
42.74999999999971 279011.34688371 25743.89885451 -0.00000000
42.799999999999706 278915.76264627 25736.04790209 -0.00000000
42.8499999999997 278820.33705645 25728.20309281 -0.00000000
42.8999999999997 278725.06318644 25720.36452519 -0.00000000
42.9499999999997 278629.93443115 25712.53275004 -0.00000000
42.999999999999694 278534.94455100 25704.70871337 -0.00000000
43.04999999999969 278440.08769019 25696.89365377 -0.00000000
43.09999999999969 278345.35825758 25689.08897533 -0.00000000
43.149999999999686 278250.75117775 25681.29611693 -0.00000000
43.19999999999968 278156.26170728 25673.51644012 -0.00000000
43.24999999999968 278061.88537488 25665.75115153 -0.00000000
43.29999999999968 277967.61797065 25658.00126544 -0.00000000
43.349999999999675 277873.45551787 25650.26760899 -0.00000000
43.39999999999967 277779.39425800 25642.55086384 -0.00000000
43.44999999999967 277685.43064928 25634.85163234 -0.00000000
43.499999999999666 277591.56137632 25627.17051153 -0.00000000
43.54999999999966 277497.78336522 25619.50815665 -0.00000000
43.59999999999966 277404.09379710 25611.86531624 -0.00000000
43.64999999999966 277310.49011331 25604.24282681 -0.00000000
43.699999999999655 277216.97000916 25596.64156664 -0.00000000
43.74999999999965 277123.53141951 25589.06238366 -0.00000000
43.79999999999965 277030.17250418 25581.50602507 -0.00000000
43.849999999999646 276936.89164150 25573.97309585 -0.00000000
43.89999999999964 276843.68743308 25566.46406050 -0.00000000
43.94999999999964 276750.55871650 25558.97928532 -0.00000000
43.99999999999964 276657.50457911 25551.51910593 -0.00000000
44.049999999999635 276564.52436631 25544.08390078 -0.00000000
44.09999999999963 276471.61768033 25536.67415333 -0.00000000
44.14999999999963 276378.78436805 25529.29049094 -0.00000000
44.199999999999626 276286.02449892 25521.93369458 -0.00000000
44.24999999999962 276193.33833494 25514.60467931 -0.00000000
44.29999999999962 276100.72629509 25507.30445027 -0.00000000
44.34999999999962 276008.18891637 25500.03404233 -0.00000000
44.399999999999615 275915.72681358 25492.79445326 -0.00000000
44.44999999999961 275823.34063943 25485.58658057 -0.00000000
44.49999999999961 275731.03104677 25478.41117027 -0.00000000
44.549999999999606 275638.79865454 25471.26878367 -0.00000000
44.5999999999996 275546.64401952 25464.15978461 -0.00000000
44.6499999999996 275454.56761590 25457.08434562 -0.00000000
44.6999999999996 275362.56982644 25450.04246836 -0.00000000
44.749999999999595 275270.65095033 25443.03401021 -0.00000000
44.79999999999959 275178.81123614 25436.05870773 -0.00000000
44.84999999999959 275087.05095057 25429.11618849 -0.00000000
44.89999999999959 274995.37049270 25422.20596819 -0.00000000
44.949999999999584 274903.77055370 25415.32744152 -0.00000000
44.99999999999958 274812.25230188 25408.47988906 -0.00000000
45.04999999999958 274720.81754751 25401.66253102 -0.00000000
45.099999999999575 274629.46882622 25394.87464482 -0.00000000
45.14999999999957 274538.20934734 25388.11572807 -0.00000000
45.19999999999957 274447.04278709 25381.38565153 -0.00000000
45.24999999999957 274355.97295282 25374.68473946 -0.00000000
45.299999999999564 274265.00338527 25368.01374137 -0.00000000
45.34999999999956 274174.13698394 25361.37369860 -0.00000000
45.39999999999956 274083.37573379 25354.76573806 -0.00000000
45.449999999999555 273992.72058612 25348.19083900 -0.00000000
45.49999999999955 273902.17151251 25341.64961932 -0.00000000
45.54999999999955 273811.72771642 25335.14218054 -0.00000000
45.59999999999955 273721.38795960 25328.66803773 -0.00000000
45.649999999999544 273631.15094202 25322.22614456 -0.00000000
45.69999999999954 273541.01566907 25315.81500649 -0.00000000
45.74999999999954 273450.98174597 25309.43286039 -0.00000000
45.799999999999535 273361.04955629 25303.07788803 -0.00000000
45.84999999999953 273271.22030481 25296.74842673 -0.00000000
45.89999999999953 273181.49592996 25290.44314264 -0.00000000
45.94999999999953 273091.87891355 25284.16114031 -0.00000000
45.999999999999524 273002.37203078 25277.90199481 -0.00000000
46.04999999999952 272912.97809043 25271.66570670 -0.00000000
46.09999999999952 272823.69971170 25265.45259335 -0.00000000
46.149999999999515 272734.53917324 25259.26313976 -0.00000000
46.19999999999951 272645.49835288 25253.09783637 -0.00000000
46.24999999999951 272556.57875794 25246.95702991 -0.00000000
46.29999999999951 272467.78162863 25240.84080578 -0.00000000
46.349999999999504 272379.10808458 25234.74891029 -0.00000000
46.3999999999995 272290.55927963 25228.68071121 -0.00000000
46.4499999999995 272202.13653367 25222.63519215 -0.00000000
46.499999999999496 272113.84142271 25216.61098102 -0.00000000
46.54999999999949 272025.67582272 25210.60641982 -0.00000000
46.59999999999949 271937.64191438 25204.61968110 -0.00000000
46.64999999999949 271849.74215981 25198.64892302 -0.00000000
46.699999999999484 271761.97926159 25192.69245777 -0.00000000
46.74999999999948 271674.35611298 25186.74889990 -0.00000000
46.79999999999948 271586.87574769 25180.81726518 -0.00000000
46.849999999999476 271499.54129678 25174.89700313 -0.00000000
46.89999999999947 271412.35595858 25168.98796129 -0.00000000
46.94999999999947 271325.32298417 25163.09029245 -0.00000000
46.99999999999947 271238.44567641 25157.20432499 -0.00000000
47.049999999999464 271151.72738745 25151.33041984 -0.00000000
47.09999999999946 271065.17171726 25145.46884445 -0.00000000
47.14999999999946 270978.78199941 25139.61965226 -0.00000000
47.199999999999456 270892.56192346 25133.78264212 -0.00000000
47.24999999999945 270806.51523237 25127.95733085 -0.00000000
47.29999999999945 270720.64574667 25122.14297927 -0.00000000
47.34999999999945 270634.95734323 25116.33864865 -0.00000000
47.399999999999444 270549.45393008 25110.54327547 -0.00000000
47.44999999999944 270464.13942393 25104.75575022 -0.00000000
47.49999999999944 270379.01773462 25098.97498715 -0.00000000
47.549999999999436 270294.09275850 25093.19997605 -0.00000000
47.59999999999943 270209.36838110 25087.42981245 -0.00000000
47.64999999999943 270124.84848754 25081.66370959 -0.00000000
47.69999999999943 270040.53697949 25075.90100214 -0.00000000
47.749999999999424 269956.43779618 25070.14115563 -0.00000000
47.79999999999942 269872.55493708 25064.38379256 -0.00000000
47.84999999999942 269788.89248053 25058.62873380 -0.00000000
47.899999999999416 269705.45458947 25052.87603537 -0.00000000
47.94999999999941 269622.24549545 25047.12599019 -0.00000000
47.99999999999941 269539.26945733 25041.37907241 -0.00000000
48.04999999999941 269456.53070026 25035.63582599 -0.00000000
48.099999999999405 269374.03334796 25029.89672143 -0.00000000
48.1499999999994 269291.78136224 25024.16201544 -0.00000000
48.1999999999994 269209.77850062 25018.43164438 -0.00000000
48.249999999999396 269128.02829676 25012.70517178 -0.00000000
48.29999999999939 269046.53406290 25006.98179645 -0.00000000
48.34999999999939 268965.29890955 25001.26041613 -0.00000000
48.39999999999939 268884.32577553 24995.53973233 -0.00000000
48.449999999999385 268803.61746136 24989.81837696 -0.00000000
48.49999999999938 268723.17665958 24984.09503979 -0.00000000
48.54999999999938 268643.00597785 24978.36857765 -0.00000000
48.599999999999376 268563.10795192 24972.63809129 -0.00000000
48.64999999999937 268483.48504803 24966.90296172 -0.00000000
48.69999999999937 268404.13965529 24961.16284531 -0.00000000
48.74999999999937 268325.07407004 24955.41763263 -0.00000000
48.799999999999365 268246.29047466 24949.66738138 -0.00000000
48.84999999999936 268167.79091368 24943.91223620 -0.00000000
48.89999999999936 268089.57726997 24938.15234836 -0.00000000
48.949999999999356 268011.65124352 24932.38780672 -0.00000000
48.99999999999935 267934.01433423 24926.61858698 -0.00000000
49.04999999999935 267856.66782976 24920.84452164 -0.00000000
49.09999999999935 267779.61279781 24915.06528752 -0.00000000
49.149999999999345 267702.85008192 24909.28040432 -0.00000000
49.19999999999934 267626.38029974 24903.48923743 -0.00000000
49.24999999999934 267550.20384389 24897.69100258 -0.00000000
49.299999999999336 267474.32088749 24891.88477664 -0.00000000
49.34999999999933 267398.73139728 24886.06952412 -0.00000000
49.39999999999933 267323.43515597 24880.24414717 -0.00000000
49.44999999999933 267248.43179244 24874.40755826 -0.00000000
49.499999999999325 267173.72081521 24868.55876522 -0.00000000
49.54999999999932 267099.30164275 24862.69695151 -0.00000000
49.59999999999932 267025.17362575 24856.82153546 -0.00000000
49.64999999999932 266951.33605803 24850.93219661 -0.00000000
49.699999999999314 266877.78817637 24845.02886531 -0.00000000
49.74999999999931 266804.52915102 24839.11167856 -0.00000000
49.79999999999931 266731.55807050 24833.18091115 -0.00000000
49.849999999999305 266658.87392432 24827.23689442 -0.00000000
49.8999999999993 266586.47558702 24821.27993590 -0.00000000
49.9499999999993 266514.36180591 24815.31025166 -0.00000000
49.9999999999993 266442.53119412 24809.32792007 -0.00000000
50.049999999999294 266370.98222948 24803.33286158 -0.00000000
