# Body fitted drag for model part FluidModelPart.Drag_InterfaceFluid
# Time Fx Fy Fz
0.1 310604.41210723 -182122.68080433 -0.00000000
0.15000000000000002 391592.06404425 -230191.32832064 -0.00000000
0.2 363039.78359988 -213182.69171324 -0.00000000
0.25 252312.49851306 -143655.19138040 -0.00000000
0.3 175045.69474299 -91146.14661191 -0.00000000
0.35 174337.08402796 -89358.80945163 -0.00000000
0.39999999999999997 204939.55921120 -109979.47911374 -0.00000000
0.44999999999999996 236088.69780883 -134373.86068403 -0.00000000
0.49999999999999994 247413.83373877 -135773.10323352 -0.00000000
0.5499999999999999 238193.07760523 -139811.84366066 -0.00000000
0.6 245775.34838104 -129713.99007360 -0.00000000
0.65 202713.07212998 -132313.60355218 -0.00000000
0.7000000000000001 243662.28086549 -114657.74521374 -0.00000000
0.7500000000000001 233539.09794039 -117225.83576320 -0.00000000
0.8000000000000002 210416.76079399 -139297.66003834 -0.00000000
0.8500000000000002 274184.14307257 -113483.70966193 -0.00000000
0.9000000000000002 182231.03464461 -149305.09029948 -0.00000000
0.9500000000000003 288533.02071254 -99019.49255384 -0.00000000
1.0000000000000002 173169.10842413 -145276.18903668 -0.00000000
1.0500000000000003 322871.68408558 -90763.93301936 -0.00000000
1.1000000000000003 151411.16069615 -159080.45461388 -0.00000000
1.1500000000000004 304769.00312324 -102406.31085078 -0.00000000
1.2000000000000004 122418.29598986 -163648.54635434 -0.00000000
1.2500000000000004 333644.16081027 -86681.44959811 -0.00000000
1.3000000000000005 117653.83438083 -159201.84265871 -0.00000000
1.3500000000000005 371135.09995848 -80336.27762136 -0.00000000
1.4000000000000006 102742.83839903 -166443.50886312 -0.00000000
1.4500000000000006 379940.65987386 -79938.45091907 -0.00000000
1.5000000000000007 62737.11531592 -169752.92225198 -0.00000000
1.5500000000000007 394014.48983978 -75212.06064460 -0.00000000
1.6000000000000008 55286.40840128 -170331.08459920 -0.00000000
1.6500000000000008 433610.86811599 -72274.40324248 -0.00000000
1.7000000000000008 44503.51996665 -171813.36222221 -0.00000000
1.7500000000000009 439186.97838433 -70353.63277057 -0.00000000
1.800000000000001 10971.83766398 -172515.75522493 -0.00000000
1.850000000000001 453642.60808930 -68371.72601275 -0.00000000
1.900000000000001 13332.66696969 -172984.88061268 -0.00000000
1.950000000000001 486326.51707279 -67003.17796947 -0.00000000
2.000000000000001 3453.92308602 -173388.97373830 -0.00000000
2.0500000000000007 484348.95097577 -64741.58151584 -0.00000000
2.1000000000000005 -20396.13962391 -173322.52390363 -0.00000000
2.1500000000000004 497632.32006882 -62778.16708351 -0.00000000
2.2 -7952.27237782 -174643.83389213 -0.00000000
2.25 517798.77294599 -60430.98215806 -0.00000000
2.3 -16007.83366414 -175482.26182189 -0.00000000
2.3499999999999996 505443.81650236 -56843.59694726 -0.00000000
2.3999999999999995 -28056.71385039 -176905.09958286 -0.00000000
2.4499999999999993 513936.73151188 -53177.94024196 -0.00000000
2.499999999999999 -8328.60144020 -179486.40439813 -0.00000000
2.549999999999999 519785.71690243 -49105.30483467 -0.00000000
2.5999999999999988 -13132.41297037 -181830.23895394 -0.00000000
2.6499999999999986 497481.23235588 -43541.14504327 -0.00000000
2.6999999999999984 -11973.74897065 -184600.08755121 -0.00000000
2.7499999999999982 500697.64003814 -38743.02686811 -0.00000000
2.799999999999998 13196.84597255 -188266.18902868 -0.00000000
2.849999999999998 495139.63164508 -33232.44463320 -0.00000000
2.8999999999999977 10309.19421522 -191041.23099741 -0.00000000
2.9499999999999975 470041.41268460 -27446.88756478 -0.00000000
2.9999999999999973 22306.82981160 -194138.45039664 -0.00000000
3.049999999999997 471332.72257795 -22431.88014969 -0.00000000
3.099999999999997 50541.53169368 -197270.20882617 -0.00000000
3.149999999999997 458234.04862781 -17699.41735549 -0.00000000
3.1999999999999966 50488.31362426 -198866.12882836 -0.00000000
3.2499999999999964 434873.55260974 -13113.96268975 -0.00000000
3.2999999999999963 69340.11261684 -200282.39237253 -0.00000000
3.349999999999996 439263.27934959 -10509.43375287 -0.00000000
3.399999999999996 94101.22025640 -200597.99309044 -0.00000000
3.4499999999999957 423874.78446673 -8075.93654736 -0.00000000
3.4999999999999956 93512.78816018 -199196.32354181 -0.00000000
3.5499999999999954 406119.62113487 -6952.19596171 -0.00000000
3.599999999999995 114519.55964132 -197069.82809113 -0.00000000
3.649999999999995 413151.18805887 -7498.15176042 -0.00000000
3.699999999999995 131458.36708546 -193773.09139998 -0.00000000
3.7499999999999947 398219.11066929 -8590.00409312 -0.00000000
3.7999999999999945 126616.91128711 -188555.69744304 -0.00000000
3.8499999999999943 387953.26689798 -10630.60298144 -0.00000000
3.899999999999994 145251.44397314 -183388.47788637 -0.00000000
3.949999999999994 397252.66773574 -14101.22087073 -0.00000000
3.999999999999994 152621.15655555 -176855.31576848 -0.00000000
4.049999999999994 383064.73021094 -17333.52245080 -0.00000000
4.099999999999993 143865.43496687 -169714.26799966 -0.00000000
4.149999999999993 381823.48911830 -21359.60341552 -0.00000000
4.199999999999993 157639.44529933 -162674.53654818 -0.00000000
4.249999999999993 393530.54252534 -25852.51288328 -0.00000000
4.299999999999993 157256.29308678 -155427.44677040 -0.00000000
4.3499999999999925 380750.41188443 -29472.98365016 -0.00000000
4.399999999999992 149289.86275086 -147930.81368803 -0.00000000
4.449999999999992 385661.58869181 -33377.69702834 -0.00000000
4.499999999999992 163017.45685074 -141757.94718333 -0.00000000
4.549999999999992 397414.13844149 -36797.78008600 -0.00000000
4.599999999999992 158332.92997357 -135320.63651656 -0.00000000
4.6499999999999915 387693.62264880 -39014.73322183 -0.00000000
4.699999999999991 153450.78092310 -129889.47304105 -0.00000000
4.749999999999991 398191.42755555 -40904.22413518 -0.00000000
4.799999999999991 168501.04714693 -125519.91901155 -0.00000000
4.849999999999991 406850.77627809 -42124.78083174 -0.00000000
4.899999999999991 163997.32743224 -121449.40871194 -0.00000000
4.94999999999999 397738.08828828 -41890.31992764 -0.00000000
4.99999999999999 163651.29626349 -117946.94826582 -0.00000000
5.04999999999999 411294.02882265 -42012.38093155 -0.00000000
5.09999999999999 178495.36535248 -115421.92122961 -0.00000000
5.14999999999999 415508.40244468 -41161.03550855 -0.00000000
5.1999999999999895 172863.32520829 -112378.01372169 -0.00000000
5.249999999999989 406680.23858489 -40074.10599439 -0.00000000
5.299999999999989 176416.62595951 -109736.88101809 -0.00000000
5.349999999999989 419917.34308025 -39417.99811385 -0.00000000
5.399999999999989 188986.29971539 -107068.07810548 -0.00000000
5.449999999999989 419830.65881515 -38899.61628746 -0.00000000
5.4999999999999885 181151.31828180 -103437.74383068 -0.00000000
5.549999999999988 412139.73702857 -38315.91514897 -0.00000000
5.599999999999988 188000.53182451 -99789.46492806 -0.00000000
5.649999999999988 423528.00039737 -39192.76588913 -0.00000000
5.699999999999988 200427.76620499 -95536.86020800 -0.00000000
5.749999999999988 417603.67776521 -39961.62124504 -0.00000000
5.799999999999987 194068.75908111 -90118.61051809 -0.00000000
5.849999999999987 412305.14485150 -41879.88764189 -0.00000000
5.899999999999987 204918.17633519 -84325.14888191 -0.00000000
5.949999999999987 423265.46117697 -44788.62638115 -0.00000000
5.999999999999987 217222.48360968 -78009.33633920 -0.00000000
6.0499999999999865 414622.75405471 -48034.05472945 -0.00000000
6.099999999999986 215904.80212194 -70524.08281366 -0.00000000
6.149999999999986 409965.35838718 -51720.28607173 -0.00000000
6.199999999999986 235456.79710262 -63497.69384487 -0.00000000
6.249999999999986 417531.93647136 -56225.46018772 -0.00000000
6.299999999999986 250554.94970749 -55879.83182566 -0.00000000
6.349999999999985 405281.58505503 -60028.79118844 -0.00000000
6.399999999999985 256293.30740894 -48390.77189720 -0.00000000
6.449999999999985 400406.67976343 -63980.16206423 -0.00000000
6.499999999999985 284361.75563204 -41639.76619983 -0.00000000
6.549999999999985 400636.45135532 -67554.84601343 -0.00000000
6.5999999999999845 291471.40081547 -29571.63341218 -0.00000000
6.649999999999984 391652.31204050 -73035.36693693 -0.00000000
6.699999999999984 295140.22513266 -6590.22176514 -0.00000000
6.749999999999984 394259.54458727 -92780.93268233 -0.00000000
6.799999999999984 367441.00073738 -38229.63652232 -0.00000000
6.849999999999984 359430.42275410 -75929.77218271 -0.00000000
6.8999999999999835 380855.84844778 -4116.14111102 -0.00000000
6.949999999999983 332813.32672085 -71043.89602740 -0.00000000
6.999999999999983 415683.37055558 -16109.89999730 -0.00000000
7.049999999999983 312171.14590717 -80004.97858218 -0.00000000
7.099999999999983 441494.25364518 -24319.73343074 -0.00000000
7.149999999999983 306721.97224846 -68059.34639177 -0.00000000
7.199999999999982 476127.56100336 -14875.07137004 -0.00000000
7.249999999999982 275041.54998038 -63778.04091990 -0.00000000
7.299999999999982 506730.15558422 -19128.74890106 -0.00000000
7.349999999999982 257194.72443653 -62532.72204387 -0.00000000
7.399999999999982 555535.89307354 -20743.14862799 -0.00000000
7.4499999999999815 235694.45615349 -56910.33807854 -0.00000000
7.499999999999981 586730.51449764 -21879.68057700 -0.00000000
7.549999999999981 204575.82196253 -52563.01525952 -0.00000000
7.599999999999981 625608.07764437 -24502.96002233 -0.00000000
7.649999999999981 191686.58175972 -48612.05277459 -0.00000000
7.699999999999981 673348.92971129 -26768.88029751 -0.00000000
7.7499999999999805 172228.51074328 -44862.29999264 -0.00000000
7.79999999999998 703003.48077217 -28207.02299495 -0.00000000
7.84999999999998 146055.39431068 -41289.17866362 -0.00000000
7.89999999999998 742611.67117409 -29624.27440766 -0.00000000
7.94999999999998 140436.84055198 -39680.02006696 -0.00000000
7.99999999999998 783486.05578155 -30511.51260616 -0.00000000
8.04999999999998 126379.63942393 -38523.57677656 -0.00000000
8.09999999999998 806002.69985247 -30173.09321772 -0.00000000
8.14999999999998 111980.29162932 -38521.24144178 -0.00000000
8.199999999999982 840889.46008326 -29608.42492328 -0.00000000
8.249999999999982 115331.82139380 -39823.04127659 -0.00000000
8.299999999999983 871442.41732733 -28282.61996015 -0.00000000
8.349999999999984 108414.88761858 -41831.18058451 -0.00000000
8.399999999999984 885142.65938426 -25803.92109167 -0.00000000
8.449999999999985 106068.93862812 -44367.14923018 -0.00000000
8.499999999999986 909585.31115890 -23225.35587322 -0.00000000
8.549999999999986 119518.98689502 -48021.65501633 -0.00000000
8.599999999999987 926792.41512376 -20096.93014123 -0.00000000
8.649999999999988 118516.26879349 -51481.06819299 -0.00000000
8.699999999999989 930943.50882635 -17008.70382439 -0.00000000
8.74999999999999 123944.86738614 -55512.03504562 -0.00000000
8.79999999999999 947576.44105354 -14553.96502340 -0.00000000
8.84999999999999 144805.99930552 -59838.18689581 -0.00000000
8.899999999999991 953007.78573994 -12677.30496034 -0.00000000
8.949999999999992 150984.73244010 -63564.29537295 -0.00000000
8.999999999999993 949822.06855082 -10969.91066793 -0.00000000
9.049999999999994 170124.17513025 -66791.31598821 -0.00000000
9.099999999999994 960569.38156311 -10798.44914413 -0.00000000
9.149999999999995 195951.67390694 -69555.79716821 -0.00000000
9.199999999999996 958320.70771315 -10801.87165654 -0.00000000
9.249999999999996 208008.19444857 -71055.33181892 -0.00000000
9.299999999999997 950627.78095806 -11946.90387468 -0.00000000
9.349999999999998 233665.90564793 -72301.21374883 -0.00000000
9.399999999999999 951813.59802029 -13230.59971231 -0.00000000
9.45 259769.58598642 -72402.96676893 -0.00000000
9.5 938975.79092499 -14768.43009886 -0.00000000
9.55 273112.00734568 -71659.87975168 -0.00000000
9.600000000000001 924575.71264028 -16373.54913359 -0.00000000
9.650000000000002 302103.82484313 -70775.01233938 -0.00000000
9.700000000000003 917432.15546612 -18155.44574392 -0.00000000
9.750000000000004 328452.82321275 -69348.74439122 -0.00000000
9.800000000000004 895041.17118714 -19131.91171161 -0.00000000
9.850000000000005 345875.87584318 -67856.84930493 -0.00000000
9.900000000000006 876143.29276943 -19861.76205132 -0.00000000
9.950000000000006 377809.31510557 -66710.54176754 -0.00000000
10.000000000000007 864249.33340698 -19818.31817433 -0.00000000
10.050000000000008 116264.28036790 69106.40373047 -0.00000000
10.100000000000009 551298.51835661 160783.83445082 -0.00000000
10.15000000000001 199694.70603969 80654.34713821 -0.00000000
10.20000000000001 592655.24897616 97338.33487458 -0.00000000
10.25000000000001 230627.99089916 42762.53129753 -0.00000000
10.300000000000011 561398.74793669 106369.28072662 -0.00000000
10.350000000000012 258856.82699507 55671.32045122 -0.00000000
10.400000000000013 530957.69274155 113648.16180310 -0.00000000
10.450000000000014 279039.36968842 45871.88983080 -0.00000000
10.500000000000014 504114.38420025 112682.08543812 -0.00000000
10.550000000000015 318541.22532658 39311.09065600 -0.00000000
10.600000000000016 489043.85079928 117818.31739798 -0.00000000
10.650000000000016 348933.35564318 32548.84056510 -0.00000000
10.700000000000017 455733.03796788 122105.30168881 -0.00000000
10.750000000000018 373387.50178883 24797.88959979 -0.00000000
10.800000000000018 436849.25721977 126586.28435653 -0.00000000
10.85000000000002 414077.87870715 16290.66510772 -0.00000000
10.90000000000002 425025.53669349 132443.48404347 -0.00000000
10.95000000000002 440588.07939652 -14002.27123129 -0.00000000
11.000000000000021 390935.46230045 149324.72154481 -0.00000000
11.050000000000022 472607.42998887 -10213.79775021 -0.00000000
11.100000000000023 376405.27180796 156278.80524958 -0.00000000
11.150000000000023 497746.49274473 3054.91633235 -0.00000000
11.200000000000024 373767.34773014 141811.97231282 -0.00000000
11.250000000000025 509819.71017299 -17376.28905920 -0.00000000
11.300000000000026 346109.39816833 145777.89500439 -0.00000000
11.350000000000026 522836.39402589 -16388.61656651 -0.00000000
11.400000000000027 342599.94426267 149875.61198446 -0.00000000
11.450000000000028 545094.48360340 -21915.49338690 -0.00000000
11.500000000000028 331004.96688586 149541.98631980 -0.00000000
11.55000000000003 544461.67026985 -24607.46394877 -0.00000000
11.60000000000003 310203.95072892 149970.89521198 -0.00000000
11.65000000000003 546070.52480266 -26142.84642677 -0.00000000
11.700000000000031 311218.27538291 148861.76006742 -0.00000000
11.750000000000032 552238.59153809 -26923.24692256 -0.00000000
11.800000000000033 304155.03930138 146731.04326457 -0.00000000
11.850000000000033 540154.82411481 -26706.42272034 -0.00000000
11.900000000000034 291337.35829738 144653.68150852 -0.00000000
11.950000000000035 536741.80913846 -26224.64895050 -0.00000000
12.000000000000036 298451.61781049 141086.96661807 -0.00000000
12.050000000000036 537207.39867569 -25624.06490351 -0.00000000
12.100000000000037 293503.38118544 138370.20299397 -0.00000000
12.150000000000038 521226.31521430 -24506.70718158 -0.00000000
12.200000000000038 289331.27685708 135114.19101197 -0.00000000
12.250000000000039 518654.95235359 -23819.64787845 -0.00000000
12.30000000000004 300187.99868356 132408.76540457 -0.00000000
12.35000000000004 518963.32411912 -23403.96652861 -0.00000000
12.400000000000041 296039.06977774 130173.11077166 -0.00000000
12.450000000000042 505290.37544877 -22977.42335158 -0.00000000
12.500000000000043 296188.94254476 128853.33572100 -0.00000000
12.550000000000043 507776.69092888 -23747.06228709 -0.00000000
12.600000000000044 307865.26210475 127527.56210614 -0.00000000
12.650000000000045 508472.73886412 -24692.36429081 -0.00000000
12.700000000000045 301343.40658670 127964.31833654 -0.00000000
12.750000000000046 499870.00376606 -26321.67483100 -0.00000000
12.800000000000047 301030.10082391 128333.28857831 -0.00000000
12.850000000000048 509193.31845293 -28475.30006861 -0.00000000
12.900000000000048 307710.85950615 129449.20755567 -0.00000000
12.950000000000049 511454.71008721 -31037.91744409 -0.00000000
13.00000000000005 299218.00369094 130786.63513906 -0.00000000
13.05000000000005 505798.89065237 -33054.37416311 -0.00000000
13.100000000000051 299428.98852871 131968.61008254 -0.00000000
13.150000000000052 519538.63005043 -35802.14990350 -0.00000000
13.200000000000053 301674.93314086 132612.43297425 -0.00000000
13.250000000000053 522602.96876795 -37166.79287321 -0.00000000
13.300000000000054 289632.70155407 133113.53390900 -0.00000000
13.350000000000055 522809.57391068 -38273.51558602 -0.00000000
13.400000000000055 290066.60978052 132239.94680004 -0.00000000
13.450000000000056 538315.79905078 -38270.46740680 -0.00000000
13.500000000000057 291000.98465154 130449.65356555 -0.00000000
13.550000000000058 540167.88688782 -37282.22011553 -0.00000000
13.600000000000058 279345.96141733 127847.16330068 -0.00000000
13.650000000000059 544107.82162253 -34717.04118036 -0.00000000
13.70000000000006 280906.19945994 123511.53919574 -0.00000000
13.75000000000006 560569.04555000 -31688.27153733 -0.00000000
13.800000000000061 280150.84165109 118259.61342302 -0.00000000
13.850000000000062 559488.66934728 -26383.56378643 -0.00000000
13.900000000000063 270093.53905951 111734.71102991 -0.00000000
13.950000000000063 564695.57985972 -20620.91854195 -0.00000000
14.000000000000064 272130.41144130 104128.08399001 -0.00000000
14.050000000000065 578371.77863760 -13572.28966496 -0.00000000
14.100000000000065 267814.63640427 95604.15824416 -0.00000000
14.150000000000066 575347.20232521 -5638.29185344 -0.00000000
14.200000000000067 255813.98950192 86990.12104358 -0.00000000
14.250000000000068 580258.15230424 2831.71590199 -0.00000000
14.300000000000068 258007.60714835 77230.53821026 -0.00000000
14.350000000000069 588420.98722928 11198.05716494 -0.00000000
14.40000000000007 249463.72682460 68284.12837810 -0.00000000
14.45000000000007 582352.54420128 20121.39132402 -0.00000000
14.500000000000071 234910.35097667 59216.42405562 -0.00000000
14.550000000000072 588591.23508802 28135.71063042 -0.00000000
14.600000000000072 233246.39564871 50826.73016306 -0.00000000
14.650000000000073 593472.21518640 35857.56130799 -0.00000000
14.700000000000074 221316.98537372 42840.88993614 -0.00000000
14.750000000000075 585508.33367729 43223.06761143 -0.00000000
14.800000000000075 208574.99407863 36081.87387083 -0.00000000
14.850000000000076 591256.41909608 49427.47612324 -0.00000000
14.900000000000077 208657.51235696 29249.14472003 -0.00000000
14.950000000000077 593747.47237571 55118.69207216 -0.00000000
15.000000000000078 195617.83073618 24083.92158194 -0.00000000
15.050000000000079 587413.29652244 60119.64480439 -0.00000000
15.10000000000008 188320.37277183 18941.30431001 -0.00000000
15.15000000000008 593458.60219113 64312.10145189 -0.00000000
15.200000000000081 192622.74990483 14636.31444220 -0.00000000
15.250000000000082 593398.53385493 67999.06242040 -0.00000000
15.300000000000082 183556.26837971 10708.28099833 -0.00000000
15.350000000000083 587098.12204618 71825.92681861 -0.00000000
15.400000000000084 183556.78898116 7109.53225217 -0.00000000
15.450000000000085 591646.77572820 74935.79341042 -0.00000000
15.500000000000085 193520.92628074 2872.45959796 -0.00000000
15.550000000000086 584420.09562117 79036.68460723 -0.00000000
15.600000000000087 191781.04433722 -1003.19346234 -0.00000000
15.650000000000087 571793.49500119 83194.35273982 -0.00000000
15.700000000000088 202784.11983560 -5999.03425563 -0.00000000
15.750000000000089 568059.99497587 88173.67263761 -0.00000000
15.80000000000009 217618.00834315 -11500.70969886 -0.00000000
15.85000000000009 552064.34979437 93704.27566680 -0.00000000
15.900000000000091 222460.63538071 -17568.12733598 -0.00000000
15.950000000000092 530842.14337749 100550.56526178 -0.00000000
16.000000000000092 244092.61157267 -24776.50554809 -0.00000000
16.050000000000093 516446.35302813 107348.98084588 -0.00000000
16.100000000000094 265947.08060575 -32574.27893599 -0.00000000
16.150000000000095 488845.92288886 115575.24654524 -0.00000000
16.200000000000095 279281.19677924 -40705.05403088 -0.00000000
16.250000000000096 462249.97244050 123595.64008058 -0.00000000
16.300000000000097 308331.25803523 -49533.14972075 -0.00000000
16.350000000000097 442092.82244358 132189.14701158 -0.00000000
16.400000000000098 334482.94091777 -58601.60260985 -0.00000000
16.4500000000001 408852.12735619 140673.82179100 -0.00000000
16.5000000000001 355922.75044272 -67271.61431385 -0.00000000
16.5500000000001 379954.93068960 149218.36174089 -0.00000000
16.6000000000001 391663.90197762 -76289.91348581 -0.00000000
16.6500000000001 358735.94589744 156596.05921463 -0.00000000
16.700000000000102 418847.51698858 -84013.05387240 -0.00000000
16.750000000000103 325025.41608964 163913.89720170 -0.00000000
16.800000000000104 444346.63328721 -91251.69660322 -0.00000000
16.850000000000104 299023.15592191 169631.61151980 -0.00000000
16.900000000000105 480675.40318038 -97181.07806320 -0.00000000
16.950000000000106 278223.75892502 174250.53922985 -0.00000000
17.000000000000107 504721.78876670 -101864.42932438 -0.00000000
17.050000000000107 247730.11552275 177527.28098241 -0.00000000
17.100000000000108 525779.03922338 -104604.97557672 -0.00000000
17.15000000000011 228552.83934178 179229.60172365 -0.00000000
17.20000000000011 554932.61248689 -106659.55047752 -0.00000000
17.25000000000011 210496.78157952 179463.43059192 -0.00000000
17.30000000000011 570385.42288217 -106445.74865303 -0.00000000
17.35000000000011 182895.08456330 178751.50915335 -0.00000000
17.400000000000112 585863.98585070 -105640.15185908 -0.00000000
17.450000000000113 169990.56755276 176584.98854612 -0.00000000
17.500000000000114 603898.72942541 -103367.03071546 -0.00000000
17.550000000000114 156759.97838926 173458.81837687 -0.00000000
17.600000000000115 608519.29350580 -100417.26326540 -0.00000000
17.650000000000116 136690.64088397 170018.29456503 -0.00000000
17.700000000000117 615953.12482488 -96554.40068779 -0.00000000
17.750000000000117 131634.41091594 165484.83922615 -0.00000000
17.800000000000118 626800.45335301 -92900.79035331 -0.00000000
17.85000000000012 122316.08169261 161196.97254893 -0.00000000
17.90000000000012 624622.48974391 -88411.93909781 -0.00000000
17.95000000000012 111567.36901977 156701.52222566 -0.00000000
18.00000000000012 627357.42118250 -84647.21300337 -0.00000000
18.05000000000012 115340.80162563 152471.20139527 -0.00000000
18.100000000000122 632334.89665035 -80939.46011598 -0.00000000
18.150000000000123 111743.79825639 148520.68843385 -0.00000000
18.200000000000124 626462.58048120 -77686.79274729 -0.00000000
18.250000000000124 109381.16810310 145503.92105239 -0.00000000
18.300000000000125 626147.42954033 -74877.16638815 -0.00000000
18.350000000000126 121319.98858673 142122.57915892 -0.00000000
18.400000000000126 624562.76583743 -72607.78121684 -0.00000000
18.450000000000127 123602.98755757 139989.16888921 -0.00000000
18.500000000000128 612558.38081491 -70283.47369521 -0.00000000
18.55000000000013 129341.44500758 137516.25491544 -0.00000000
18.60000000000013 608567.84005488 -68382.50076465 -0.00000000
18.65000000000013 144034.00149976 135393.86855914 -0.00000000
18.70000000000013 600344.77652224 -66290.14340042 -0.00000000
18.75000000000013 150094.27343263 132904.40245875 -0.00000000
18.800000000000132 580273.40203831 -63544.46022034 -0.00000000
18.850000000000133 163148.62292606 130371.57404371 -0.00000000
18.900000000000134 568535.16382067 -60764.02589568 -0.00000000
18.950000000000134 182363.81815977 126699.86798326 -0.00000000
19.000000000000135 551063.86532053 -57025.18583602 -0.00000000
19.050000000000136 191365.31453983 123127.20495870 -0.00000000
19.100000000000136 525913.52485612 -52606.15433862 -0.00000000
19.150000000000137 209935.83998634 117984.25418976 -0.00000000
19.200000000000138 509191.09493559 -47232.31434163 -0.00000000
19.25000000000014 233190.30449396 112148.82570350 -0.00000000
19.30000000000014 484099.16202391 -40976.16784866 -0.00000000
19.35000000000014 249081.27055358 105159.02766563 -0.00000000
19.40000000000014 454978.39466030 -33222.20311519 -0.00000000
19.45000000000014 274222.71889262 97168.06625248 -0.00000000
19.500000000000142 436889.98446924 -25261.28911336 -0.00000000
19.550000000000143 301252.09167233 87985.22230590 -0.00000000
19.600000000000144 408288.85573926 -15696.25160464 -0.00000000
19.650000000000144 322242.25977782 78385.47668614 -0.00000000
19.700000000000145 379968.50976283 -5991.46446791 -0.00000000
19.750000000000146 351983.72732612 67879.49903040 -0.00000000
19.800000000000146 361848.67656220 -5864.26005794 -0.00000000
19.850000000000147 379161.59505189 64123.04410674 -0.00000000
19.900000000000148 328462.47459456 13436.35418761 -0.00000000
19.95000000000015 403820.87144430 51434.45093456 -0.00000000
20.00000000000015 314332.57512105 26443.38506756 -0.00000000
20.05000000000015 423465.77816948 35873.77086045 -0.00000000
20.10000000000015 296328.13811330 32800.15120524 -0.00000000
20.15000000000015 445880.52133419 27359.64864154 -0.00000000
20.200000000000152 271320.50965858 43551.44420331 -0.00000000
20.250000000000153 459238.51582079 19116.96020431 -0.00000000
20.300000000000153 254829.86379035 50877.48804199 -0.00000000
20.350000000000154 477558.91549876 11235.73892355 -0.00000000
20.400000000000155 244036.00794611 57912.88417857 -0.00000000
20.450000000000156 488384.48642458 4731.50779814 -0.00000000
20.500000000000156 224086.90800685 63786.06814362 -0.00000000
20.550000000000157 493395.74639036 -324.57296458 -0.00000000
20.600000000000158 214727.46253519 68492.69749361 -0.00000000
20.65000000000016 504701.71064309 -4863.55200505 -0.00000000
20.70000000000016 209463.40896388 71750.08392017 -0.00000000
20.75000000000016 505551.71659022 -7644.62812188 -0.00000000
20.80000000000016 198357.40973374 74488.23427208 -0.00000000
20.85000000000016 503655.04867168 -10006.22707185 -0.00000000
20.900000000000162 199155.51417200 75909.67123318 -0.00000000
20.950000000000163 509019.62368770 -11443.01417927 -0.00000000
21.000000000000163 199880.55379129 76975.52542424 -0.00000000
21.050000000000164 504688.28182539 -12710.99280604 -0.00000000
21.100000000000165 197082.54659086 77800.82823363 -0.00000000
21.150000000000166 499440.63004589 -13302.76247222 -0.00000000
21.200000000000166 206093.25083173 78281.15257246 -0.00000000
21.250000000000167 501566.89171744 -14709.17547738 -0.00000000
21.300000000000168 210878.45294798 79174.13939142 -0.00000000
21.35000000000017 494104.66530188 -15591.29872299 -0.00000000
21.40000000000017 211291.89059039 80448.74823600 -0.00000000
21.45000000000017 490798.09801910 -17499.57015689 -0.00000000
21.50000000000017 220775.13995770 82094.23443085 -0.00000000
21.55000000000017 491261.33262957 -19498.37021123 -0.00000000
21.600000000000172 225228.52133115 84204.52432378 -0.00000000
21.650000000000173 480727.63955362 -22142.11940135 -0.00000000
21.700000000000173 226411.29608698 87239.63722967 -0.00000000
21.750000000000174 477093.95091287 -25117.02143392 -0.00000000
21.800000000000175 233550.01867884 90295.03423078 -0.00000000
21.850000000000176 477179.29791863 -29049.24820986 -0.00000000
21.900000000000176 232378.25025493 94421.92013018 -0.00000000
21.950000000000177 467152.25884718 -32718.76844772 -0.00000000
22.000000000000178 230948.73806455 98378.98048755 -0.00000000
22.05000000000018 465606.63174630 -37091.47885907 -0.00000000
22.10000000000018 235556.16216547 102662.23521960 -0.00000000
22.15000000000018 464294.06387476 -41178.37253563 -0.00000000
22.20000000000018 232309.98963266 106491.98857875 -0.00000000
22.25000000000018 456498.23641196 -44915.90609658 -0.00000000
22.300000000000182 229329.48813378 110320.03920618 -0.00000000
22.350000000000183 459300.36416415 -48289.34048478 -0.00000000
22.400000000000183 233282.11342502 112712.71855073 -0.00000000
22.450000000000184 458913.93782013 -50765.88754745 -0.00000000
22.500000000000185 229789.89603127 114916.21398563 -0.00000000
22.550000000000185 454283.45326743 -52153.33061266 -0.00000000
22.600000000000186 228827.31262629 115476.75557550 -0.00000000
22.650000000000187 461064.30644161 -52707.55487620 -0.00000000
22.700000000000188 231858.56814195 115346.95927000 -0.00000000
22.75000000000019 462755.78767350 -52154.71985774 -0.00000000
22.80000000000019 227812.45472970 113887.89117745 -0.00000000
22.85000000000019 460789.62371441 -50252.86604246 -0.00000000
22.90000000000019 228576.74716697 111766.43162721 -0.00000000
22.95000000000019 467425.49052943 -47930.62235644 -0.00000000
23.000000000000192 232098.77755509 108301.22447870 -0.00000000
23.050000000000193 467389.34058181 -44283.29664070 -0.00000000
23.100000000000193 225076.57005266 104837.90306438 -0.00000000
23.150000000000194 468276.52967813 -40433.04798278 -0.00000000
23.200000000000195 223178.97312725 100398.95703044 -0.00000000
23.250000000000195 475362.49951670 -35995.04159227 -0.00000000
23.300000000000196 222026.49125206 96007.17655707 -0.00000000
23.350000000000197 474392.89981132 -31664.10579425 -0.00000000
23.400000000000198 212077.63745571 91690.95813942 -0.00000000
23.4500000000002 475760.96051646 -27155.80938761 -0.00000000
23.5000000000002 207956.55092200 87703.53806479 -0.00000000
23.5500000000002 484136.79014231 -23813.81470260 -0.00000000
23.6000000000002 201369.01450971 84241.72561322 -0.00000000
23.6500000000002 485327.95689930 -20451.17767766 -0.00000000
23.700000000000202 188030.45524203 81797.65213625 -0.00000000
23.750000000000203 490706.77729568 -18602.12064943 -0.00000000
23.800000000000203 183659.89939773 79993.75057003 -0.00000000
23.850000000000204 500519.60516867 -17323.44788245 -0.00000000
23.900000000000205 175037.02831920 79202.62639952 -0.00000000
23.950000000000205 505245.97513659 -17345.05238890 -0.00000000
24.000000000000206 161721.45400016 79593.36358107 -0.00000000
24.050000000000207 514508.54167947 -17900.23339529 -0.00000000
24.100000000000207 159136.70641735 80289.98425288 -0.00000000
24.150000000000208 525418.75709243 -19695.03884435 -0.00000000
24.20000000000021 151877.07902164 82061.45277462 -0.00000000
24.25000000000021 528937.46772493 -21435.60575090 -0.00000000
24.30000000000021 143404.22376561 84103.78286756 -0.00000000
24.35000000000021 537974.73675957 -24155.46294187 -0.00000000
24.40000000000021 142921.80123048 86593.18054079 -0.00000000
24.450000000000212 546761.68758919 -26710.52372755 -0.00000000
24.500000000000213 136344.89913787 88990.81421364 -0.00000000
24.550000000000214 546617.09716651 -29264.58389969 -0.00000000
24.600000000000215 132869.77420308 91568.10786367 -0.00000000
24.650000000000215 548662.14112479 -31344.43925491 -0.00000000
24.700000000000216 138260.39077172 93024.70015627 -0.00000000
24.750000000000217 547601.72196784 -32996.04858615 -0.00000000
24.800000000000217 136233.67797757 94568.11458193 -0.00000000
24.850000000000218 538372.37442523 -33572.81477244 -0.00000000
24.90000000000022 139900.50087926 94656.81017548 -0.00000000
24.95000000000022 532394.53602572 -33497.04775197 -0.00000000
25.00000000000022 150808.56717441 94156.57272430 -0.00000000
