# Body fitted drag for model part Drag_structure
# Time Fx Fy Fz
0.05 -0.00000000 -0.00000000 -0.00000000
0.1 1141.77382361 0.13047997 -0.00000000
0.15000000000000002 2659.51579146 0.36796842 -0.00000000
0.2 4403.01433559 0.64963008 -0.00000000
0.25 6203.46519333 0.89320921 -0.00000000
0.3 7886.42882924 1.00435866 -0.00000000
0.35 9282.92606612 0.88539428 -0.00000000
0.39999999999999997 10244.25269089 0.44875078 -0.00000000
0.44999999999999996 10659.86982421 -0.36939780 -0.00000000
0.49999999999999994 10295.61976959 -3.03160641 -0.00000000
0.5499999999999999 8873.05938855 -6.02952722 -0.00000000
0.6 5867.43321488 -10.04173989 -0.00000000
0.65 3104.37706478 -11.55927880 -0.00000000
0.7000000000000001 1318.63480204 -9.78802654 -0.00000000
0.7500000000000001 836.52796409 -5.23598203 -0.00000000
0.8000000000000002 1324.67554098 -1.31401696 -0.00000000
0.8500000000000002 2415.98829966 2.58485714 -0.00000000
0.9000000000000002 3852.14826257 5.51606038 -0.00000000
0.9500000000000003 5329.02159277 6.73871777 -0.00000000
1.0000000000000002 6595.27201580 5.85645531 -0.00000000
1.0500000000000003 7477.05834123 2.87407868 -0.00000000
1.1000000000000003 7912.20440404 -1.79425804 -0.00000000
1.1500000000000004 7950.50279873 -7.35654187 -0.00000000
1.2000000000000004 7729.92633296 -12.74405312 -0.00000000
1.2500000000000004 7582.58496266 -14.71039129 -0.00000000
1.3000000000000005 7463.75500246 -16.01198316 -0.00000000
1.3500000000000005 7439.84022143 -16.48778519 -0.00000000
1.4000000000000006 7554.71718476 -16.05110323 -0.00000000
1.4500000000000006 7830.50950276 -14.72738598 -0.00000000
1.5000000000000007 8260.56820631 -12.67911445 -0.00000000
1.5500000000000007 8811.71626974 -10.20604685 -0.00000000
1.6000000000000008 9428.17966815 -7.72100584 -0.00000000
1.6500000000000008 10038.64791521 -5.70568528 -0.00000000
1.7000000000000008 10565.28492445 -4.65301570 -0.00000000
1.7500000000000009 10933.67633135 -5.00224266 -0.00000000
1.800000000000001 11082.49091796 -7.07183815 -0.00000000
1.850000000000001 10971.52609735 -10.99569707 -0.00000000
1.900000000000001 10586.88985240 -16.67076248 -0.00000000
1.950000000000001 9942.43646238 -23.72814421 -0.00000000
2.000000000000001 9077.21398443 -31.54178997 -0.00000000
2.0500000000000007 8049.45698945 -39.28564697 -0.00000000
2.1000000000000005 6928.34213256 -46.04035035 -0.00000000
2.1500000000000004 5785.10063470 -50.93631094 -0.00000000
2.2 4685.04987294 -53.30662876 -0.00000000
2.25 3681.71515341 -52.81636956 -0.00000000
2.3 2813.62454110 -49.53778316 -0.00000000
2.3499999999999996 2103.76576552 -43.95334455 -0.00000000
2.3999999999999995 1561.23879138 -36.88577262 -0.00000000
2.4499999999999993 863.26339362 -21.74567468 -0.00000000
2.499999999999999 515.56950958 -5.17845471 -0.00000000
2.549999999999999 754.45682728 -0.77323094 -0.00000000
2.5999999999999988 1329.75745868 -8.65288648 -0.00000000
2.6499999999999986 1972.82578223 -25.02441488 -0.00000000
2.6999999999999984 2517.63649187 -43.97830102 -0.00000000
2.7499999999999982 2916.17199348 -59.60583438 -0.00000000
2.799999999999998 3229.21276117 -67.79315904 -0.00000000
2.849999999999998 3576.05661033 -67.25927463 -0.00000000
2.8999999999999977 4077.04095062 -59.63808119 -0.00000000
2.9499999999999975 4808.81735786 -48.67016169 -0.00000000
2.9999999999999973 5783.95811699 -38.82631881 -0.00000000
3.049999999999997 6955.39306851 -33.76171512 -0.00000000
3.099999999999997 8237.96514995 -35.25997602 -0.00000000
3.149999999999997 9536.35634724 -42.94243243 -0.00000000
3.1999999999999966 10769.53303723 -54.58761062 -0.00000000
3.2499999999999964 11885.03429557 -67.09342786 -0.00000000
3.2999999999999963 12274.53326098 -70.65775359 -0.00000000
3.349999999999996 12784.71801957 -74.16373775 -0.00000000
3.399999999999996 13428.19205053 -77.67861031 -0.00000000
3.4499999999999957 14201.72807699 -81.26974579 -0.00000000
3.4999999999999956 15044.55228623 -85.02665568 -0.00000000
3.5499999999999954 15871.28425800 -89.09171004 -0.00000000
3.599999999999995 17145.98614520 -97.80388132 -0.00000000
3.649999999999995 17868.14452563 -108.36008496 -0.00000000
3.699999999999995 17370.94732423 -115.40072704 -0.00000000
3.7499999999999947 16098.57308253 -121.67101087 -0.00000000
3.7999999999999945 14602.63902989 -128.29274040 -0.00000000
3.8499999999999943 13258.60609567 -134.12118036 -0.00000000
3.899999999999994 12188.11876148 -137.50473802 -0.00000000
3.949999999999994 11303.11775766 -138.25268969 -0.00000000
3.999999999999994 10431.09979777 -138.06323112 -0.00000000
4.049999999999994 9429.69098111 -139.33212392 -0.00000000
4.099999999999993 8245.14991462 -143.55643878 -0.00000000
4.149999999999993 6911.80153301 -150.49187830 -0.00000000
4.199999999999993 5516.15708176 -157.85534928 -0.00000000
4.249999999999993 4155.74191154 -162.61713176 -0.00000000
4.299999999999993 2912.58019270 -163.53575319 -0.00000000
4.3499999999999925 1842.45368295 -160.55416195 -0.00000000
4.399999999999992 977.79008046 -155.09559738 -0.00000000
4.449999999999992 334.22321494 -149.75818307 -0.00000000
4.499999999999992 -82.68669794 -146.62660056 -0.00000000
4.549999999999992 -173.94829588 -146.44331679 -0.00000000
4.599999999999992 -222.14685480 -147.11733101 -0.00000000
4.6499999999999915 -173.93221805 -148.31663584 -0.00000000
4.699999999999991 17.48410395 -149.70157028 -0.00000000
4.749999999999991 421.14989753 -151.03759696 -0.00000000
4.799999999999991 1091.62187111 -152.03832703 -0.00000000
4.849999999999991 3657.45391105 -155.94274928 -0.00000000
4.899999999999991 5857.37193613 -162.13685652 -0.00000000
4.94999999999999 7513.64809817 -170.24261631 -0.00000000
4.99999999999999 8759.13475066 -178.24885602 -0.00000000
5.04999999999999 9903.48844596 -184.10097800 -0.00000000
5.09999999999999 11212.84206009 -186.90623307 -0.00000000
5.14999999999999 12800.98701858 -187.51237498 -0.00000000
5.1999999999999895 14615.45066469 -188.23618758 -0.00000000
5.249999999999989 16498.06826271 -191.85208552 -0.00000000
5.299999999999989 18267.97296413 -200.32556159 -0.00000000
5.349999999999989 19786.04865631 -213.89674954 -0.00000000
5.399999999999989 20982.02204691 -230.93124220 -0.00000000
5.449999999999989 21353.17387182 -236.85398995 -0.00000000
5.4999999999999885 21791.74989557 -245.37494269 -0.00000000
5.549999999999988 22271.46485425 -256.63069679 -0.00000000
5.599999999999988 22735.95539785 -270.11554630 -0.00000000
5.649999999999988 23069.74462350 -284.96681507 -0.00000000
5.699999999999988 23147.26368661 -300.29120892 -0.00000000
5.749999999999988 22852.87357230 -315.37344123 -0.00000000
5.799999999999987 21433.71662900 -341.86526965 -0.00000000
5.849999999999987 18759.94098276 -360.71464547 -0.00000000
5.899999999999987 16509.11426134 -357.18413323 -0.00000000
5.949999999999987 14837.35554377 -344.86537670 -0.00000000
5.999999999999987 13504.77106499 -336.59803302 -0.00000000
6.0499999999999865 12137.06341678 -337.98247138 -0.00000000
6.099999999999986 10497.55953030 -348.90384949 -0.00000000
6.149999999999986 8566.08913361 -364.48236396 -0.00000000
6.199999999999986 6487.34767063 -377.79958258 -0.00000000
6.249999999999986 4461.83478156 -383.38085524 -0.00000000
6.299999999999986 3145.59261629 -381.08962592 -0.00000000
6.349999999999985 2361.68126557 -377.67155686 -0.00000000
6.399999999999985 1377.53962106 -373.01573205 -0.00000000
6.449999999999985 230.43203977 -368.05180338 -0.00000000
6.499999999999985 -952.39770450 -363.36559997 -0.00000000
6.549999999999985 -1999.60849246 -359.17787003 -0.00000000
6.5999999999999845 -2731.38495865 -355.42681981 -0.00000000
6.649999999999984 -3173.78767541 -349.21908872 -0.00000000
6.699999999999984 -2133.46781291 -342.76542123 -0.00000000
6.749999999999984 -64.60061348 -339.92094974 -0.00000000
6.799999999999984 2339.46173766 -341.69046334 -0.00000000
6.849999999999984 4619.19124592 -349.06178802 -0.00000000
6.8999999999999835 6653.56668029 -360.76822178 -0.00000000
6.949999999999983 8542.99155201 -373.00767479 -0.00000000
6.999999999999983 10468.05453570 -381.37735154 -0.00000000
7.049999999999983 12566.82026140 -383.46369072 -0.00000000
7.099999999999983 14877.11145287 -380.28912398 -0.00000000
7.149999999999983 17338.24412073 -375.76694480 -0.00000000
7.199999999999982 19827.69247176 -374.62299693 -0.00000000
7.249999999999982 22206.48077890 -380.03629307 -0.00000000
7.299999999999982 23779.20066224 -388.11847175 -0.00000000
7.349999999999982 24749.08291028 -394.02668565 -0.00000000
7.399999999999982 26017.84264617 -402.48306825 -0.00000000
7.4499999999999815 27548.51037161 -412.41870842 -0.00000000
7.499999999999981 29179.99411898 -422.56380194 -0.00000000
7.549999999999981 32755.19799120 -451.95642506 -0.00000000
7.599999999999981 33324.14071577 -469.75214407 -0.00000000
7.649999999999981 31711.09669739 -483.40151602 -0.00000000
7.699999999999981 29323.41310007 -492.33911375 -0.00000000
7.7499999999999805 27189.50905006 -490.60494425 -0.00000000
7.79999999999998 25602.20905280 -476.70242600 -0.00000000
7.84999999999998 24297.44344141 -457.62532296 -0.00000000
7.89999999999998 22858.82653639 -444.31187273 -0.00000000
7.94999999999998 21016.33095656 -443.71835559 -0.00000000
7.99999999999998 18730.76787512 -454.17929814 -0.00000000
8.04999999999998 16126.83944103 -466.91895670 -0.00000000
8.09999999999998 13384.73692540 -471.32573295 -0.00000000
8.14999999999998 10667.50157127 -461.99647835 -0.00000000
8.199999999999982 8097.62046155 -441.12710987 -0.00000000
8.249999999999982 5753.92999574 -415.05076287 -0.00000000
8.299999999999983 3681.60203573 -391.25226954 -0.00000000
8.349999999999984 1905.97940857 -374.84303046 -0.00000000
8.399999999999984 446.51405914 -366.31576499 -0.00000000
8.449999999999985 -394.18719239 -362.85267154 -0.00000000
8.499999999999986 -854.27972511 -359.87526385 -0.00000000
8.549999999999986 -1339.24512460 -354.11064363 -0.00000000
8.599999999999987 -1743.96855174 -346.41767160 -0.00000000
8.649999999999988 -1970.07283552 -325.22694912 -0.00000000
8.699999999999989 -930.79006090 -315.70493353 -0.00000000
8.74999999999999 978.42591995 -310.87703913 -0.00000000
8.79999999999999 3307.09898615 -305.11263959 -0.00000000
8.84999999999999 5790.13529794 -299.40291931 -0.00000000
8.899999999999991 8348.62182244 -294.31892181 -0.00000000
8.949999999999992 11013.73317148 -290.35146144 -0.00000000
8.999999999999993 13833.26400694 -286.81856016 -0.00000000
9.049999999999994 16813.61292142 -281.60479675 -0.00000000
9.099999999999994 19905.89619865 -272.52555919 -0.00000000
9.149999999999995 23021.01869499 -258.58050345 -0.00000000
9.199999999999996 26055.31224209 -241.16031976 -0.00000000
9.249999999999996 28912.06805614 -221.89962182 -0.00000000
9.299999999999997 31512.31075811 -199.58247267 -0.00000000
9.349999999999998 33787.73209970 -174.89747679 -0.00000000
9.399999999999999 35686.61704875 -147.86818555 -0.00000000
9.45 37174.92444854 -118.74188469 -0.00000000
9.5 37675.57827808 -101.41370115 -0.00000000
9.55 38296.72640545 -75.21974154 -0.00000000
9.600000000000001 38926.30486215 -39.37389669 -0.00000000
9.650000000000002 39726.74065197 48.56367665 -0.00000000
9.700000000000003 38778.25700488 81.22811423 -0.00000000
9.750000000000004 36804.73156986 100.08534136 -0.00000000
9.800000000000004 34544.51380180 133.41377927 -0.00000000
9.850000000000005 32298.24757037 183.36977670 -0.00000000
9.900000000000006 29993.69055092 239.06995924 -0.00000000
9.950000000000006 27453.65887368 292.25331449 -0.00000000
10.000000000000007 24613.15477032 341.93518013 -0.00000000
10.050000000000008 18026.45000185 415.56193066 -0.00000000
10.100000000000009 12740.00780368 448.73150730 -0.00000000
10.15000000000001 10610.11251044 462.08876007 -0.00000000
10.20000000000001 10819.73527443 505.58078345 -0.00000000
10.25000000000001 11636.46793831 580.53542986 -0.00000000
10.300000000000011 11801.47114232 657.09825315 -0.00000000
10.350000000000012 10978.98724653 703.73398978 -0.00000000
10.400000000000013 9504.76465226 714.34536719 -0.00000000
10.450000000000014 7908.43422837 706.18786137 -0.00000000
10.500000000000014 6576.91068141 707.73986061 -0.00000000
10.550000000000015 5874.16855625 723.68526306 -0.00000000
10.600000000000016 5488.61676840 735.10581964 -0.00000000
10.650000000000016 5004.16762206 754.77761885 -0.00000000
10.700000000000017 4417.32900868 777.82863373 -0.00000000
10.750000000000018 3348.55486769 816.09427270 -0.00000000
10.800000000000018 2589.30900101 822.19806931 -0.00000000
10.85000000000002 2570.39280159 781.30915681 -0.00000000
10.90000000000002 2843.24370744 747.93544790 -0.00000000
10.95000000000002 3103.32809088 733.85551163 -0.00000000
11.000000000000021 3285.49421323 734.58241140 -0.00000000
11.050000000000022 3444.31076961 741.75560197 -0.00000000
11.100000000000023 3660.87145293 754.50056781 -0.00000000
11.150000000000023 3995.11972806 770.42892368 -0.00000000
11.200000000000024 4468.86447831 787.01877440 -0.00000000
11.250000000000025 5074.02735253 802.33110332 -0.00000000
11.300000000000026 5790.39110143 816.06458843 -0.00000000
11.350000000000026 6597.92150187 831.24780150 -0.00000000
11.400000000000027 7481.91967822 850.62695819 -0.00000000
11.450000000000028 8431.20121538 878.13247150 -0.00000000
11.500000000000028 9435.50758632 911.44339585 -0.00000000
11.55000000000003 10487.24830304 948.58610996 -0.00000000
11.60000000000003 11581.78504297 989.34115342 -0.00000000
11.65000000000003 12715.07821849 1034.26602276 -0.00000000
11.700000000000031 13880.61736842 1079.47960813 -0.00000000
11.750000000000032 15068.80352663 1126.54432130 -0.00000000
11.800000000000033 16267.53522850 1183.87074604 -0.00000000
11.850000000000033 17463.37664103 1253.97863809 -0.00000000
11.900000000000034 18643.84460703 1334.65301170 -0.00000000
11.950000000000035 19798.86076155 1422.70175526 -0.00000000
12.000000000000036 20624.73482578 1493.12633653 -0.00000000
12.050000000000036 21196.11525278 1546.67733324 -0.00000000
12.100000000000037 22011.47082743 1627.66836141 -0.00000000
12.150000000000038 23909.92342387 1817.38684222 -0.00000000
12.200000000000038 26075.28035443 2034.67047907 -0.00000000
12.250000000000039 27049.89271990 2145.74618173 -0.00000000
12.30000000000004 27222.42676687 2210.27761465 -0.00000000
12.35000000000004 27196.95047176 2286.65618529 -0.00000000
12.400000000000041 27362.79810044 2401.59093513 -0.00000000
12.450000000000042 27801.29851554 2550.60643466 -0.00000000
12.500000000000043 28374.94635539 2713.86063020 -0.00000000
12.550000000000043 28892.36350605 2872.84127183 -0.00000000
12.600000000000044 29223.42462247 3018.79237911 -0.00000000
12.650000000000045 29330.39524682 3151.75811947 -0.00000000
12.700000000000045 29243.26009084 3277.96007230 -0.00000000
12.750000000000046 29016.74019100 3404.70881737 -0.00000000
12.800000000000047 28697.20915509 3536.22167294 -0.00000000
12.850000000000048 28308.88213327 3671.88232880 -0.00000000
12.900000000000048 27854.64104019 3807.27640410 -0.00000000
12.950000000000049 27324.29714939 3937.14587365 -0.00000000
13.00000000000005 26704.66254042 4058.08535864 -0.00000000
13.05000000000005 25987.57011397 4169.51605499 -0.00000000
13.100000000000051 25173.77718951 4272.87272655 -0.00000000
13.150000000000052 24272.56908981 4370.03489208 -0.00000000
13.200000000000053 23298.07001614 4462.58023658 -0.00000000
13.250000000000053 22266.68288843 4550.58754447 -0.00000000
13.300000000000054 21193.38489398 4632.62572422 -0.00000000
13.350000000000055 20088.92723175 4707.26734876 -0.00000000
13.400000000000055 18959.56174813 4773.88873693 -0.00000000
13.450000000000056 17810.81376993 4832.73543542 -0.00000000
13.500000000000057 16651.51098915 4885.29021944 -0.00000000
13.550000000000058 15491.22639215 4932.56144090 -0.00000000
13.600000000000058 15005.82930710 4952.01874231 -0.00000000
13.650000000000059 14244.01538141 4982.00542642 -0.00000000
13.70000000000006 13202.76798512 5022.81359500 -0.00000000
13.75000000000006 10132.46818246 5126.30458071 -0.00000000
13.800000000000061 8514.17954290 5143.55691315 -0.00000000
13.850000000000062 8056.65023843 5119.75953807 -0.00000000
13.900000000000063 8046.78264641 5113.67251789 -0.00000000
13.950000000000063 7912.36652879 5141.29464951 -0.00000000
14.000000000000064 7429.75599323 5179.75593104 -0.00000000
14.050000000000065 6687.15281567 5201.39056350 -0.00000000
14.100000000000065 5906.44384382 5201.10736680 -0.00000000
14.150000000000066 5278.72644986 5192.85734731 -0.00000000
14.200000000000067 4892.47932107 5193.71234917 -0.00000000
14.250000000000068 4741.04084273 5209.87528468 -0.00000000
14.300000000000068 4767.23264658 5235.68340669 -0.00000000
14.350000000000069 4906.88637678 5259.17316486 -0.00000000
14.40000000000007 5116.64328985 5269.89425060 -0.00000000
14.45000000000007 5385.05749864 5270.85800743 -0.00000000
14.500000000000071 5723.55468487 5270.59084145 -0.00000000
14.550000000000072 6152.74171816 5281.12770256 -0.00000000
14.600000000000072 6689.50976918 5303.62311201 -0.00000000
14.650000000000073 7338.30312075 5323.95204574 -0.00000000
14.700000000000074 8091.76243520 5334.80902858 -0.00000000
14.750000000000075 8936.07084467 5336.00146566 -0.00000000
14.800000000000075 9856.49425098 5329.19931983 -0.00000000
14.850000000000076 10837.96765660 5319.25959256 -0.00000000
14.900000000000077 11867.65302060 5311.16580005 -0.00000000
14.950000000000077 12937.53257530 5306.65653167 -0.00000000
15.000000000000078 14041.64301681 5306.06455269 -0.00000000
15.050000000000079 15173.75783448 5309.00667228 -0.00000000
15.10000000000008 16328.27105756 5312.46526488 -0.00000000
15.15000000000008 17496.97496622 5314.47377426 -0.00000000
15.200000000000081 18667.91840874 5315.71434959 -0.00000000
15.250000000000082 19149.08158424 5317.80018037 -0.00000000
15.300000000000082 19876.53808798 5321.24372396 -0.00000000
15.350000000000083 22298.40051363 5331.74103820 -0.00000000
15.400000000000084 24019.05901113 5349.73782519 -0.00000000
15.450000000000085 24965.86904090 5370.89381351 -0.00000000
15.500000000000085 25454.09170373 5385.28122212 -0.00000000
15.550000000000086 25842.49614185 5390.41836971 -0.00000000
15.600000000000087 26360.22880551 5393.03725854 -0.00000000
15.650000000000087 27044.69952397 5402.66052466 -0.00000000
15.700000000000088 27800.94778799 5423.46079275 -0.00000000
15.750000000000089 28498.51767426 5453.94250511 -0.00000000
15.80000000000009 29038.70641104 5486.83968098 -0.00000000
15.85000000000009 29381.78552196 5513.22369267 -0.00000000
15.900000000000091 29543.77428014 5533.24637934 -0.00000000
15.950000000000092 29561.56417267 5542.10671088 -0.00000000
16.000000000000092 29471.77666645 5539.04220721 -0.00000000
16.050000000000093 29297.69071572 5527.82791987 -0.00000000
16.100000000000094 29044.71282230 5512.52379762 -0.00000000
16.150000000000095 28703.89398249 5493.04389337 -0.00000000
16.200000000000095 28261.02036559 5465.07293257 -0.00000000
16.250000000000096 27703.56474095 5426.64739414 -0.00000000
16.300000000000097 27032.13866752 5381.69660386 -0.00000000
16.350000000000097 26256.42700902 5333.69045035 -0.00000000
16.400000000000098 25390.09745734 5283.37987941 -0.00000000
16.4500000000001 24446.11938537 5229.11129606 -0.00000000
16.5000000000001 23435.38310332 5168.99899436 -0.00000000
16.5500000000001 22366.63211393 5101.81348235 -0.00000000
16.6000000000001 21247.13009985 5027.25412983 -0.00000000
16.6500000000001 20084.18528591 4946.71577915 -0.00000000
16.700000000000102 18886.05857912 4862.25320656 -0.00000000
16.750000000000103 17662.44362231 4775.83097058 -0.00000000
16.800000000000104 16424.57251468 4688.81904716 -0.00000000
16.850000000000104 15184.91281434 4601.94048173 -0.00000000
16.900000000000105 14668.58509441 4564.79650184 -0.00000000
16.950000000000106 12763.96136276 4440.29053360 -0.00000000
17.000000000000107 11201.14443917 4332.16831022 -0.00000000
17.050000000000107 10044.05638933 4240.90484235 -0.00000000
17.100000000000108 9158.78605893 4168.04254846 -0.00000000
17.15000000000011 8370.22844527 4113.39943716 -0.00000000
17.20000000000011 7565.31110098 4066.95849337 -0.00000000
17.25000000000011 6721.38074920 4015.36683272 -0.00000000
17.30000000000011 5886.02378867 3954.30990724 -0.00000000
17.35000000000011 5124.91133692 3888.20636811 -0.00000000
17.400000000000112 4487.02621855 3825.39940418 -0.00000000
17.450000000000113 3994.66592218 3771.38295488 -0.00000000
17.500000000000114 3643.88261648 3725.08825970 -0.00000000
17.550000000000114 3415.86822690 3677.03194738 -0.00000000
17.600000000000115 3292.45986598 3620.25594558 -0.00000000
17.650000000000116 3262.95812067 3559.40656688 -0.00000000
17.700000000000117 3331.78278681 3501.09198449 -0.00000000
17.750000000000117 3508.78769051 3442.75044813 -0.00000000
17.800000000000118 3803.50365941 3382.04755357 -0.00000000
17.85000000000012 4218.52379581 3317.92151349 -0.00000000
17.90000000000012 4748.38895339 3250.34266586 -0.00000000
17.95000000000012 5383.58808037 3178.94618316 -0.00000000
18.00000000000012 6113.02232631 3101.90661064 -0.00000000
18.05000000000012 6926.51057139 3018.66807038 -0.00000000
18.100000000000122 7815.41603466 2929.60192163 -0.00000000
18.150000000000123 8772.05197261 2835.37306289 -0.00000000
18.200000000000124 9789.03459869 2736.72716493 -0.00000000
18.250000000000124 10858.58248089 2634.32105282 -0.00000000
18.300000000000125 11972.08292571 2528.57482477 -0.00000000
18.350000000000126 13119.90973261 2419.52592557 -0.00000000
18.400000000000126 14291.16808652 2306.67084020 -0.00000000
18.450000000000127 15474.34433982 2189.56230279 -0.00000000
18.500000000000128 16658.28095723 2068.26531027 -0.00000000
18.55000000000013 17143.68546471 2011.33594302 -0.00000000
18.60000000000013 18922.37417160 1805.26589443 -0.00000000
18.65000000000013 20449.70961977 1646.22693779 -0.00000000
18.70000000000013 21616.44932217 1528.16162098 -0.00000000
18.75000000000013 22501.11770390 1419.21278413 -0.00000000
18.800000000000132 23259.58597995 1292.72816443 -0.00000000
18.850000000000133 24017.94552463 1143.99575864 -0.00000000
18.900000000000134 24818.05338470 985.36831892 -0.00000000
18.950000000000134 25627.75849366 831.35120068 -0.00000000
19.000000000000135 26383.24168814 688.71439704 -0.00000000
19.050000000000136 27027.97859224 555.64838115 -0.00000000
19.100000000000136 27532.70971825 425.92049290 -0.00000000
19.150000000000137 27896.40826058 294.25144033 -0.00000000
19.200000000000138 28134.97152281 160.32029739 -0.00000000
19.25000000000014 28262.48275117 26.57610199 -0.00000000
19.30000000000014 28287.50391894 -100.26107917 -0.00000000
19.35000000000014 28213.92102836 -215.29673855 -0.00000000
19.40000000000014 28038.17084586 -321.04900426 -0.00000000
19.45000000000014 27753.62579013 -423.21510246 -0.00000000
19.500000000000142 27354.04405555 -528.13377844 -0.00000000
19.550000000000143 26838.27614584 -637.04170445 -0.00000000
19.600000000000144 26206.94384439 -743.56013265 -0.00000000
19.650000000000144 25471.01990725 -844.35030613 -0.00000000
19.700000000000145 24645.58908860 -940.65874834 -0.00000000
19.750000000000146 23742.31373340 -1034.15079292 -0.00000000
19.800000000000146 22768.99770513 -1125.65289522 -0.00000000
19.850000000000147 21731.20250893 -1215.29703020 -0.00000000
19.900000000000148 20634.10925573 -1302.39192357 -0.00000000
19.95000000000015 19484.33636418 -1386.46434412 -0.00000000
20.00000000000015 18291.78956310 -1467.79744296 -0.00000000
20.05000000000015 17067.92785857 -1546.32133489 -0.00000000
20.10000000000015 15824.81545619 -1621.87608555 -0.00000000
20.15000000000015 14574.68897502 -1694.24030800 -0.00000000
20.200000000000152 14055.05147025 -1725.53180772 -0.00000000
20.250000000000153 12131.48863194 -1825.46047648 -0.00000000
20.300000000000153 10527.15036238 -1913.51900723 -0.00000000
20.350000000000154 9318.12766773 -1982.09612517 -0.00000000
20.400000000000155 8383.27682821 -2029.85776959 -0.00000000
20.450000000000156 7550.40494020 -2063.35459406 -0.00000000
20.500000000000156 6703.60933780 -2094.71582838 -0.00000000
20.550000000000157 5814.76601870 -2134.77312423 -0.00000000
20.600000000000158 4927.81022869 -2184.59745945 -0.00000000
20.65000000000016 4107.44891283 -2238.28424967 -0.00000000
20.70000000000016 3404.51805930 -2286.60274404 -0.00000000
20.75000000000016 2843.93039167 -2323.44445285 -0.00000000
20.80000000000016 2425.85956157 -2349.47918055 -0.00000000
20.85000000000016 2133.41592792 -2373.85926756 -0.00000000
20.900000000000162 1946.68723831 -2405.39166234 -0.00000000
20.950000000000163 1856.10639109 -2444.20104857 -0.00000000
21.000000000000163 1860.58836350 -2492.11018422 -0.00000000
21.050000000000164 1973.35541055 -2539.52657508 -0.00000000
21.100000000000165 2202.77935980 -2582.75795830 -0.00000000
21.150000000000166 2551.16333887 -2623.46356765 -0.00000000
21.200000000000166 3014.85433072 -2665.11450016 -0.00000000
21.250000000000167 3586.71319021 -2709.41332225 -0.00000000
21.300000000000168 4257.83181642 -2758.10952930 -0.00000000
21.35000000000017 5019.02637328 -2812.19107845 -0.00000000
21.40000000000017 5862.39486745 -2871.82701250 -0.00000000
21.45000000000017 6780.62290305 -2938.01185855 -0.00000000
21.50000000000017 7766.08602745 -3010.27170445 -0.00000000
21.55000000000017 8810.17860789 -3087.36970744 -0.00000000
21.600000000000172 9904.65615012 -3168.49709323 -0.00000000
21.650000000000173 11041.65192609 -3253.07026974 -0.00000000
21.700000000000173 12211.92617790 -3341.06103738 -0.00000000
21.750000000000174 13404.87130808 -3432.59443983 -0.00000000
21.800000000000175 14609.28769484 -3527.62234046 -0.00000000
21.850000000000176 15103.00007531 -3572.38276115 -0.00000000
21.900000000000176 16945.37196763 -3731.39518453 -0.00000000
21.950000000000177 18531.63440255 -3856.73812325 -0.00000000
22.000000000000178 19762.56458771 -3952.65174165 -0.00000000
22.05000000000018 20708.93763409 -4037.44449030 -0.00000000
22.10000000000018 21534.31528234 -4127.05894561 -0.00000000
22.15000000000018 22368.55638241 -4226.36305144 -0.00000000
22.20000000000018 23258.25102300 -4330.70720443 -0.00000000
22.25000000000018 24169.86941187 -4433.26082799 -0.00000000
22.300000000000182 25035.24978501 -4530.01836308 -0.00000000
22.350000000000183 25794.92596013 -4620.80593777 -0.00000000
22.400000000000183 26419.64218520 -4707.18888850 -0.00000000
22.450000000000184 26907.13006270 -4789.04605641 -0.00000000
22.500000000000185 27270.18008869 -4864.53355887 -0.00000000
22.550000000000185 27524.70781811 -4931.61743978 -0.00000000
22.600000000000186 27680.00822914 -4989.69230908 -0.00000000
22.650000000000187 27735.47842857 -5043.45421397 -0.00000000
22.700000000000188 27684.01431879 -5095.75562808 -0.00000000
22.75000000000019 27519.29310719 -5143.38745857 -0.00000000
22.80000000000019 27239.21695676 -5181.83224226 -0.00000000
22.85000000000019 26846.15521197 -5211.43449823 -0.00000000
22.90000000000019 26341.94412097 -5234.57220565 -0.00000000
22.95000000000019 25731.29688003 -5252.03207853 -0.00000000
23.000000000000192 25021.53037339 -5263.01208705 -0.00000000
23.050000000000193 24220.66792769 -5266.39940035 -0.00000000
23.100000000000193 23337.09416539 -5261.81950919 -0.00000000
23.150000000000194 22379.07751210 -5249.99142718 -0.00000000
23.200000000000195 21354.58702295 -5232.24601625 -0.00000000
23.250000000000195 20271.88132829 -5209.69949867 -0.00000000
23.300000000000196 19140.07156114 -5182.77663292 -0.00000000
23.350000000000197 17969.47001189 -5150.91789153 -0.00000000
23.400000000000198 16771.73310922 -5113.70094939 -0.00000000
23.4500000000002 15559.07001343 -5071.02808004 -0.00000000
23.5000000000002 15057.67344069 -5051.48978139 -0.00000000
23.5500000000002 13665.65837204 -4997.33100329 -0.00000000
23.6000000000002 11638.08183109 -4919.14040124 -0.00000000
23.6500000000002 10135.08764816 -4847.94654228 -0.00000000
23.700000000000202 9154.56472401 -4780.62285399 -0.00000000
23.750000000000203 8423.64240342 -4724.69493661 -0.00000000
23.800000000000203 7709.56431104 -4678.90734436 -0.00000000
23.850000000000204 6893.11140699 -4639.94759528 -0.00000000
23.900000000000205 5989.25293263 -4600.19659124 -0.00000000
23.950000000000205 5093.85752843 -4552.88047047 -0.00000000
24.000000000000206 4300.36720377 -4498.32354036 -0.00000000
24.050000000000207 3662.14684488 -4438.71562601 -0.00000000
24.100000000000207 3189.31703099 -4379.07035795 -0.00000000
24.150000000000208 2862.02987620 -4322.96352080 -0.00000000
24.20000000000021 2651.86437591 -4270.96434780 -0.00000000
24.25000000000021 2538.99275967 -4221.70819205 -0.00000000
24.30000000000021 2516.84543182 -4172.57650868 -0.00000000
24.35000000000021 2590.01502794 -4122.30557387 -0.00000000
24.40000000000021 2767.66579421 -4071.72871944 -0.00000000
24.450000000000212 3058.02602051 -4021.93189458 -0.00000000
24.500000000000213 3463.96803201 -3973.95346325 -0.00000000
24.550000000000214 3982.28360940 -3928.29053003 -0.00000000
24.600000000000215 4605.34237023 -3884.00526497 -0.00000000
24.650000000000215 5323.11403016 -3839.46489319 -0.00000000
24.700000000000216 6125.56564616 -3793.73768328 -0.00000000
24.750000000000217 7003.95771500 -3745.76271059 -0.00000000
24.800000000000217 7950.91218125 -3694.24268113 -0.00000000
24.850000000000218 8959.87997760 -3638.97334450 -0.00000000
24.90000000000022 10024.06676284 -3580.60706054 -0.00000000
24.95000000000022 11135.44063228 -3518.48083682 -0.00000000
25.00000000000022 12284.33654759 -3450.59921589 -0.00000000
25.05000000000022 13459.87303920 -3375.64041943 -0.00000000
25.10000000000022 14650.66991566 -3293.38482044 -0.00000000
25.150000000000222 15845.45775791 -3204.15610695 -0.00000000
25.200000000000223 16333.84150872 -3160.87892551 -0.00000000
25.250000000000224 18125.46292273 -2989.60334672 -0.00000000
25.300000000000225 19686.15952760 -2857.63410595 -0.00000000
25.350000000000225 20881.68419442 -2764.67850065 -0.00000000
25.400000000000226 21794.26170597 -2674.81031232 -0.00000000
25.450000000000227 22573.22393368 -2555.63245869 -0.00000000
25.500000000000227 23349.34955757 -2401.02442414 -0.00000000
25.550000000000228 24170.93477803 -2225.00296519 -0.00000000
25.60000000000023 25008.19628143 -2044.27734400 -0.00000000
25.65000000000023 25796.91694082 -1867.29314190 -0.00000000
25.70000000000023 26478.65910027 -1690.89807336 -0.00000000
25.75000000000023 27022.98628315 -1505.48940770 -0.00000000
25.80000000000023 27427.44124782 -1303.71789798 -0.00000000
25.850000000000232 27704.09227054 -1085.16121073 -0.00000000
25.900000000000233 27868.34745050 -856.89031756 -0.00000000
25.950000000000234 27929.99673715 -629.27862714 -0.00000000
26.000000000000234 27891.12737129 -409.00966391 -0.00000000
26.050000000000235 27748.02774525 -192.72913563 -0.00000000
26.100000000000236 27496.52713344 25.52216060 -0.00000000
26.150000000000237 27133.88609787 248.20430316 -0.00000000
26.200000000000237 26659.70724277 473.73967624 -0.00000000
26.250000000000238 26077.28732748 698.54432337 -0.00000000
26.30000000000024 25392.64107616 920.10055449 -0.00000000
26.35000000000024 24612.57688520 1136.62051642 -0.00000000
26.40000000000024 23746.58640872 1348.86216336 -0.00000000
26.45000000000024 22803.63185525 1557.01412582 -0.00000000
26.50000000000024 21791.87386657 1760.37464839 -0.00000000
26.550000000000242 20719.04556297 1958.15660074 -0.00000000
26.600000000000243 19592.99424644 2149.60138522 -0.00000000
26.650000000000244 18422.66379715 2334.04663689 -0.00000000
26.700000000000244 17218.67112995 2510.91601803 -0.00000000
26.750000000000245 15993.06841409 2679.83123853 -0.00000000
26.800000000000246 14758.12273796 2840.27844624 -0.00000000
26.850000000000247 14249.18545588 2907.47079005 -0.00000000
26.900000000000247 12364.28470324 3129.89632971 -0.00000000
26.950000000000248 10766.45263276 3306.04003672 -0.00000000
27.00000000000025 9550.13155608 3443.36318650 -0.00000000
27.05000000000025 8608.28093366 3556.74860110 -0.00000000
27.10000000000025 7767.85212485 3659.93431073 -0.00000000
27.15000000000025 6912.55075490 3761.40485635 -0.00000000
27.20000000000025 6019.53170809 3865.96307595 -0.00000000
27.250000000000252 5124.67770194 3970.54104158 -0.00000000
27.300000000000253 4284.83916033 4070.44116435 -0.00000000
27.350000000000254 3555.83962437 4164.40662313 -0.00000000
27.400000000000254 2970.36119793 4254.36401597 -0.00000000
27.450000000000255 2530.94640274 4343.00191008 -0.00000000
27.500000000000256 2222.53271720 4432.74936760 -0.00000000
27.550000000000257 2025.14414295 4530.47001767 -0.00000000
27.600000000000257 1928.97528131 4633.05492696 -0.00000000
27.650000000000258 1933.21021589 4736.62789693 -0.00000000
27.70000000000026 2041.94363519 4839.02533145 -0.00000000
27.75000000000026 2260.90672766 4938.88576739 -0.00000000
27.80000000000026 2594.23006436 5036.61832057 -0.00000000
27.85000000000026 3041.38274603 5133.18984043 -0.00000000
27.90000000000026 3597.06522573 5230.60513719 -0.00000000
27.950000000000262 4253.01705141 5331.32218600 -0.00000000
28.000000000000263 5000.60606644 5437.75607849 -0.00000000
28.050000000000264 5831.68741191 5547.96463682 -0.00000000
28.100000000000264 6737.80081191 5662.18932170 -0.00000000
28.150000000000265 7711.55369224 5781.19600720 -0.00000000
28.200000000000266 8746.01196165 5906.83146110 -0.00000000
28.250000000000266 9835.12307188 6040.75797536 -0.00000000
28.300000000000267 10970.31199478 6180.85620089 -0.00000000
28.350000000000268 12142.04638909 6325.56749567 -0.00000000
28.40000000000027 13339.43829208 6475.04036938 -0.00000000
28.45000000000027 14551.11067412 6630.33571028 -0.00000000
28.50000000000027 15047.06741347 6702.94015424 -0.00000000
28.55000000000027 16916.44831534 6979.29295767 -0.00000000
28.60000000000027 18519.44938724 7201.23882336 -0.00000000
28.650000000000272 19764.95156933 7370.60566330 -0.00000000
28.700000000000273 20729.52832971 7523.00142883 -0.00000000
28.750000000000274 21579.30473049 7693.23143594 -0.00000000
28.800000000000274 22441.95326337 7894.93899460 -0.00000000
28.850000000000275 23362.54519817 8117.44656905 -0.00000000
28.900000000000276 24309.48528860 8342.71064300 -0.00000000
28.950000000000276 25214.38720708 8559.18014365 -0.00000000
29.000000000000277 26016.52978771 8763.66923187 -0.00000000
29.050000000000278 26685.84872676 8959.34191222 -0.00000000
29.10000000000028 27221.57939697 9153.47976034 -0.00000000
29.15000000000028 27638.81892380 9350.77113099 -0.00000000
29.20000000000028 27953.67993949 9550.45550139 -0.00000000
29.25000000000028 28176.67864379 9750.39479082 -0.00000000
29.30000000000028 28312.47648763 9951.63658941 -0.00000000
29.350000000000282 28350.80898187 10143.58194777 -0.00000000
29.400000000000283 28281.26908852 10321.15196155 -0.00000000
29.450000000000284 28093.91849072 10486.34195218 -0.00000000
29.500000000000284 27785.87401411 10637.37663564 -0.00000000
29.550000000000285 27368.38725055 10776.96175762 -0.00000000
29.600000000000286 26854.07461596 10905.13765217 -0.00000000
29.650000000000286 26249.14553837 11018.73361594 -0.00000000
29.700000000000287 25558.34420425 11115.15902233 -0.00000000
29.750000000000288 24786.51096340 11196.59878443 -0.00000000
29.80000000000029 23938.71391608 11264.97855912 -0.00000000
29.85000000000029 23021.80370058 11321.41547201 -0.00000000
29.90000000000029 22043.84314210 11365.78760403 -0.00000000
29.95000000000029 21014.09160692 11395.88826867 -0.00000000
30.00000000000029 19944.17271939 11411.11695399 -0.00000000
30.050000000000292 18844.15924299 11412.82261834 -0.00000000
30.100000000000293 17724.27899463 11403.77156884 -0.00000000
30.150000000000293 16592.94167121 11384.80850726 -0.00000000
30.200000000000294 16121.94319077 11373.95072360 -0.00000000
30.250000000000295 14365.11314791 11324.18475333 -0.00000000
30.300000000000296 12878.32729559 11265.93109788 -0.00000000
30.350000000000296 11775.64744186 11199.52807795 -0.00000000
30.400000000000297 10925.57413667 11133.41276547 -0.00000000
30.450000000000298 10162.80569549 11074.81480022 -0.00000000
30.5000000000003 9378.45114579 11021.70107679 -0.00000000
30.5500000000003 8556.78345084 10965.37503626 -0.00000000
30.6000000000003 7740.00215084 10899.67433264 -0.00000000
30.6500000000003 6992.25494048 10826.07819642 -0.00000000
30.7000000000003 6363.46641185 10751.36495940 -0.00000000
30.750000000000302 5873.51469708 10680.47532840 -0.00000000
30.800000000000303 5515.67960328 10617.38960436 -0.00000000
30.850000000000303 5274.37604645 10557.94758236 -0.00000000
30.900000000000304 5136.55719228 10496.45486338 -0.00000000
30.950000000000305 5096.61676935 10430.10512576 -0.00000000
31.000000000000306 5156.16427049 10358.42850367 -0.00000000
31.050000000000306 5320.62332818 10282.58765639 -0.00000000
31.100000000000307 5596.12197074 10202.74336315 -0.00000000
31.150000000000308 5980.49294457 10124.95677529 -0.00000000
31.20000000000031 6468.06608841 10051.57074933 -0.00000000
31.25000000000031 7060.95071525 9969.62842576 -0.00000000
31.30000000000031 7757.46649109 9872.98318827 -0.00000000
31.35000000000031 8549.51689004 9762.65398797 -0.00000000
31.40000000000031 9425.06306198 9642.23106425 -0.00000000
31.450000000000312 10372.01673430 9514.04531648 -0.00000000
31.500000000000313 11380.30406490 9378.90653813 -0.00000000
31.550000000000313 12441.77848883 9236.77570610 -0.00000000
31.600000000000314 13548.97128910 9086.60188036 -0.00000000
31.650000000000315 14693.85363280 8926.93377351 -0.00000000
31.700000000000315 15866.84586751 8756.55383605 -0.00000000
31.750000000000316 17056.86063420 8574.73411885 -0.00000000
31.800000000000317 18252.16152123 8381.20659155 -0.00000000
31.850000000000318 18741.11756013 8292.61810141 -0.00000000
31.90000000000032 20539.02592753 7950.33672277 -0.00000000
31.95000000000032 22101.37456844 7665.26688612 -0.00000000
32.00000000000032 23300.93667920 7439.42804172 -0.00000000
32.05000000000032 24210.49307402 7228.28223060 -0.00000000
32.100000000000314 24983.28987353 6988.43349945 -0.00000000
32.15000000000031 25753.59714088 6704.87757037 -0.00000000
32.20000000000031 26574.77048369 6390.07422197 -0.00000000
32.250000000000306 27419.23299319 6065.07924291 -0.00000000
32.3000000000003 28218.92160490 5739.81231493 -0.00000000
32.3500000000003 28909.27730498 5410.17792247 -0.00000000
32.4000000000003 29454.42708623 5065.72847575 -0.00000000
32.450000000000294 29850.22911710 4700.71556984 -0.00000000
32.50000000000029 30113.33189123 4317.29748490 -0.00000000
32.55000000000029 30266.40005388 3923.53453789 -0.00000000
32.600000000000286 30323.00898628 3523.31447705 -0.00000000
32.65000000000028 30287.74733749 3117.25713321 -0.00000000
32.70000000000028 30153.40162956 2702.92520030 -0.00000000
32.75000000000028 29908.87018413 2278.60419128 -0.00000000
32.800000000000274 29548.67893827 1844.45686929 -0.00000000
32.85000000000027 29072.89394080 1399.46273545 -0.00000000
32.90000000000027 28488.36239989 946.91481577 -0.00000000
32.950000000000266 27804.87381071 491.97307551 -0.00000000
33.00000000000026 27032.75289117 38.44318598 -0.00000000
33.05000000000026 26181.15526352 -412.25086832 -0.00000000
33.10000000000026 25257.33076892 -859.78178421 -0.00000000
33.150000000000254 24267.43391824 -1303.72476866 -0.00000000
33.20000000000025 23217.68786017 -1742.49709826 -0.00000000
33.25000000000025 22115.97003247 -2174.43404733 -0.00000000
33.300000000000246 20972.02532693 -2598.22319056 -0.00000000
33.35000000000024 19795.32281271 -3012.88916452 -0.00000000
33.40000000000024 18596.32177314 -3415.91758526 -0.00000000
33.45000000000024 17384.97269032 -3805.82066858 -0.00000000
33.500000000000234 16885.72833523 -3981.29174609 -0.00000000
33.55000000000023 15009.53430075 -4591.33699520 -0.00000000
33.60000000000023 13437.24873041 -5023.43783078 -0.00000000
33.650000000000226 12247.84773324 -5317.57241613 -0.00000000
33.70000000000022 11334.69977567 -5562.56716830 -0.00000000
33.75000000000022 10519.79240635 -5817.66102067 -0.00000000
33.80000000000022 9680.48239818 -6094.88559165 -0.00000000
33.850000000000215 8790.60579975 -6379.56979290 -0.00000000
33.90000000000021 7896.05052356 -6652.52494597 -0.00000000
33.95000000000021 7067.85065722 -6903.60344685 -0.00000000
34.000000000000206 6360.25465266 -7132.09213619 -0.00000000
34.0500000000002 5791.23111884 -7345.83307565 -0.00000000
34.1000000000002 5359.31943416 -7546.84649378 -0.00000000
34.1500000000002 5054.07789043 -7733.94828167 -0.00000000
34.200000000000195 4864.95418338 -7908.15674935 -0.00000000
34.25000000000019 4784.01233563 -8074.82367062 -0.00000000
34.30000000000019 4809.43198022 -8235.27687911 -0.00000000
34.350000000000186 4942.76785722 -8392.95094199 -0.00000000
34.40000000000018 5189.71488796 -8550.34411249 -0.00000000
34.45000000000018 5554.97049103 -8707.76440142 -0.00000000
34.50000000000018 6040.38280275 -8865.61634163 -0.00000000
34.550000000000175 6637.65286898 -9023.48570335 -0.00000000
34.60000000000017 7335.03210575 -9187.79000606 -0.00000000
34.65000000000017 8125.22939735 -9357.19877946 -0.00000000
34.700000000000166 9001.26890853 -9532.01624632 -0.00000000
34.75000000000016 9956.80879637 -9713.08772874 -0.00000000
34.80000000000016 10985.88277261 -9902.35538904 -0.00000000
34.85000000000016 12081.39753810 -10100.78293031 -0.00000000
34.900000000000155 13234.53878299 -10307.37114001 -0.00000000
34.95000000000015 14435.10802122 -10521.88669020 -0.00000000
35.00000000000015 15671.83830789 -10744.80403401 -0.00000000
35.050000000000146 16932.88567125 -10976.44856485 -0.00000000
35.10000000000014 18206.64751926 -11215.58766325 -0.00000000
35.15000000000014 18728.71277190 -11326.30785866 -0.00000000
35.20000000000014 20689.24173478 -11714.57795160 -0.00000000
35.250000000000135 22367.07140945 -12023.31843464 -0.00000000
35.30000000000013 23676.57665430 -12273.57872334 -0.00000000
35.35000000000013 24687.71432239 -12508.67867832 -0.00000000
35.40000000000013 25571.31417291 -12754.24157926 -0.00000000
35.450000000000124 26460.51036618 -13013.73595167 -0.00000000
35.50000000000012 27405.97242887 -13275.67472307 -0.00000000
35.55000000000012 28379.57278607 -13526.17000638 -0.00000000
35.600000000000115 29317.13399325 -13758.04573856 -0.00000000
35.65000000000011 30160.15374180 -13976.78327211 -0.00000000
35.70000000000011 30870.68992257 -14185.85253519 -0.00000000
35.75000000000011 31438.44830190 -14381.25495770 -0.00000000
35.800000000000104 31877.04839563 -14559.06953666 -0.00000000
35.8500000000001 32209.39695875 -14716.73923878 -0.00000000
35.9000000000001 32453.29469662 -14852.91638093 -0.00000000
35.950000000000095 32610.96945805 -14967.30571513 -0.00000000
36.00000000000009 32673.87772008 -15058.44526476 -0.00000000
36.05000000000009 32631.35265540 -15123.83997228 -0.00000000
36.10000000000009 32474.00834257 -15159.64132976 -0.00000000
36.150000000000084 32196.67047440 -15161.00302105 -0.00000000
36.20000000000008 31799.58319210 -15123.86718530 -0.00000000
36.25000000000008 31289.18418567 -15045.92616701 -0.00000000
36.300000000000075 30675.84029684 -14928.16690614 -0.00000000
36.35000000000007 29969.03636762 -14773.33053433 -0.00000000
36.40000000000007 29175.04524144 -14584.50125298 -0.00000000
36.45000000000007 28296.97371246 -14362.27960488 -0.00000000
36.500000000000064 27338.37536928 -14107.57585448 -0.00000000
36.55000000000006 26307.54772649 -13823.93034317 -0.00000000
36.60000000000006 25214.36562004 -13514.05136603 -0.00000000
36.650000000000055 24069.49380555 -13179.78205321 -0.00000000
36.70000000000005 22882.15185069 -12823.37344783 -0.00000000
36.75000000000005 21663.75498534 -12448.52240845 -0.00000000
36.80000000000005 20427.67466211 -12054.93668846 -0.00000000
36.850000000000044 19907.80320382 -11867.20031416 -0.00000000
36.90000000000004 17973.43713439 -11191.13540988 -0.00000000
36.95000000000004 16325.19620558 -10681.92738331 -0.00000000
37.000000000000036 15070.28655885 -10280.18639937 -0.00000000
37.05000000000003 14086.63935729 -9897.33705227 -0.00000000
37.10000000000003 13205.05716065 -9489.87755518 -0.00000000
37.15000000000003 12305.90989733 -9053.45818758 -0.00000000
37.200000000000024 11355.72058160 -8598.88423866 -0.00000000
37.25000000000002 10384.78997470 -8146.01976044 -0.00000000
37.30000000000002 9458.74667581 -7703.31324350 -0.00000000
37.350000000000016 8647.41007739 -7274.93390510 -0.00000000
37.40000000000001 7988.63233033 -6858.59936448 -0.00000000
37.45000000000001 7475.54487382 -6450.63552725 -0.00000000
37.50000000000001 7081.43323058 -6047.41044786 -0.00000000
37.550000000000004 6785.69116767 -5648.21203066 -0.00000000
37.6 6581.31622440 -5255.21871607 -0.00000000
37.65 6472.63669692 -4868.08588133 -0.00000000
37.699999999999996 6470.19043419 -4482.46058668 -0.00000000
37.74999999999999 6581.97401187 -4106.37369499 -0.00000000
37.79999999999999 6810.90305048 -3742.06086554 -0.00000000
37.84999999999999 7153.10338699 -3387.72229289 -0.00000000
37.899999999999984 7602.32795687 -3039.67319209 -0.00000000
37.94999999999998 8150.14238429 -2688.02863003 -0.00000000
37.99999999999998 8788.77491331 -2329.58934519 -0.00000000
38.049999999999976 9515.32427903 -1961.37417743 -0.00000000
38.09999999999997 10325.77274223 -1582.71194592 -0.00000000
38.14999999999997 11213.21101057 -1193.79606741 -0.00000000
38.19999999999997 12168.75313619 -794.44864701 -0.00000000
38.249999999999964 13182.67197763 -386.22744002 -0.00000000
38.29999999999996 14242.05816718 23.68709205 -0.00000000
38.34999999999996 15339.83901872 443.84153250 -0.00000000
38.399999999999956 16469.61302330 882.02387901 -0.00000000
38.44999999999995 17622.44271386 1339.18778666 -0.00000000
38.49999999999995 18099.08242452 1552.33984805 -0.00000000
38.54999999999995 19913.84066891 2333.66463795 -0.00000000
38.599999999999945 21459.18117714 2938.79559071 -0.00000000
38.64999999999994 22665.87757864 3401.56852507 -0.00000000
38.69999999999994 23609.37485299 3833.01395987 -0.00000000
38.749999999999936 24451.06019592 4316.06541117 -0.00000000
38.79999999999993 25313.91032549 4866.58401578 -0.00000000
38.84999999999993 26241.07814483 5455.89649408 -0.00000000
38.89999999999993 27201.98469460 6050.26102427 -0.00000000
38.949999999999925 28133.08409624 6633.80648013 -0.00000000
38.99999999999992 28973.76092978 7210.30043471 -0.00000000
39.04999999999992 29686.86126422 7790.02390239 -0.00000000
39.099999999999916 30264.90990483 8378.93725347 -0.00000000
39.14999999999991 30721.73257692 8975.94653015 -0.00000000
39.19999999999991 31079.04952347 9574.65973174 -0.00000000
39.24999999999991 31352.18286831 10167.50641430 -0.00000000
39.299999999999905 31542.76348764 10749.79511647 -0.00000000
39.3499999999999 31641.80955319 11321.04688284 -0.00000000
39.3999999999999 31637.55649394 11881.06838489 -0.00000000
39.449999999999896 31522.07356939 12427.23359811 -0.00000000
39.49999999999989 31291.52570767 12956.14853376 -0.00000000
39.54999999999989 30949.12066222 13462.71081716 -0.00000000
39.59999999999989 30500.84896800 13943.70505211 -0.00000000
39.649999999999885 29954.22613173 14395.94194838 -0.00000000
39.69999999999988 29315.64696272 14816.87982749 -0.00000000
39.74999999999988 28590.65575489 15204.23635949 -0.00000000
39.799999999999876 27784.58397281 15556.52874161 -0.00000000
39.84999999999987 26902.72697367 15872.65654692 -0.00000000
39.89999999999987 25951.63370737 16151.69857512 -0.00000000
39.94999999999987 24939.55179263 16394.36352129 -0.00000000
39.999999999999865 23875.93246943 16601.26393869 -0.00000000
40.04999999999986 22771.07405003 16771.79448912 -0.00000000
40.09999999999986 21636.59095297 16906.00824607 -0.00000000
40.14999999999986 20484.69015589 17003.83382344 -0.00000000
40.199999999999854 19998.10763484 17045.89020381 -0.00000000
40.24999999999985 18187.83067300 17131.65781260 -0.00000000
40.29999999999985 16666.07140300 17122.63953127 -0.00000000
40.349999999999845 15521.73015962 17049.71170468 -0.00000000
40.39999999999984 14621.84986759 16956.20768683 -0.00000000
40.44999999999984 13804.00032758 16860.48024214 -0.00000000
40.49999999999984 12961.68360102 16755.42506433 -0.00000000
40.549999999999834 12076.79529060 16627.03384152 -0.00000000
40.59999999999983 11190.03390719 16467.14448631 -0.00000000
40.64999999999983 10365.42719036 16279.35701755 -0.00000000
40.699999999999825 9654.01414702 16074.87573557 -0.00000000
40.74999999999982 9077.21465461 15863.03131280 -0.00000000
40.79999999999982 8631.18161387 15647.24086156 -0.00000000
40.84999999999982 8301.69716491 15426.49965549 -0.00000000
40.899999999999814 8075.96299603 15199.37790372 -0.00000000
40.94999999999981 7947.23345756 14967.12318591 -0.00000000
40.99999999999981 7913.62279905 14733.62719345 -0.00000000
41.049999999999805 7980.67944474 14500.92555443 -0.00000000
41.0999999999998 8160.61853795 14267.38505802 -0.00000000
41.1499999999998 8457.71078388 14037.88742464 -0.00000000
41.1999999999998 8868.77248072 13814.88011634 -0.00000000
41.249999999999794 9380.85548008 13604.74354830 -0.00000000
41.29999999999979 9982.24909007 13408.24599223 -0.00000000
41.34999999999979 10665.01153442 13222.84252497 -0.00000000
41.399999999999785 11422.80367532 13046.12144896 -0.00000000
41.44999999999978 12248.70675066 12876.84028372 -0.00000000
41.49999999999978 13134.79556107 12714.63415857 -0.00000000
41.54999999999978 14072.72099821 12559.43423598 -0.00000000
41.599999999999774 15053.83786007 12410.82547874 -0.00000000
41.64999999999977 16068.86347143 12267.83586966 -0.00000000
41.69999999999977 17107.72463817 12129.06762165 -0.00000000
41.749999999999766 18160.10954353 11992.91062965 -0.00000000
41.79999999999976 19216.07990136 11857.70191662 -0.00000000
41.84999999999976 19639.44287753 11797.38511307 -0.00000000
41.89999999999976 21223.93294469 11570.70946448 -0.00000000
41.949999999999754 22597.86439794 11400.14864398 -0.00000000
41.99999999999975 23665.84411318 11274.72944885 -0.00000000
42.04999999999975 24468.25790916 11155.93782032 -0.00000000
42.099999999999746 25133.53419108 11013.57720836 -0.00000000
42.14999999999974 25779.89797035 10839.01596553 -0.00000000
42.19999999999974 26463.40103515 10640.86708125 -0.00000000
42.24999999999974 27170.22573304 10430.89772551 -0.00000000
42.299999999999734 27844.84644190 10214.55245455 -0.00000000
42.34999999999973 28427.32036996 9989.60125136 -0.00000000
42.39999999999973 28880.29154375 9749.45109955 -0.00000000
42.449999999999726 29195.92484927 9488.84498206 -0.00000000
42.49999999999972 29389.76340659 9207.45783217 -0.00000000
42.54999999999972 29483.80000028 8907.55258656 -0.00000000
42.59999999999972 29493.14688786 8591.82325787 -0.00000000
42.649999999999714 29421.66724697 8264.00437693 -0.00000000
42.69999999999971 29265.43447999 7923.99421077 -0.00000000
42.74999999999971 29019.17138579 7565.92071996 -0.00000000
42.799999999999706 28679.51594338 7186.20818616 -0.00000000
42.8499999999997 28245.90275591 6785.67336860 -0.00000000
42.8999999999997 27719.65506423 6368.27261769 -0.00000000
42.9499999999997 27104.58287051 5937.11344454 -0.00000000
42.999999999999694 26407.87177605 5494.64529641 -0.00000000
43.04999999999969 25635.23909272 5043.75327592 -0.00000000
43.09999999999969 24792.20456102 4586.68621868 -0.00000000
43.149999999999686 23886.41036506 4122.75972662 -0.00000000
43.19999999999968 22925.61125605 3650.75544699 -0.00000000
43.24999999999968 21917.97074878 3170.90018745 -0.00000000
43.29999999999968 20871.51673029 2686.96890708 -0.00000000
43.349999999999675 19790.65126569 2207.67332952 -0.00000000
43.39999999999967 18685.55529756 1738.03114881 -0.00000000
43.44999999999967 17566.98669707 1271.80237873 -0.00000000
43.499999999999666 17101.44255980 1053.87322362 -0.00000000
43.54999999999966 15318.90041746 290.85165418 -0.00000000
43.59999999999966 13860.50258351 -238.54223731 -0.00000000
43.64999999999966 12747.49415508 -616.24956853 -0.00000000
43.699999999999655 11866.11675268 -961.32065458 -0.00000000
43.74999999999965 11048.50141662 -1330.21777265 -0.00000000
43.79999999999965 10203.21288904 -1718.77096902 -0.00000000
43.849999999999646 9323.33213523 -2103.54709208 -0.00000000
43.89999999999964 8454.38084424 -2466.46382380 -0.00000000
43.94999999999964 7655.41900158 -2801.14891196 -0.00000000
43.99999999999964 6968.89720386 -3108.69068962 -0.00000000
44.049999999999635 6413.59720861 -3391.66414643 -0.00000000
44.09999999999963 5989.06368576 -3636.33382365 -0.00000000
44.14999999999963 5677.60204094 -3857.29868496 -0.00000000
44.199999999999626 5461.58592739 -4068.18334768 -0.00000000
44.24999999999962 5336.79368201 -4269.47657622 -0.00000000
44.29999999999962 5313.78783010 -4459.31283664 -0.00000000
44.34999999999962 5402.23496134 -4642.78194100 -0.00000000
44.399999999999615 5607.20426626 -4823.78992215 -0.00000000
44.44999999999961 5924.52198749 -4997.48692775 -0.00000000
44.49999999999961 6347.47721710 -5160.62361594 -0.00000000
44.549999999999606 6881.04445795 -5330.38790421 -0.00000000
44.5999999999996 7518.75600679 -5499.70110655 -0.00000000
44.6499999999996 8263.52307298 -5677.53262796 -0.00000000
44.6999999999996 9106.14727325 -5868.23787619 -0.00000000
44.749999999999595 10033.69345504 -6067.94063571 -0.00000000
44.79999999999959 11034.19274157 -6272.00384480 -0.00000000
44.84999999999959 12097.99186649 -6479.16177450 -0.00000000
44.89999999999959 13217.18997792 -6690.82277341 -0.00000000
44.949999999999584 14383.99458014 -6908.84852195 -0.00000000
44.99999999999958 15589.39826997 -7134.08912576 -0.00000000
45.04999999999958 16822.79312263 -7366.26915100 -0.00000000
45.099999999999575 18072.01605214 -7604.75840789 -0.00000000
45.14999999999957 19324.07595975 -7849.12513327 -0.00000000
45.19999999999957 20239.29730567 -8041.33526304 -0.00000000
45.24999999999957 21751.71639999 -8361.06954796 -0.00000000
45.299999999999564 23158.06523827 -8644.30048891 -0.00000000
45.34999999999956 24363.50117541 -8899.68814991 -0.00000000
45.39999999999956 25413.81286198 -9147.99252022 -0.00000000
45.449999999999555 26374.34446397 -9400.66816326 -0.00000000
45.49999999999955 27300.66397006 -9657.77966520 -0.00000000
45.54999999999955 28203.84574894 -9910.14500105 -0.00000000
45.59999999999955 29069.51161332 -10154.23094754 -0.00000000
45.649999999999544 29867.31082423 -10388.04805378 -0.00000000
45.69999999999954 30566.67181642 -10608.84480311 -0.00000000
45.74999999999954 31151.55030042 -10814.77277646 -0.00000000
45.799999999999535 31619.05097440 -11004.91408280 -0.00000000
45.84999999999953 31972.48030837 -11178.91773817 -0.00000000
45.89999999999953 32217.25904777 -11335.92739876 -0.00000000
45.94999999999953 32357.36295134 -11473.57759883 -0.00000000
45.999999999999524 32392.64969515 -11588.54591678 -0.00000000
46.04999999999952 32318.83645216 -11680.72521425 -0.00000000
46.09999999999952 32131.76170346 -11750.98544175 -0.00000000
46.149999999999515 31830.58803972 -11797.22562868 -0.00000000
46.19999999999951 31417.10573941 -11817.33374666 -0.00000000
46.24999999999951 30895.47020222 -11810.16719590 -0.00000000
46.29999999999951 30271.31154668 -11775.99019969 -0.00000000
46.349999999999504 29550.97673873 -11715.72220917 -0.00000000
46.3999999999995 28739.52842613 -11628.56989671 -0.00000000
46.4499999999995 27842.53232982 -11515.90469395 -0.00000000
46.499999999999496 26867.70709038 -11380.68535187 -0.00000000
46.54999999999949 25824.43452053 -11224.66316339 -0.00000000
46.59999999999949 24722.52850368 -11048.11631467 -0.00000000
46.64999999999949 23571.02853210 -10851.51277359 -0.00000000
46.699999999999484 22378.64683150 -10635.68321108 -0.00000000
46.74999999999948 21157.26889269 -10400.63760421 -0.00000000
46.79999999999948 19918.62196881 -10148.23786747 -0.00000000
46.849999999999476 19399.83852564 -10026.07569865 -0.00000000
46.89999999999947 17448.33568624 -9591.40622117 -0.00000000
46.94999999999947 15803.32077609 -9264.71100802 -0.00000000
46.99999999999947 14548.51501281 -8994.69872984 -0.00000000
47.049999999999464 13564.85759400 -8730.15329426 -0.00000000
47.09999999999946 12680.09257619 -8449.14970237 -0.00000000
47.14999999999946 11772.91384350 -8155.49444966 -0.00000000
47.199999999999456 10815.45711129 -7846.28558436 -0.00000000
47.24999999999945 9847.14685115 -7526.66141503 -0.00000000
47.29999999999945 8928.63774221 -7208.03779624 -0.00000000
47.34999999999945 8113.50196552 -6896.47423647 -0.00000000
47.399999999999444 7435.09222299 -6591.94916813 -0.00000000
47.44999999999944 6897.64876688 -6293.35793246 -0.00000000
47.49999999999944 6484.33811574 -5999.43683700 -0.00000000
47.549999999999436 6174.99127477 -5707.48131235 -0.00000000
47.59999999999943 5959.54115013 -5416.57453137 -0.00000000
47.64999999999943 5840.24108799 -5128.94116353 -0.00000000
47.69999999999943 5825.56225901 -4844.47852045 -0.00000000
47.749999999999424 5924.10560237 -4558.77512485 -0.00000000
47.79999999999942 6138.33627467 -4281.61096734 -0.00000000
47.84999999999942 6465.48763584 -4014.10424748 -0.00000000
47.899999999999416 6899.52135872 -3756.85558664 -0.00000000
47.94999999999941 7434.02760566 -3508.05067226 -0.00000000
47.99999999999941 8061.16840185 -3252.57119421 -0.00000000
48.04999999999941 8771.96563322 -2988.54186043 -0.00000000
48.099999999999405 9564.12777973 -2715.23475337 -0.00000000
48.1499999999994 10434.98839320 -2433.98607206 -0.00000000
48.1999999999994 11378.12422925 -2146.48903752 -0.00000000
48.249999999999396 12383.68475492 -1853.14843673 -0.00000000
48.29999999999939 13440.47509500 -1553.73369329 -0.00000000
48.34999999999939 14530.75741191 -1259.36861903 -0.00000000
48.39999999999939 15649.86769995 -957.46564658 -0.00000000
48.449999999999385 16791.92443718 -639.93445254 -0.00000000
48.49999999999938 17636.19343333 -386.19915784 -0.00000000
48.54999999999938 19077.67204482 52.66481517 -0.00000000
48.599999999999376 20392.89237810 439.76993705 -0.00000000
48.64999999999937 21562.05237233 783.65604189 -0.00000000
48.69999999999937 22594.52434439 1123.33730827 -0.00000000
48.74999999999937 23556.35606152 1490.39928724 -0.00000000
48.799999999999365 24497.32983186 1889.09552656 -0.00000000
48.84999999999936 25433.85525639 2306.33230934 -0.00000000
48.89999999999936 26347.52933285 2729.11139875 -0.00000000
48.949999999999356 27207.26636490 3154.32355591 -0.00000000
48.99999999999935 27981.54678018 3585.27066243 -0.00000000
49.04999999999935 28649.49771916 4027.46887228 -0.00000000
49.09999999999935 29204.19883963 4483.49149885 -0.00000000
49.149999999999345 29649.99770871 4951.50035364 -0.00000000
49.19999999999934 29995.48537874 5426.40907313 -0.00000000
49.24999999999934 30246.76827156 5898.99173367 -0.00000000
49.299999999999336 30404.33406557 6368.41197646 -0.00000000
49.34999999999933 30463.61098716 6838.13097563 -0.00000000
49.39999999999933 30414.21721041 7311.75398328 -0.00000000
49.44999999999933 30247.02017923 7790.48747937 -0.00000000
49.499999999999325 29961.84570865 8269.43762103 -0.00000000
49.54999999999932 29565.39571419 8741.76259193 -0.00000000
49.59999999999932 29067.63015154 9201.79012693 -0.00000000
49.64999999999932 28477.16098437 9645.24810950 -0.00000000
49.699999999999314 27800.61714358 10070.05469176 -0.00000000
49.74999999999931 27040.88754145 10477.17752493 -0.00000000
49.79999999999931 26201.25909625 10866.44740734 -0.00000000
49.849999999999305 25287.16064059 11236.29845799 -0.00000000
49.8999999999993 24308.28612226 11582.28991437 -0.00000000
49.9499999999993 23273.81949350 11902.86338852 -0.00000000
49.9999999999993 22193.45132099 12197.41382251 -0.00000000
50.049999999999294 21078.12794394 12465.48881127 -0.00000000
