# (1): time [s] (2): displacement/rotation [m/rad] (3): support force/ moment [N]/[N m]
0.05 0.0 0.0
0.1 1.1416317414991183e-07 4.056283317716282
0.15000000000000002 5.708576338427604e-07 20.282900455331873
0.2 1.673762708055828e-06 59.46975284330536
0.25 3.7616265103218182e-06 133.65275602149583
0.3 7.168120698123375e-06 254.68745612305747
0.35 1.218244370382727e-05 432.8492399831411
0.39999999999999997 1.9012991737543315e-05 675.5425449506392
0.44999999999999996 2.7757410527681618e-05 986.2367799846621
0.49999999999999994 3.836478127987958e-05 1363.1227710002283
0.5499999999999999 5.0587813263409783e-05 1797.414135933729
0.6 6.390654528445364e-05 2270.636354152296
0.65 7.767085069437033e-05 2759.6900514582426
0.7000000000000001 9.128788940989129e-05 3243.511278309678
0.7500000000000001 0.0001043542447839799 3707.766408932367
0.8000000000000002 0.00011668374868063473 4145.84078225039
0.8500000000000002 0.0001282701707881072 4557.513031699631
0.9000000000000002 0.00013923353541954342 4947.047690241445
0.9500000000000003 0.0001497590530801566 5321.025393778398
1.0000000000000002 0.00016003763874403827 5686.229461277192
1.0500000000000003 0.0001702168427654039 6047.902441789077
1.1000000000000003 0.00018037005880344102 6408.652054288276
1.1500000000000004 0.0001904880759360416 6768.151029408241
1.2000000000000004 0.00020049202394665245 7123.597062937899
1.2500000000000004 0.00021027693075490196 7471.260436414113
1.3000000000000005 0.00021973498210757313 7807.310447335903
1.3500000000000005 0.00022877071155752847 8128.355117862698
1.4000000000000006 0.00023731337025406608 8431.880700588765
1.4500000000000006 0.00024532540380704803 8716.552866407035
1.5000000000000007 0.00025280561319643654 8982.329013445118
1.5500000000000007 0.00025978651207468904 9230.364370497617
1.6000000000000008 0.00026632621666903227 9462.723840583772
1.6500000000000008 0.0002724959236583947 9681.937082704088
1.7000000000000008 0.00027836460872506923 9890.454842569658
1.7500000000000009 0.0002839829541902546 10090.07789223778
1.800000000000001 0.00028936864386081994 10281.434547549628
1.850000000000001 0.00029449501522406976 10463.577474075684
1.900000000000001 0.0002992846294476378 10633.755225509294
1.950000000000001 0.00030360865062421837 10787.390187874513
2.000000000000001 0.0003072921146751607 10918.26578670488
2.0500000000000007 0.0003101243556623487 11018.896939908425
2.1000000000000005 0.00031187319367061866 11081.034161399995
2.1500000000000004 0.0003123010928754271 11096.237666549994
2.2 0.0003111814247692493 11056.455213983423
2.25 0.00030831319779177677 10954.545457822755
2.3 0.00030353305734612387 10784.704315173887
2.3499999999999996 0.0002967239052324642 10542.771219566703
2.3999999999999995 0.00028782002313797287 10226.411161503042
2.4499999999999993 0.00027677691771074833 9834.043266568617
2.499999999999999 0.00026360060621982115 9365.88133179709
2.549999999999999 0.0002483968155208553 8825.681893252373
2.5999999999999988 0.0002313713215416308 8220.756288143306
2.6499999999999986 0.00021279375774143537 7560.684748545168
2.6999999999999984 0.0001929564627573749 6855.85423457576
2.7499999999999982 0.00017214679901975629 6116.474898859795
2.799999999999998 0.00015063959587709739 5352.311586408922
2.849999999999998 0.00012870672618564956 4573.024096362084
2.8999999999999977 0.00010663513333066824 3788.80769243201
2.9499999999999975 8.474351586096336e-05 3010.9859175785396
2.9999999999999973 6.339039039257779e-05 2252.29707361929
3.049999999999997 4.297058096030035e-05 1526.769485867329
3.099999999999997 2.3901425386556553e-05 849.231407474883
3.149999999999997 6.60283442194913e-06 234.6025092139204
3.1999999999999966 -8.523723991045063e-06 -302.8528217364815
3.2499999999999964 -2.1113051417558975e-05 -750.1588746881976
3.2999999999999963 -3.090714414451603e-05 -1098.148629145747
3.349999999999996 -3.7716526461733186e-05 -1340.0899040178904
3.399999999999996 -4.137973889290577e-05 -1470.2459511360646
3.4499999999999957 -4.174691216117528e-05 -1483.291828792175
3.4999999999999956 -3.8680632002425385e-05 -1374.3451290529997
3.5499999999999954 -3.2067393470254564e-05 -1139.372955811759
3.599999999999995 -2.1778688448958334e-05 -773.8093417168553
3.649999999999995 -7.743031928913476e-06 -275.1143832121675
3.699999999999995 9.930320539770528e-06 352.83000709277013
3.7499999999999947 3.092889460588068e-05 1098.921435562904
3.7999999999999945 5.480002445515724e-05 1947.0764251527278
3.8499999999999943 8.103402440943375e-05 2879.1855502175877
3.899999999999994 0.00010912354520665649 3877.222399322726
3.949999999999994 0.00013858412463710936 4923.9737511823105
3.999999999999994 0.00016894442722349475 6002.692784872289
4.049999999999994 0.00019972518760901512 7096.3509262836005
4.099999999999993 0.0002304238685308205 8187.092737084158
4.149999999999993 0.0002605133967016257 9256.19099986477
4.199999999999993 0.0002894544580740897 10284.483575962695
4.249999999999993 0.00031671570461934553 11253.091363938756
4.299999999999993 0.0003417955621431493 12144.193143843015
4.3499999999999925 0.0003642411676967316 12941.698434327322
4.399999999999992 0.00038366259956046405 13631.753092159224
4.449999999999992 0.00039974241283855677 14203.078117392597
4.499999999999992 0.0004122413646716757 14647.173073468754
4.549999999999992 0.00042101123646200037 14958.771668256353
4.599999999999992 0.0004259744407574649 15135.117174905234
4.6499999999999915 0.0004271128934469601 15175.567054534058
4.699999999999991 0.0004244691623271629 15081.63376547117
4.749999999999991 0.0004181546346607606 14857.27496130152
4.799999999999991 0.00040835904226741495 14509.231922833611
4.849999999999991 0.0003955169351514853 14052.944461955305
4.899999999999991 0.0003801900727588108 13508.372215263033
4.94999999999999 0.00036293417641781404 12895.260281564397
4.99999999999999 0.000344248974942644 12231.36431339191
5.04999999999999 0.0003245924312032783 11532.955995231012
5.09999999999999 0.00030442064544638017 10816.240831488205
5.14999999999999 0.0002842206237409277 10098.52242823376
5.1999999999999895 0.0002645183559972081 9398.489509868281
5.249999999999989 0.000245861295595464 8735.593410239484
5.299999999999989 0.00022878543989604145 8128.878424211289
5.349999999999989 0.00021378032021391412 7595.737881298341
5.399999999999989 0.00020126196579012387 7150.953540002769
5.449999999999989 0.0001915085092364785 6804.407612183077
5.4999999999999885 0.0001847092993684214 6562.827770287334
5.549999999999988 0.00018100725908075304 6431.292147069079
5.599999999999988 0.00018050981694968217 6413.617741703103
5.649999999999988 0.0001832792171496183 6512.016125549107
5.699999999999988 0.00018931264837260422 6726.387411216492
5.749999999999988 0.0001985197098392259 7053.519606955942
5.799999999999987 0.0002106361728102787 7484.024513509004
5.849999999999987 0.0002251581229041911 7999.997762722403
5.899999999999987 0.00024148450969750147 8580.083686939319
5.949999999999987 0.00025904245916830496 9203.927742275448
5.999999999999987 0.00027732133032618424 9853.38656029175
6.0499999999999865 0.0002958427338716756 10511.46269370071
6.099999999999986 0.0003141156699405407 11160.710634586654
6.149999999999986 0.00033161240969014895 11782.37987328147
6.199999999999986 0.00034777615217895466 12356.6869517016
6.249999999999986 0.0003620518036368606 12863.909068548119
6.299999999999986 0.00037397267949089647 13287.464652205916
6.349999999999985 0.0003831978090908326 13615.238819126453
6.399999999999985 0.00038944909367556404 13837.35056018619
6.449999999999985 0.0003924691230542014 13944.653943074738
6.499999999999985 0.00039201902499648087 13928.661699897697
6.549999999999985 0.0003879001325585681 13782.315079739483
6.5999999999999845 0.0003799864307964228 13501.136699073402
6.649999999999984 0.00036824004589134073 13083.780879311485
6.699999999999984 0.00035283526184554895 12536.440031413247
6.749999999999984 0.00033419368042899645 11874.093909041787
6.799999999999984 0.00031291168054013084 11117.932197880114
6.849999999999984 0.0002896596879618664 10291.775512055785
6.8999999999999835 0.0002651123596426505 9419.594801444237
6.949999999999983 0.00023992425867449662 8524.64706963089
6.999999999999983 0.0002147384703208495 7629.781506342671
7.049999999999983 0.0001902061320554868 6758.133400976459
7.099999999999983 0.00016699855418201686 5933.554795189416
7.149999999999983 0.00014580324216188924 5180.473153922687
7.199999999999982 0.00012730438551833255 4523.198124922961
7.249999999999982 0.00011215398619992479 3984.8957128745747
7.299999999999982 0.00010088368446592621 3584.455402330856
7.349999999999982 9.386837407718194e-05 3335.1973844949257
7.399999999999982 9.140712988519627e-05 3247.747961061167
7.4499999999999815 9.377751712400764e-05 3331.969184629219
7.499999999999981 0.00010123913098151696 3597.0846217115104
7.549999999999981 0.00011421263440452271 4058.040669043994
7.599999999999981 0.00013290505596017137 4722.193170833525
7.649999999999981 0.00015710229646077601 5581.9350596538725
7.699999999999981 0.00018625269024046107 6617.665336723156
7.7499999999999805 0.00021965367971970984 7804.421726677634
7.79999999999998 0.0002565911543734521 9116.831471345358
7.84999999999998 0.0002963800789426008 10530.554873497575
7.89999999999998 0.0003383335537472076 12021.185991958715
7.94999999999998 0.0003817143262233968 13562.529818591865
7.99999999999998 0.00042570797991589273 15125.649667764319
8.04999999999998 0.00046942887264207083 16679.078162735754
8.09999999999998 0.0005119497767098842 18189.870369669316
8.14999999999998 0.0005523406284354412 19624.98059030481
8.199999999999982 0.0005897058096530698 20952.586995479644
8.249999999999982 0.0006232146547368974 22143.175557172803
8.299999999999983 0.0006521239744471226 23170.34033373314
8.349999999999984 0.0006757937974998198 24011.342776919206
8.399999999999984 0.0006936986056473763 24647.51092077683
8.449999999999985 0.0007054642558854291 25065.55124891302
8.499999999999986 0.0007108680965961466 25257.55282113364
8.549999999999986 0.0007097914723516169 25219.29974175797
8.599999999999987 0.0007021989868264008 24949.5343589604
8.649999999999988 0.0006881425155827082 24450.09984133848
8.699999999999989 0.0006678736689594448 23729.936049121803
8.74999999999999 0.0006418771905311041 22806.26620064877
8.79999999999999 0.0006108234422351208 21702.90864158028
8.84999999999999 0.0005755036806699191 20447.97717449865
8.899999999999991 0.0005367833663080648 19072.222108364298
8.949999999999992 0.0004955795224200448 17608.225808039893
8.999999999999993 0.0004528524720600503 16090.109104637046
9.049999999999994 0.0004095993438307686 14553.300551599683
9.099999999999994 0.0003668412703129663 13034.081577535428
9.149999999999995 0.00032560236792572003 11568.83962854529
9.199999999999996 0.0002868830009807879 10193.118224679745
9.249999999999996 0.0002516314576895255 8940.610592154257
9.299999999999997 0.00022071755131150932 7842.22169695826
9.349999999999998 0.00019490925353915373 6925.238015555064
9.399999999999999 0.0001748532609471277 6212.637049638951
9.45 0.00016106017540906177 5722.560777807001
9.5 0.00015383857341118564 5465.973100306846
9.55 0.00015336327513137884 5449.085478727685
9.600000000000001 0.00015972334116258363 5675.062287221757
9.650000000000002 0.00017295540893219667 6145.205274681905
9.700000000000003 0.00019286911794178186 6852.750822980758
9.750000000000004 0.00021899775548287877 7781.116360833042
9.800000000000004 0.00025067739004783993 8906.712019451117
9.850000000000005 0.0002871368361920172 10202.137135904186
9.900000000000006 0.00032754010232706487 11637.68844765765
9.950000000000006 0.0003709878861379465 13181.413225600494
10.000000000000007 0.0004165113336570592 14798.887530355116
10.050000000000008 0.00046272870128772795 16441.017216263004
10.100000000000009 0.0005081253772837388 18053.987255801203
10.15000000000001 0.0005515041674273493 19595.26064901632
10.20000000000001 0.0005921443497340662 21039.229728775932
10.25000000000001 0.0006296648853776833 22372.355966166037
10.300000000000011 0.0006637900069523964 23584.841186459427
10.350000000000012 0.0006941857635214044 24664.819920567945
10.400000000000013 0.0007204222239800682 25597.01646877055
10.450000000000014 0.0007420257529882533 26364.60229469224
10.500000000000014 0.0007585576492656233 26951.99008921918
10.550000000000015 0.0007696951503838159 27347.71191741088
10.600000000000016 0.0007752432728335337 27544.839902901946
10.650000000000016 0.0007750884151087791 27539.337718767536
10.700000000000017 0.000769166814200581 27328.93982858137
10.750000000000018 0.0007574137798765898 26911.34775113658
10.800000000000018 0.0007398124773739797 26285.963337615787
10.85000000000002 0.0007164788533905993 25456.90624096074
10.90000000000002 0.0006876618020367283 24433.019812233837
10.95000000000002 0.0006536969318838336 23226.22841723746
11.000000000000021 0.0006149695962202324 21850.223880208865
11.050000000000022 0.0005719013717655477 20319.985064758646
11.100000000000023 0.0005249521320500113 18651.85154223132
11.150000000000023 0.00047462663379310965 16863.757609531327
11.200000000000024 0.0004214780230995895 14975.356866286143
11.250000000000025 0.0003661056520412197 13007.944636738961
11.300000000000026 0.0003091483102946827 10984.21748594546
11.350000000000026 0.0002512751763198871 8927.951709928544
11.400000000000027 0.00019317635682895122 6863.667197563531
11.450000000000028 0.0001355537686119754 4816.303456597203
11.500000000000028 7.911238206532516e-05 2810.908491165346
11.55000000000003 2.4551965459870503e-05 872.3454708892746
11.60000000000003 -2.7440500464980243e-05 -974.976782966149
11.65000000000003 -7.619786137696584e-05 -2707.353892798916
11.700000000000031 -0.0001210796744315542 -4302.0305555476825
11.750000000000032 -0.00016147921242468333 -5737.4494042719525
11.800000000000033 -0.0001968306159200118 -6993.505127351799
11.850000000000033 -0.00022661602894254507 -8051.79800379145
11.900000000000034 -0.00025037235113386873 -8895.873811182915
11.950000000000035 -0.00026769721679729703 -9511.43626462311
12.000000000000036 -0.000278283577920158 -9887.575771410065
12.050000000000036 -0.00028193546405656637 -10017.329388753089
12.100000000000037 -0.00027852236698587063 -9896.060084420067
12.150000000000038 -0.0002678626402982186 -9517.31385686897
12.200000000000038 -0.00024973581051147766 -8873.257156321313
12.250000000000039 -0.00022405837102701718 -7960.92294524098
12.30000000000004 -0.0001909571590629714 -6784.817823026724
12.35000000000004 -0.00015072446544794798 -5355.32705113287
12.400000000000041 -0.000103739232166286 -3685.9146564744256
12.450000000000042 -5.041320139780241e-05 -1791.2100757995177
12.500000000000043 8.82121384887738e-06 313.42280769299015
12.550000000000043 7.349462596929612e-05 2611.3063821227324
12.600000000000044 0.0001430781638727619 5083.649553090223
12.650000000000045 0.00021697028984147496 7709.079339090198
12.700000000000045 0.00029449743476473665 10463.663441748857
12.750000000000046 0.00037492495778889887 13321.29964849761
12.800000000000047 0.0004574722509517523 16254.252508930813
12.850000000000048 0.0005413270574822945 19233.662072241623
12.900000000000048 0.0006256566837947609 22229.94225582628
12.950000000000049 0.0007096160400308052 25213.066530377895
13.00000000000005 0.0007923537432060381 28152.78476819739
13.05000000000005 0.0008730178634816817 31018.827411534363
13.100000000000051 0.0009507625357491943 33781.140385996056
13.150000000000052 0.0010247559447813402 36410.16881756303
13.200000000000053 0.0010941894414643442 38877.180937567195
13.250000000000053 0.0011582872654996405 41154.61353588364
13.300000000000054 0.0012163161614810796 43216.4136256912
13.350000000000055 0.0012675941701040933 45038.35080019646
13.400000000000055 0.0013114981641740217 46598.284991349145
13.450000000000056 0.0013474703030129155 47876.39579863253
13.500000000000057 0.001375023965703326 48855.39330063201
13.550000000000058 0.0013937492229051086 49520.71247183688
13.600000000000058 0.001403384318285762 49863.05295902261
13.650000000000059 0.0014037684427276272 49876.7011216378
13.70000000000006 0.0013947954210374162 49557.884493924605
13.75000000000006 0.0013762193903861409 48897.86742799045
13.800000000000061 0.0013478784388332296 47890.89709935083
13.850000000000062 0.0013098543147745064 46539.87807558368
13.900000000000063 0.0012624564540867772 44855.80479157868
13.950000000000063 0.0012061315664905032 42854.5491009389
14.000000000000064 0.0011413843391566531 40554.0428294699
14.050000000000065 0.001068745303577315 37973.13606658891
14.100000000000065 0.000988780340071963 35131.93486590557
14.150000000000066 0.0009021171259454305 32052.740963504777
14.200000000000067 0.0008094662931673897 28760.80352248209
14.250000000000068 0.0007116271226855282 25284.52145516993
14.300000000000068 0.0006094786814146294 21655.128515255874
14.350000000000069 0.0005039627144695654 17906.085448969545
14.40000000000007 0.00039606505823178904 14072.419590631842
14.45000000000007 0.00028680027649761146 10190.178976156096
14.500000000000071 0.00017720081776549242 6296.047095221775
14.550000000000072 6.830955753705893e-05 2427.077914935205
14.600000000000072 -3.882643019248313e-05 -1379.5254227027528
14.650000000000073 -0.00014316295816288192 -5086.662343046464
14.700000000000074 -0.0002436676316820767 -8657.651268188802
14.750000000000075 -0.0003393303288254405 -12056.6019844752
14.800000000000075 -0.00042917436577894256 -15248.812353575708
14.850000000000076 -0.0005122677043325356 -18201.16652117881
14.900000000000077 -0.0005877336151126766 -20882.513787783235
14.950000000000077 -0.0006547601852671889 -23264.006422216073
15.000000000000078 -0.000712608591873492 -25319.39362059135
15.050000000000079 -0.000760620391265359 -27025.28050028723
15.10000000000008 -0.0007982238772297683 -28361.35401034152
15.15000000000008 -0.000824939800533826 -29310.586149536735
15.200000000000081 -0.0008403867458622176 -29859.425012084066
15.250000000000082 -0.0008443539166556346 -30000.38087484536
15.300000000000082 -0.0008367559441651281 -29730.42053701139
15.350000000000083 -0.0008174427135280767 -29044.21033107048
15.400000000000084 -0.0007863220306539048 -27938.47454789508
15.450000000000085 -0.0007434846780010074 -26416.438740508493
15.500000000000085 -0.0006892249144857728 -24488.55809765719
15.550000000000086 -0.0006239987095771967 -22171.03347714185
15.600000000000087 -0.0005483692634074408 -19483.875703973546
15.650000000000087 -0.0004629709869373268 -16449.62576491197
15.700000000000088 -0.00036849987021757557 -13093.012587240868
15.750000000000089 -0.0002657215241075248 -9441.238765664877
15.80000000000009 -0.00015548352635491567 -5524.419225633728
15.85000000000009 -3.872195292911478e-05 -1375.8132853726784
15.900000000000091 8.354231016176729e-05 2968.3063873791025
15.950000000000092 0.00021021545118407727 7469.076031860075
16.000000000000092 0.00034014669418040445 12085.607915636097
16.050000000000093 0.00047214463253340475 16775.570675528674
16.100000000000094 0.0006049915601049574 21495.698511241695
16.150000000000095 0.0007374550435259755 26202.202355482244
16.200000000000095 0.0008682974298828705 30851.107687535605
16.250000000000096 0.000996284504789145 35398.56215953468
16.300000000000097 0.001120195095750852 39801.176809564764
16.350000000000097 0.0012388321931660522 44016.421197178264
16.400000000000098 0.0013510351130168853 48003.055550847756
16.4500000000001 0.0014556918088750302 51721.56822060982
16.5000000000001 0.001551750636320401 55134.593674635755
16.5500000000001 0.0016382311917049269 58207.29760675012
16.6000000000001 0.0017142340963188438 60907.72457349324
16.6500000000001 0.001778949807759421 63207.11106712602
16.700000000000102 0.0018316665897293947 65080.16868715765
16.750000000000103 0.001871777732713685 66505.34069514736
16.800000000000104 0.0018987880544057978 67465.03297859771
16.850000000000104 0.0019123196352918625 67945.81783955819
16.900000000000105 0.001912187871741938 67941.13620475413
16.950000000000106 0.001898240647497257 67445.58329591631
17.000000000000107 0.0018704073367555559 66456.64973762086
17.050000000000107 0.001828772717589587 64977.3477436116
17.100000000000108 0.0017735952012881604 63016.858815784544
17.15000000000011 0.0017052888516269026 60589.89487852379
17.20000000000011 0.001624395839063325 57715.71956039028
17.25000000000011 0.0015315658577703202 54417.41686946934
17.30000000000011 0.0014275477561016118 50721.59381898854
17.35000000000011 0.0013131894479522805 46658.37727790616
17.400000000000112 0.0011894393942231717 42261.46660819468
17.450000000000113 0.0010573449316071913 37568.07428565551
17.500000000000114 0.0009180453944748578 32618.68151655194
17.550000000000114 0.0007727604910624418 27456.62523688026
17.600000000000115 0.000622776126212569 22127.59438617943
17.650000000000116 0.00046942978144611625 16679.110453066816
17.700000000000117 0.00031409733284645336 11160.059107074427
17.750000000000117 0.00015818134853613617 5620.274401256997
17.800000000000118 3.1000664838764625e-06 110.1471473265723
17.85000000000012 -0.00014972405517408335 -5319.781898022285
17.90000000000012 -0.00029887689091750194 -10619.268040739813
17.95000000000012 -0.00044296612376860603 -15738.841456848459
18.00000000000012 -0.0005806351238562436 -20630.30030581913
18.05000000000012 -0.0007105766189960045 -25247.196454154986
18.100000000000122 -0.0008315457109100947 -29545.2979491789
18.150000000000123 -0.0009423720405790934 -33483.02126098673
18.200000000000124 -0.0010419710532740673 -37021.83153552522
18.250000000000124 -0.0011293543832146327 -40126.61156747291
18.300000000000125 -0.0012036393830333052 -42766.00038759596
18.350000000000126 -0.0012640577961139999 -44912.701395928976
18.400000000000126 -0.0013099635632855193 -46543.759738090055
18.450000000000127 -0.0013408396690298052 -47640.80555500235
18.500000000000128 -0.0013563038457056974 -48190.256657248945
18.55000000000013 -0.0013561818558826555 -48185.922288589165
18.60000000000013 -0.0013403566084306162 -47623.642133745656
18.65000000000013 -0.0013088056026444126 -46502.61672970694
18.70000000000013 -0.001261669131321285 -44827.830760345714
18.75000000000013 -0.001199272559461764 -42610.84463149029
18.800000000000132 -0.0011221131601752178 -39869.326743068224
18.850000000000133 -0.0010308331761567117 -36626.09634786673
18.900000000000134 -0.0009261964624221046 -32908.293654460555
18.950000000000134 -0.0008090761491905775 -28746.941482323913
19.000000000000135 -0.0006804515922352681 -24176.83690603247
19.050000000000136 -0.0005414086323396437 -19236.560473897625
19.100000000000136 -0.000393137593745543 -13968.40509167289
19.150000000000137 -0.0002369261805496717 -8418.123627430794
19.200000000000138 -7.414736653450643e-05 -2634.498630281342
19.25000000000014 9.375534081986017e-05 3331.181247772769
19.30000000000014 0.00026528328648957154 9425.667930742527
19.35000000000014 0.0004388978082898671 15594.291865174126
19.40000000000014 0.0006130344623406618 21781.46745913264
19.45000000000014 0.0007861163702048566 27931.167313712078
19.500000000000142 0.0009565671132618609 33987.38036755178
19.550000000000143 0.001122823854812523 39894.578132780865
19.600000000000144 0.0012833506913287815 45598.189072606605
19.650000000000144 0.0014366529208857163 51045.10556692157
19.700000000000145 0.0015812920351288078 56184.21658553339
19.750000000000146 0.0017159003431962852 60966.92728454687
19.800000000000146 0.0018391944499646482 65347.63789618877
19.850000000000147 0.0019499873682683455 69284.1740829477
19.900000000000148 0.0020471993665773847 72738.17236180621
19.95000000000015 0.0021298677861090443 75675.42891187298
20.00000000000015 0.0021971561158306945 78066.22201445888
20.05000000000015 0.002248362277779263 79885.60643524863
20.10000000000015 0.0022829259210227384 81113.6725829532
20.15000000000015 0.00230043454106096 81735.76393514362
20.200000000000152 0.002300700818557434 81745.22492792763
20.250000000000153 0.002283600102268002 81137.62663082058
20.300000000000153 0.002249116973952628 79912.42122487549
20.350000000000154 0.0021974186464044547 78075.54987692121
20.400000000000155 0.0021288739466009377 75640.1172218535
20.450000000000156 0.002044035473645623 72625.75742403221
20.500000000000156 0.0019436109214829088 69057.61525682302
20.550000000000157 0.0018284402875824272 64965.53631402942
20.600000000000158 0.001699484866690278 60383.67595153607
20.65000000000016 0.0015578245902162788 55350.40475420572
20.70000000000016 0.0014046572466999226 49908.28083858582
20.75000000000016 0.0012412947612233723 44103.91765830969
20.80000000000016 0.00106915446162365 37987.67368758636
20.85000000000016 0.000889745442338134 31613.167920778724
20.900000000000162 0.0007046518393372695 25036.68562113178
20.950000000000163 0.0005155156058990814 18316.566334122555
21.000000000000163 0.00032402011390043054 11512.621231895393
21.050000000000164 0.0001318757055880285 4685.6197593661345
21.100000000000165 -5.91940643179775e-05 -2103.1991917598784
21.150000000000166 -0.0002474666069871246 -8792.63104839399
21.200000000000166 -0.0004312352988956415 -15322.03849398783
21.250000000000167 -0.0006088251106872105 -21631.90677095595
21.300000000000168 -0.0007786084519635457 -27664.40665520922
21.35000000000017 -0.0009390207803528987 -33363.9490553472
21.40000000000017 -0.001088575517345596 -38677.714980884
21.45000000000017 -0.001225878042934325 -43556.15277987633
21.50000000000017 -0.0013496387244704157 -47953.44106168984
21.55000000000017 -0.0014586849976030798 -51827.917939726955
21.600000000000172 -0.0015519723370591137 -55142.47082954724
21.650000000000173 -0.0016285939643322655 -57864.88136866066
21.700000000000173 -0.0016877893651418504 -59968.12804673696
21.750000000000174 -0.0017289516624072704 -61430.648171636014
21.800000000000175 -0.0017516337577833986 -62236.5560816966
21.850000000000176 -0.0017556241918294396 -62378.33850121963
21.900000000000176 -0.001740791135573985 -61851.31147093804
21.950000000000177 -0.0017071217463671452 -60655.018684105904
22.000000000000178 -0.001654791543020867 -58795.69642518312
22.05000000000018 -0.0015841872924821378 -56287.08674651355
22.10000000000018 -0.001495892941863495 -53149.937625268045
22.15000000000018 -0.001390661034911663 -49410.98737411547
22.20000000000018 -0.0012693873121208822 -45102.0621686229
22.25000000000018 -0.001133096674776998 -40259.5773416596
22.300000000000182 -0.0009829389568905764 -34924.3871577459
22.350000000000183 -0.0008201880740278381 -29141.754570526162
22.400000000000183 -0.0006462385167455617 -22961.226632491638
22.450000000000184 -0.0004625965489243553 -16436.321766693236
22.500000000000185 -0.00027086648342550783 -9624.042132926363
22.550000000000185 -7.273387550906005e-05 -2584.2764801970166
22.600000000000186 0.00013005218466441868 4620.829010886838
22.650000000000187 0.0003356961061261329 11927.47595922375
22.700000000000188 0.0005423717034703975 19270.778945751965
22.75000000000019 0.0007482375598815138 26585.311370641022
22.80000000000019 0.0009514525663574134 33805.65757085601
22.85000000000019 0.0011501919655753931 40866.98286794587
22.90000000000019 0.0013426634435547975 47705.6053140848
22.95000000000019 0.0015271231939443751 54259.56646545255
23.000000000000192 0.0017018919075946688 60469.19950094895
23.050000000000193 0.0018653703924009692 66277.6842042086
23.100000000000193 0.002016054536358963 71631.57860958453
23.150000000000194 0.002152549368220719 76481.31858535197
23.200000000000195 0.0022735820217119514 80781.6784598133
23.250000000000195 0.0023780135222680786 84492.18981081733
23.300000000000196 0.002464849386702666 87577.51807808294
23.350000000000197 0.00253324903874718 90007.7971027484
23.400000000000198 0.0025825340270344177 91758.9211170549
23.4500000000002 0.002612194932318805 92812.7901618612
23.5000000000002 0.002621968205446183 93160.04018395687
23.5500000000002 0.0026117265852398123 92796.14952044976
23.6000000000002 0.0025814145858137284 91719.14672586038
23.6500000000002 0.0025311446128358918 89933.02563829946
23.700000000000202 0.0024612675239882443 87450.25243324567
23.750000000000203 0.0023723699319183555 84291.66979586447
23.800000000000203 0.0022652358024478755 80485.13248324105
23.850000000000204 0.0021408061925319954 76064.07679089528
23.900000000000205 0.002000154957049717 71066.65740105089
23.950000000000205 0.001844482454920111 65535.52375732188
24.000000000000206 0.001675117883971219 59517.90302394901
24.050000000000207 0.0014935201583192337 53065.63125958746
24.100000000000207 0.0013012719129168895 46234.94039545861
24.150000000000208 0.0011000658802832206 39085.974192713446
24.20000000000021 0.0008916860644249252 31682.119341017846
24.25000000000021 0.0006779871858134635 24089.27512675229
24.30000000000021 0.00046087486825468224 16375.149461080404
24.35000000000021 0.00024228755811115155 8608.616459506855
24.40000000000021 2.417990848669148e-05 859.1260723854774
24.450000000000212 -0.00019149315759715176 -6803.86215959765
24.500000000000213 -0.00040279254537433403 -14311.451082789044
24.550000000000214 -0.0006078116924484248 -21595.89943736116
24.600000000000215 -0.000804693811978189 -28591.234517625504
24.650000000000215 -0.0009916492965264525 -35233.87054080471
24.700000000000216 -0.001166972737545006 -41463.21335913176
24.750000000000217 -0.001329059058806831 -47222.23368998729
24.800000000000217 -0.0014764184445106656 -52457.997520051096
24.850000000000218 -0.001607689921254914 -57122.14868065621
24.90000000000022 -0.0017216536036364185 -61171.34394096486
24.95000000000022 -0.0018172416862958136 -64567.64356166955
25.00000000000022 -0.0018935482372502642 -67278.85925774474
25.05000000000022 -0.0019498377427466652 -69278.85780200145
25.10000000000022 -0.001985552265370835 -70547.81535682899
25.150000000000222 -0.002000317052842057 -71072.4167578946
25.200000000000223 -0.001994014414681994 -70848.48039473171
25.250000000000224 -0.0019666308674505754 -69875.52719295018
25.300000000000225 -0.001918291264313557 -68157.99325742527
25.350000000000225 -0.0018493266884412828 -65707.64216385153
25.400000000000226 -0.0017602955669394171 -62544.31514886009
25.450000000000227 -0.001651969001670219 -58695.409905651315
25.500000000000227 -0.0015253011204864283 -54194.82714626178
25.550000000000228 -0.0013814018744860072 -49082.00407236067
25.60000000000023 -0.0012215206079066161 -43401.33060413935
25.65000000000023 -0.0010470390976561703 -37201.90207082389
25.70000000000023 -0.0008594681094028547 -30537.396846570115
25.75000000000023 -0.0006604416595175597 -23465.872473974163
25.80000000000023 -0.0004517060985669711 -16049.377794295735
25.850000000000232 -0.00023510435825436715 -8353.393232193328
25.900000000000233 -1.2557167346414124e-05 -446.16338678658394
25.950000000000234 0.00021395668314840453 7602.004157918309
26.000000000000234 0.00044241962286875944 15719.423965177688
26.050000000000235 0.0006707936179451819 23833.683518019916
26.100000000000236 0.0008970378281465581 31872.270587828076
26.150000000000237 0.0011191259909531222 39763.19090046393
26.200000000000237 0.0013350637449151908 47435.58364517931
26.250000000000238 0.0015429060436362365 54820.34020346245
26.30000000000024 0.0017407745663277588 61850.72275607833
26.35000000000024 0.0019268747738418494 68462.97029372728
26.40000000000024 0.0020995125152895974 74596.88865975985
26.45000000000024 0.0022571097968579115 80196.4108253187
26.50000000000024 0.0023982193658125517 85210.11506736465
26.550000000000242 0.002521537933183758 89591.69477831107
26.600000000000243 0.002625917975122802 93300.37777501799
26.650000000000244 0.002710378155038063 96301.29660328844
26.700000000000244 0.002774112427174988 98565.8119933066
26.750000000000245 0.0028164978025749196 100071.78878862696
26.800000000000246 0.0028371006114427727 100803.81845170404
26.850000000000247 0.0028357534185108717 100755.95191106074
26.900000000000247 0.002812395040966162 99926.01530611746
26.950000000000248 0.0027671123119954394 98317.09387000346
27.00000000000025 0.0027002107958070563 95940.04447499877
27.05000000000025 0.002612233535925019 92814.16177021962
27.10000000000025 0.0025039422462029243 88966.50988751264
27.15000000000025 0.0023762867710577485 84430.83734597512
27.20000000000025 0.0022303804814814707 79246.70285807997
27.250000000000252 0.002067486167403709 73458.97407719646
27.300000000000253 0.0018890092842763647 67117.5876448536
27.350000000000254 0.0016964938786499018 60277.40442411922
27.400000000000254 0.001491616469272774 52997.99209153898
27.450000000000255 0.001276174745054192 45343.2235692454
27.500000000000256 0.0010520710146866559 37380.68898051588
27.550000000000257 0.0008212921759368672 29180.983947144337
27.600000000000257 0.0005858889405241689 20816.971437408905
27.650000000000258 0.00034795583430255743 12363.071161022066
27.70000000000026 0.0001096122254041767 3894.58548814414
27.75000000000026 -0.0001270158923299653 -4512.947795813224
27.80000000000026 -0.0003598138051195303 -12784.39169248953
27.85000000000026 -0.0005866961583404002 -20845.65235125108
27.90000000000026 -0.0008056254011215901 -28624.33441634049
27.950000000000262 -0.001014630391627338 -36050.40208326311
28.000000000000263 -0.0012118246670175504 -43056.82824100222
28.050000000000264 -0.0013954239250568718 -49580.215603656085
28.100000000000264 -0.0015637625080819639 -55561.38239528742
28.150000000000265 -0.0017153086156718106 -60945.90286485959
28.200000000000266 -0.001848678091897556 -65684.59715516256
28.250000000000266 -0.001962646640997364 -69733.96533277498
28.300000000000267 -0.002056160693017976 -73056.57345056577
28.350000000000268 -0.0021283469038682755 -75621.39109006767
28.40000000000027 -0.002178520242349036 -77404.07869830109
28.45000000000027 -0.002206190536964336 -78387.22019975366
28.50000000000027 -0.0022111391911163454 -78563.04873142697
28.55000000000027 -0.0021932604721624097 -77927.80755164199
28.60000000000027 -0.002152602000879 -76483.18865400889
28.650000000000272 -0.002089434126516574 -74238.7977030754
28.700000000000273 -0.0020042712242882474 -71212.91074636336
28.750000000000274 -0.001897855576544182 -67431.90150321278
28.800000000000274 -0.0017711270021848453 -62929.1622803463
28.850000000000275 -0.001625195715557096 -57744.13963281798
28.900000000000276 -0.0014613260766333917 -51921.75699852325
28.950000000000276 -0.001280929961560119 -45512.1791499635
29.000000000000277 -0.0010855635014928044 -38570.696323183285
29.050000000000278 -0.00087692106689078 -31157.510476295585
29.10000000000028 -0.0006568236025632581 -23337.32082695172
29.15000000000028 -0.0004272016991807851 -15178.722373395103
29.20000000000028 -0.00019007560215718745 -6753.495598525034
29.25000000000028 5.2465727731851966e-05 1864.137518383112
29.30000000000028 0.0002982853284784975 10598.249486634351
29.350000000000282 0.0005452172514908869 19371.882905511484
29.400000000000283 0.0007910844348780226 28107.685512379514
29.450000000000284 0.0010337160617327238 36728.52693247458
29.500000000000284 0.0012709652569184266 45158.12745592958
29.550000000000285 0.0015007282534919611 53321.73903181226
29.600000000000286 0.0017209642893230854 61146.85220647468
29.650000000000286 0.0019297146789005102 68563.87375580356
29.700000000000287 0.0021251206060970795 75506.75887241312
29.750000000000288 0.0023054396791169487 81913.59937245124
29.80000000000029 0.002469061257972739 87727.1682896891
29.85000000000029 0.0026145206481612204 92895.42418499154
29.90000000000029 0.0027405121195025585 97371.97371317224
29.95000000000029 0.0028459006578390486 101116.48916761695
30.00000000000029 0.0029297324770370115 104095.0819777641
30.050000000000292 0.0029912439002207952 106280.61826446309
30.100000000000293 0.003029868481138508 107652.97186619959
30.150000000000293 0.003045242142293234 108199.20689985633
30.200000000000294 0.003037272691153591 107916.04771170481
30.250000000000295 0.0030059901977162627 106804.56270604284
30.300000000000296 0.0029515860029790896 104871.55033870622
30.350000000000296 0.0028744806575942633 102131.95301653887
30.400000000000297 0.0027753388292014567 98609.38676352319
30.450000000000298 0.0026550483957296337 94335.39839375437
30.5000000000003 0.0025146893227992297 89348.3597076181
30.5500000000003 0.002355509057282801 83692.59321083104
30.6000000000003 0.002178908517465819 77417.87433678626
30.6500000000003 0.001986435522396609 70579.19798757292
30.7000000000003 0.0017797796160123403 63236.59463219228
30.750000000000302 0.0015607632596221046 55454.817370409626
30.800000000000303 0.0013313273821900838 47302.8285259945
30.850000000000303 0.0010935125276470916 38853.129799843504
30.900000000000304 0.000849437913651214 30181.018215687065
30.950000000000305 0.0006012802839425243 21363.83473207463
31.000000000000306 0.0003512535254279739 12480.240025663503
31.050000000000306 0.00010158917647923337 3609.521939816947
31.100000000000307 -0.00014548244769761772 -5169.075141879577
31.150000000000308 -0.0003877515219247867 -13777.034858344698
31.20000000000031 -0.0006230484456255684 -22137.270051736778
31.25000000000031 -0.0008492627006100582 -30174.792795439433
31.30000000000031 -0.0010643610272562908 -37817.36020424404
31.35000000000031 -0.0012664054998196362 -44996.11666050114
31.40000000000031 -0.0014535714802653076 -51646.23172412803
31.450000000000312 -0.0016241648829657762 -57707.51355724971
31.500000000000313 -0.0017766381159439943 -63124.97532575023
31.550000000000313 -0.0019096043230582306 -67849.3412323012
31.600000000000314 -0.0020218498487233824 -71837.48939508773
31.650000000000315 -0.0021123450075878963 -75052.83450063108
31.700000000000315 -0.0021802532869405877 -77465.65477060211
31.750000000000316 -0.0022249390224251177 -79053.36468437663
31.800000000000317 -0.0022459734485871558 -79800.72995846029
31.850000000000318 -0.002243208957794082 -79702.50600866716
31.90000000000032 -0.002216625806347482 -78757.99133002329
31.95000000000032 -0.0021663667591021764 -76972.25844003071
32.00000000000032 -0.002092804465854263 -74358.5478005329
32.05000000000032 -0.0019965626857468785 -70939.02193307345
32.100000000000314 -0.00187850097195672 -66744.22125698885
32.15000000000031 -0.0017396836347691516 -61811.961329594706
32.20000000000031 -0.001581350594000114 -56186.29721595167
32.250000000000306 -0.0014048989446692813 -49916.868506617444
32.3000000000003 -0.0012118745827183843 -43058.60177459651
32.3500000000003 -0.001003967913853116 -35671.55810802197
32.4000000000003 -0.0007830074169579155 -27820.704414576434
32.450000000000294 -0.0005509476164088916 -19575.486070843996
32.50000000000029 -0.0003098512528164986 -11009.19343853076
32.55000000000029 -6.18675465809558e-05 -2198.189556072008
32.600000000000286 0.00019079058555034815 6778.899370202875
32.65000000000028 0.00044586866799491663 15841.970524621725
32.70000000000028 0.0007010911049620421 24910.1706783527
32.75000000000028 0.0009541801387204803 33902.569787571745
32.800000000000274 0.0012028745132995865 42738.824125511346
32.85000000000027 0.0014449484925124832 51339.8520037751
32.90000000000027 0.0016782315065900738 59628.531828557585
32.950000000000266 0.0019006280687075224 67530.40974629903
33.00000000000026 0.0021101373569618305 74974.39540262478
33.05000000000026 0.0023048718779345913 81893.42506947722
33.10000000000026 0.002483074768827111 88225.07639994
33.150000000000254 0.0026431355457233715 93912.1279730896
33.20000000000025 0.0027836042948853356 98903.06351888958
33.25000000000025 0.0029032044393380823 103152.52552231189
33.300000000000246 0.0030008441463669475 106621.72053827927
33.35000000000024 0.003075626145663768 109278.76803605506
33.40000000000024 0.0031268558925317555 111098.990442613
33.45000000000024 0.0031540479071474397 112065.13838026459
33.500000000000234 0.0031570016570627315 112170.08681565383
33.55000000000023 0.00313564214689767 111411.17111974511
33.60000000000023 0.0030900639592442163 109791.75186649557
33.650000000000226 0.0030206016197271658 107323.71494398877
33.70000000000022 0.0029278474546064097 104028.10604532612
33.75000000000022 0.002812631474280695 99934.41591793152
33.80000000000022 0.0026759890103017817 95079.4304880284
33.850000000000215 0.002519134265763003 89506.29109071435
33.90000000000021 0.002343445711251732 83263.97557974268
33.95000000000021 0.0021504601025755217 76407.0857738872
34.000000000000206 0.001941868139562309 68995.69321161373
34.0500000000002 0.001719505810855758 61095.03162667458
34.1000000000002 0.0014853402877525131 52774.99574802314
34.1500000000002 0.0012414516131793905 44109.49069862927
34.200000000000195 0.0009900120459029223 35175.69808334986
34.25000000000019 0.0007332644595033399 26053.308492035663
34.30000000000019 0.00047350089626617143 16823.7595069501
34.350000000000186 0.00021304164082099934 7569.492177104041
34.40000000000018 -4.578494396775848e-05 -1626.7654241561477
34.45000000000018 -0.00030066212154652495 -10682.698313003208
34.50000000000018 -0.0005493043798793347 -19517.100930701075
34.550000000000175 -0.0007894777468960993 -28050.59896318027
34.60000000000017 -0.0010190205737881128 -36206.38778349514
34.65000000000017 -0.0012358635891862933 -43910.944988324874
34.700000000000166 -0.0014380488259015383 -51094.70287595715
34.75000000000016 -0.00162374726030829 -57692.675183743755
34.80000000000016 -0.0017912750460690788 -63645.033881681724
34.85000000000016 -0.00193910837944026 -68897.63734528623
34.900000000000155 -0.002065897047977807 -73402.51174890941
34.95000000000015 -0.0021704766076641427 -77118.2837260687
35.00000000000015 -0.0022518790725252376 -80010.56017769799
35.050000000000146 -0.0023093419685447625 -82052.2499629311
35.10000000000014 -0.002342315564044288 -83223.8207986738
35.15000000000014 -0.002350543452562889 -83516.16241571929
35.20000000000014 -0.002333896268479336 -82924.67837905086
35.250000000000135 -0.002292414398687177 -81450.80365825289
35.30000000000013 -0.002226379856026917 -79104.55833194383
35.35000000000013 -0.002136338947338635 -75905.3529967392
35.40000000000013 -0.0020230860209617856 -71881.41130656048
35.450000000000124 -0.0018876318949269328 -67068.648208107
35.50000000000012 -0.0017311749632900639 -61509.64333227596
35.55000000000012 -0.001555083119553041 -55252.99872288166
35.600000000000115 -0.0013608851985688042 -48353.03476261933
35.65000000000011 -0.0011502658733545327 -40869.60885389805
35.70000000000011 -0.0009250588529572376 -32867.87373508833
35.75000000000011 -0.0006872352577849494 -24417.86444934522
35.800000000000104 -0.00043888624691701937 -15593.881082939299
35.8500000000001 -0.00018220127153121225 -6473.716096998707
35.9000000000001 8.055546570494842e-05 2862.1820838721023
35.950000000000095 0.0003470677102266223 12331.51560118324
36.00000000000009 0.0006149880405053937 21850.879216281675
36.05000000000009 0.0008819574745028181 31336.456938936008
36.10000000000009 0.0011456245260848977 40704.6991127163
36.150000000000084 0.0014036643012762572 49873.0009159014
36.20000000000008 0.001653797967004208 58760.394097166514
36.25000000000008 0.0018938127262574254 67288.25670447356
36.300000000000075 0.002121582034728117 75381.03139400906
36.35000000000007 0.002335085296200803 82966.92521868896
36.40000000000007 0.0025324262605486373 89978.56331956235
36.45000000000007 0.0027118496680135114 96353.58030666792
36.500000000000064 0.00287175625333216 102035.15336427471
36.55000000000006 0.003010716628398792 106972.49550987947
36.60000000000006 0.003127483996559735 111121.30734041698
36.650000000000055 0.0032210054525026333 114444.17852383012
36.70000000000005 0.003290431471225923 116910.9249476195
36.75000000000005 0.0033351236954915083 118498.86541152143
36.80000000000005 0.0033546611209653867 119193.04138911603
36.850000000000044 0.003348916544850612 118988.93329177886
36.90000000000004 0.003317893021535325 117886.64964367937
36.95000000000004 0.0032617665829743248 115892.44496153854
37.000000000000036 0.003180958986379211 113021.30452195083
37.05000000000003 0.003076155317048664 109297.56980008053
37.10000000000003 0.0029482836735424418 104754.21667219579
37.15000000000003 0.002798482683360045 99431.70122902557
37.200000000000024 0.002628073776336503 93376.97463354582
37.25000000000002 0.002438543698218148 86642.8618182572
37.30000000000002 0.00223153580620889 79287.75221093191
37.350000000000016 0.002008845500306658 71375.43740736652
37.40000000000001 0.0017724133941563651 62974.868527855404
37.45000000000001 0.0015243114326258342 54159.66296666913
37.50000000000001 0.00126672233105239 45007.37385664623
37.550000000000004 0.0010019160066613124 35598.65266391891
37.6 0.0007322261464125806 26016.416630014704
37.65 0.0004600282690023718 16345.06930213678
37.699999999999996 0.0001877193200288288 6669.77553765371
37.74999999999999 -8.230213091410944e-05 -2924.2421045601377
37.79999999999999 -0.00034765587454762046 -12352.413418199154
37.84999999999999 -0.0006060006761817306 -21531.552986542807
37.899999999999984 -0.0008550551834943573 -30380.60304788464
37.94999999999998 -0.0010926187306271378 -38821.37267703697
37.99999999999998 -0.0013165914767031754 -46779.25331846303
38.049999999999976 -0.0015249930552573585 -54183.88141127544
38.09999999999997 -0.001715979800249375 -60969.75043939801
38.14999999999997 -0.0018878608484322913 -67076.78305799387
38.19999999999997 -0.0020391131293357023 -72450.86369619866
38.249999999999964 -0.0021683950357576044 -77044.32427756886
38.29999999999996 -0.0022745588306619913 -80816.38504429771
38.34999999999996 -0.0023566609238885074 -83733.51969462718
38.399999999999956 -0.0024139698980880225 -85769.7405489604
38.44999999999995 -0.00244597267869556 -86906.8177725529
38.49999999999995 -0.002452447859589269 -87136.88467839993
38.54999999999995 -0.002433312076485629 -86456.97928550321
38.599999999999945 -0.002388661091255536 -84870.50406827957
38.64999999999994 -0.002318835852289175 -82389.57311936533
38.69999999999994 -0.0022244413127294276 -79035.68077228566
38.749999999999936 -0.002106329173855081 -74839.08846392288
38.79999999999993 -0.001965566943476995 -69837.72536151472
38.84999999999993 -0.001803410065211018 -64076.19809967184
38.89999999999993 -0.0016212844080182778 -57605.1686236611
38.949999999999925 -0.0014207776197543256 -50481.046976027596
38.99999999999992 -0.001203633855233068 -42765.80398167038
39.04999999999992 -0.000971746563605734 -34526.71497926381
39.099999999999916 -0.0007271460782394131 -25835.918882495684
39.14999999999991 -0.0004719815203690616 -16769.775206402413
39.19999999999991 -0.00020849858267108122 -7408.074704945028
39.24999999999991 6.0984194093167805e-05 2166.8035335077398
39.299999999999905 0.00033409832941282597 11870.706032529946
39.3499999999999 0.0006084465653546312 21618.456837306378
39.3999999999999 0.0008816227036924085 31324.56233926642
39.449999999999896 0.001151231093840628 40903.90369358536
39.49999999999989 0.0014149062816263024 50272.434951364565
39.54999999999989 0.0016703332150162934 59347.90098075797
39.59999999999989 0.0019152677035668994 68050.56440299745
39.649999999999885 0.0021475566503882017 76303.92444573643
39.69999999999988 0.00236515745481924 84035.4063312718
39.74999999999988 0.0025661562048239594 91177.00766284794
39.799999999999876 0.0027487844955634156 97665.89599821197
39.84999999999987 0.0029114347723766068 103444.95399455792
39.89999999999987 0.0030526742255856556 108463.27309895605
39.94999999999987 0.0031712572695504777 112676.59693635126
39.999999999999865 0.0032661365296084363 116047.71168185573
40.04999999999986 0.0033364722113211264 118546.7789554824
40.09999999999986 0.0033816398031407077 120151.60950231533
40.14999999999986 0.0034012360088733276 120847.87397635127
40.199999999999854 0.003395149818668396 120631.62813367443
40.24999999999985 0.0033634094493120432 119503.87453294444
40.29999999999985 0.0033062242409570976 117472.05115033858
40.349999999999845 0.0032240525480824508 114552.4435844325
40.39999999999984 0.0031176154322379505 110770.6715673112
40.44999999999984 0.002987875004638245 106160.91946445704
40.49999999999984 0.002836002781809046 100764.81193263922
40.549999999999834 0.00266335406866131 94630.5037357881
40.59999999999983 0.0024714526119736244 87812.13447438723
40.64999999999983 0.0022619826568686468 80369.54634750696
40.699999999999825 0.0020367824918186505 72368.05480313438
40.74999999999982 0.001797834425432017 63878.092407625656
40.79999999999982 0.001547249243725422 54974.656603636584
40.84999999999982 0.0012872461568987474 45736.59720748766
40.899999999999814 0.0010201304237168884 36245.82139056487
40.94999999999981 0.0007482704777406106 26586.480961130284
40.99999999999981 0.00047407541319403353 16844.172424229124
41.049999999999805 0.00019997349686703083 7105.173497208276
41.0999999999998 -7.160793784237641e-05 -2544.271266535385
41.1499999999998 -0.0003382624645284754 -12018.660151080867
41.1999999999998 -0.000597625173059648 -21233.96653763265
41.249999999999794 -0.0008473943280657974 -30108.408443050874
41.29999999999979 -0.001085353070801053 -38563.21959953012
41.34999999999979 -0.0013093900765307428 -46523.38342345398
41.399999999999785 -0.0015175187719817112 -53918.3158224711
41.44999999999978 -0.001707895155830457 -60682.49836770051
41.49999999999978 -0.0018788342699332522 -66756.06352602266
41.54999999999978 -0.002028825220730534 -72085.3283792274
41.599999999999774 -0.0021565446136613963 -76623.27195649705
41.64999999999977 -0.002260868318970694 -80329.95328030798
41.69999999999977 -0.0023408815149517197 -83172.86820862639
41.749999999999766 -0.002395886899519113 -85127.24119682224
41.79999999999976 -0.0024254109229268983 -86176.24674973027
41.84999999999976 -0.002429270605321552 -86313.38348778695
41.89999999999976 -0.0024074373664568767 -85537.63593838716
41.949999999999754 -0.002360067355618868 -83854.5521755799
41.99999999999975 -0.0022875588270741144 -81278.28240278937
42.04999999999975 -0.0021905712310788744 -77832.25726736085
42.099999999999746 -0.0020700122646895172 -73548.727768399
42.14999999999974 -0.001927009800849638 -68467.7678810685
42.19999999999974 -0.0017628836396701652 -62636.270863309524
42.24999999999974 -0.0015791253899100073 -56107.234433259924
42.299999999999734 -0.0013773871201801164 -48939.35754000051
42.34999999999973 -0.0011594743866386878 -41196.79263355048
42.39999999999973 -0.0009273380636860432 -32948.85540475244
42.449999999999726 -0.00068306134253657 -24269.56283704657
42.49999999999972 -0.0004288410075184599 -15236.96794261843
42.54999999999972 -0.00016696469205333236 -5932.351654257955
42.59999999999972 0.00010021321010824089 3560.633062313713
42.649999999999714 0.0003702949472657532 13156.792708446828
42.69999999999971 0.0006408614313413555 22770.175691718243
42.74999999999971 0.0009094932584900802 32314.81920031727
42.799999999999706 0.001173791301678569 41705.48086922596
42.8499999999997 0.0014313971836144507 50858.36619518915
42.8999999999997 0.001680013576160458 59691.84978658726
42.9499999999997 0.0019174242285597614 68127.18697781564
42.999999999999694 0.002141513685848838 76089.21443584844
43.04999999999969 0.002350286122458679 83507.01932893472
43.09999999999969 0.002541882958682856 90314.56524985327
43.149999999999686 0.002714599312123678 96451.27674526798
43.19999999999968 0.002866899099112094 101862.57587787302
43.24999999999968 0.002997428618270641 106500.36485820642
43.29999999999968 0.0031050284432738414 110323.44860127532
43.349999999999675 0.003188743145409021 113297.88017474064
43.39999999999967 0.003247829463789114 115397.25109128264
43.44999999999967 0.003281762889926322 116602.92526229481
43.499999999999666 0.003290307998168801 116906.53787879874
43.54999999999966 0.0032733672098089104 116304.62191312182
43.59999999999966 0.003231027525769692 114800.2685581587
43.64999999999966 0.0031636250427796316 112405.4195242117
43.699999999999655 0.003071757917943928 109141.32767767372
43.74999999999965 0.002956265029742929 105037.79885401456
43.79999999999965 0.002818196517699616 100132.1451152022
43.849999999999646 0.002658791206821877 94468.38262713679
43.89999999999964 0.002479463853379629 88096.77849476723
43.94999999999964 0.0022817983717520786 81073.61010807425
43.99999999999964 0.002067541279431614 73460.93223928385
44.049999999999635 0.0018385915166497298 65326.21532831424
44.09999999999963 0.0015969854644548003 56741.81316645179
44.14999999999963 0.0013448771814680643 47784.26069691069
44.199999999999626 0.0010845158257847085 38533.47180197695
44.24999999999962 0.0008182230245537077 29071.93523114851
44.29999999999962 0.0005483719365814833 19483.97068338661
44.34999999999962 0.0002773672574359569 9855.01837694882
44.399999999999615 7.625126535724361e-06 270.92513669705426
44.44999999999961 -0.0002584479551052652 -9182.804670574093
44.49999999999961 -0.0005184768841649625 -18421.7822561434
44.549999999999606 -0.000770138525508503 -27363.465290905886
44.5999999999996 -0.001011182148479446 -35927.88401856864
44.6499999999996 -0.0012394486243492242 -44038.32335208452
44.6999999999996 -0.0014528894273418674 -51621.99799100217
44.749999999999595 -0.0016495855140112882 -58610.72321661263
44.79999999999959 -0.001827765321602553 -64941.55438408943
44.84999999999959 -0.001985821209064308 -70557.37108112767
44.89999999999959 -0.0021223240174926762 -75407.39446890012
44.949999999999584 -0.0022360357471732694 -79447.63770465995
44.99999999999958 -0.00232592048344597 -82641.29414400803
45.04999999999958 -0.002391153660268299 -84959.06648063376
45.099999999999575 -0.002431129668989662 -86379.43709044543
45.14999999999957 -0.002445467714836903 -86888.87611587445
45.19999999999957 -0.0024340484271858174 -86483.14224990399
45.24999999999957 -0.0023969430336824187 -85164.76625181292
45.299999999999564 -0.00233442662097903 -82943.52210876526
45.34999999999956 -0.0022470091914684226 -79837.53049945795
45.39999999999956 -0.0021354423051592494 -75873.49478377968
45.449999999999555 -0.0020007073790486297 -71086.28527278113
45.49999999999955 -0.0018439961016053752 -65518.24334398571
45.54999999999955 -0.0016666916877086265 -59218.5154185652
45.59999999999955 -0.0014703535437340283 -52242.50810302092
45.649999999999544 -0.0012567048683125935 -44651.447637006226
45.69999999999954 -0.0010276211301213018 -36511.97050259144
45.74999999999954 -0.000785116722732025 -27895.649263361454
45.799999999999535 -0.0005313285252387879 -18878.408464035812
45.84999999999953 -0.00026849672408732364 -9539.843219029168
45.89999999999953 1.0562080175603192e-06 37.52767907488509
45.94999999999953 0.00027494741060067715 9769.039825437238
45.999999999999524 0.0005507555370806193 19568.661381702772
46.04999999999952 0.0008260421214931385 29349.752247985933
46.09999999999952 0.001098372518422397 39025.80807068625
46.149999999999515 0.0013653368000216106 48511.20272566518
46.19999999999951 0.001624570678796793 57721.9317168008
46.24999999999951 0.0018737763246761423 66576.35181845051
46.29999999999951 0.0021107428145923607 74995.90766088662
46.349999999999504 0.0023333659038509286 82905.83421839631
46.3999999999995 0.002539666675570404 90235.81943463472
46.4499999999995 0.0027278089254811296 96920.62191453381
46.499999999999496 0.002896115362062833 102900.64652452023
46.54999999999949 0.003043082580657024 108122.47643135134
46.59999999999949 0.0031673945900466643 112539.35370928026
46.64999999999949 0.003267934587423017 116111.59771140845
46.699999999999484 0.00334379482417726 118806.95560694294
46.74999999999948 0.003394284828845021 120600.89454715078
46.79999999999948 0.003418937834063093 121476.83001883207
46.849999999999476 0.0034175877819730026 121428.86189065188
46.89999999999947 0.0033902040476709075 120455.90204214149
46.94999999999947 0.0033369368320186146 118563.28719641316
46.99999999999947 0.003258189788800789 115765.35940487763
47.049999999999464 0.003154637261383677 112086.07847565415
47.09999999999946 0.00302720355660086 107558.28556279634
47.14999999999946 0.0028770300097950502 102222.5329682618
47.199999999999456 0.0027054475187478976 96126.10825662193
47.24999999999945 0.002513960125848841 89322.45092006716
47.29999999999945 0.0023042363460255753 81870.84425478269
47.34999999999945 0.002078102638302283 73836.18340165303
47.399999999999444 0.0018375346512399294 65288.66429171451
47.44999999999944 0.001584643330866744 56303.29005292555
47.49999999999944 0.0013216554357932597 46959.178700983786
47.549999999999436 0.0010508904601595078 37338.743198351156
47.59999999999943 0.000774736788657392 27526.8442284678
47.64999999999943 0.0004956289530421972 17609.982106509287
47.69999999999943 0.00021602628514385438 7675.538308584371
47.749999999999424 -6.160761841056152e-05 -2188.9541584998424
47.79999999999942 -0.00033482556408845983 -11896.545099328885
47.84999999999942 -0.0006012179172036478 -21361.61880592884
47.899999999999416 -0.0008584340448205758 -30500.655936501942
47.94999999999941 -0.0011042034958590405 -39232.98605674311
47.99999999999941 -0.0013363566100376993 -47481.51988747056
48.04999999999941 -0.0015528443313929652 -55173.45329036162
48.099999999999405 -0.001751756252654858 -62240.908395017475
48.1499999999994 -0.0019313369053334628 -68621.51239511561
48.1999999999994 -0.002090000770691775 -74258.9308969189
48.249999999999396 -0.0022263462071848076 -79103.3627692072
48.29999999999939 -0.0023391680884114457 -83111.98917698419
48.34999999999939 -0.0024274694702550274 -86249.38812170066
48.39999999999939 -0.0024904705475105146 -88487.85267537551
48.449999999999385 -0.002527615053379177 -89807.61835832702
48.49999999999938 -0.0025386059124683407 -90198.12991078441
48.54999999999938 -0.002523338349757772 -89655.66461594473
48.599999999999376 -0.002481918771327717 -88184.0031431124
48.64999999999937 -0.002414691988282133 -85795.39682936839
48.69999999999937 -0.0023222486327729437 -82510.83117518252
48.74999999999937 -0.002205415496716059 -78359.68257343017
48.799999999999365 -0.002065238141249983 -73379.10041344239
48.84999999999936 -0.0019029633370650388 -67613.38317579168
48.89999999999936 -0.0017200250777636168 -61113.48147892749
48.949999999999356 -0.0015180334570552524 -53936.602879512284
48.99999999999935 -0.0012987642567969264 -46145.84192949778
49.04999999999935 -0.001064146953162523 -37809.75402841921
49.09999999999935 -0.0008162496668861142 -29001.820696872895
49.149999999999345 -0.0005572607640876896 -19799.795843259406
49.19999999999934 -0.0002894679127466504 -10284.961628226569
49.24999999999934 -1.5235933016357095e-05 -541.3414735905864
49.299999999999336 0.0002630153886922381 9345.088216048109
49.34999999999933 0.0005428329090071106 19287.165844053787
49.39999999999933 0.0008217507563747054 29197.277574171487
49.44999999999933 0.0010973104094167561 38988.07072610682
49.499999999999325 0.0013670812706272687 48573.18477082701
49.54999999999932 0.001628682055826979 57868.01131019478
49.59999999999932 0.0018798025818573807 66790.46820628348
49.64999999999932 0.0021182250937069277 75261.75734645213
49.699999999999314 0.002341844482761507 83207.08300942728
49.74999999999931 0.00254868684928121 90556.31140079185
49.79999999999931 0.0027369264771688936 97244.57377628678
49.849999999999305 0.0029049014685715337 103212.82194820038
49.8999999999993 0.0030511283330826953 108408.34664813307
49.9499999999993 0.003174315162955204 112785.24564989052
49.9999999999993 0.0032733731536622006 116304.83310165195
50.049999999999294 0.0033474264282226805 118935.98858991385
